187.879	-76.97  
188.346	-76.97  
188.813	-76.97  
189.28	-7.13    
189.747	-44.38  
190.214	-142.16 
190.681	-144.49 
191.148	-67.66  
191.614	-83.96  
192.081	-42.05  
192.548	2.18    
193.014	-18.77  
193.481	-35.07  
193.948	6.84    
194.414	37.1    
194.881	65.04   
195.347	48.75   
195.813	88.32   
196.28	25.46    
196.746	90.65   
197.212	169.81  
197.678	176.79  
198.145	148.86  
198.611	248.97  
199.077	216.37  
199.543	269.92  
200.009	272.25  
200.475	235     
200.941	346.75  
201.407	288.54  
201.873	309.5   
202.338	358.39  
202.804	325.8   
203.27	339.76   
203.735	328.12  
204.201	372.36  
204.667	414.26  
205.132	370.03  
205.598	372.36  
206.063	456.17  
206.529	402.62  
206.994	372.36  
207.459	402.62  
207.925	421.25  
208.39	374.69   
208.855	437.55  
209.32	370.03   
209.785	442.2   
210.25	390.98   
210.715	423.58  
211.18	397.97   
211.645	360.72  
212.11	395.64   
212.575	384     
213.04	423.58   
213.504	458.5   
213.969	411.94  
214.434	367.7   
214.899	311.83  
215.363	363.05  
215.828	377.01  
216.292	437.55  
216.757	363.05  
217.221	423.58  
217.685	416.59  
218.15	377.01   
218.614	472.47  
219.078	379.34  
219.542	381.67  
220.007	411.94  
220.471	386.33  
220.935	370.03  
221.399	370.03  
221.863	402.62  
222.327	377.01  
222.791	325.8   
223.254	425.91  
223.718	402.62  
224.182	330.45  
224.646	349.08  
225.109	318.81  
225.573	435.22  
226.037	358.39  
226.5	325.8     
226.964	395.64  
227.427	395.64  
227.89	411.94   
228.354	381.67  
228.817	388.65  
229.28	330.45   
229.744	381.67  
230.207	372.36  
230.67	388.65   
231.133	402.62  
231.596	316.48  
232.059	384     
232.522	360.72  
232.985	328.12  
233.448	353.73  
233.911	393.31  
234.374	335.11  
234.836	407.28  
235.299	367.7   
235.762	360.72  
236.224	451.51  
236.687	370.03  
237.149	370.03  
237.612	377.01  
238.074	453.84  
238.537	400.3   
238.999	370.03  
239.461	402.62  
239.924	349.08  
240.386	365.37  
240.848	342.09  
241.31	370.03   
241.772	404.95  
242.234	344.42  
242.696	390.98  
243.158	435.22  
243.62	388.65   
244.082	390.98  
244.544	435.22  
245.006	495.75  
245.468	374.69  
245.929	402.62  
246.391	407.28  
246.852	388.65  
247.314	404.95  
247.776	377.01  
248.237	395.64  
248.698	356.06  
249.16	370.03   
249.621	316.48  
250.082	325.8   
250.544	381.67  
251.005	418.92  
251.466	397.97  
251.927	384     
252.388	402.62  
252.849	365.37  
253.31	388.65   
253.771	402.62  
254.232	395.64  
254.693	451.51  
255.154	446.86  
255.615	342.09  
256.075	418.92  
256.536	372.36  
256.997	390.98  
257.457	411.94  
257.918	463.16  
258.378	388.65  
258.839	430.56  
259.299	472.47  
259.759	437.55  
260.22	416.59   
260.68	356.06   
261.14	358.39   
261.6	439.87    
262.06	370.03   
262.521	360.72  
262.981	390.98  
263.441	456.17  
263.901	423.58  
264.36	365.37   
264.82	379.34   
265.28	425.91   
265.74	388.65   
266.2	372.36    
266.659	330.45  
267.119	458.5   
267.579	453.84  
268.038	346.75  
268.498	384     
268.957	377.01  
269.416	442.2   
269.876	430.56  
270.335	437.55  
270.794	409.61  
271.254	456.17  
271.713	428.23  
272.172	428.23  
272.631	444.53  
273.09	407.28   
273.549	439.87  
274.008	425.91  
274.467	453.84  
274.926	411.94  
275.385	397.97  
275.843	400.3   
276.302	365.37  
276.761	444.53  
277.22	446.86   
277.678	365.37  
278.137	393.31  
278.595	377.01  
279.054	360.72  
279.512	374.69  
279.97	442.2    
280.429	437.55  
280.887	390.98  
281.345	435.22  
281.803	377.01  
282.262	414.26  
282.72	384      
283.178	393.31  
283.636	407.28  
284.094	404.95  
284.552	321.14  
285.01	423.58   
285.467	432.89  
285.925	393.31  
286.383	377.01  
286.841	432.89  
287.298	321.14  
287.756	432.89  
288.213	428.23  
288.671	418.92  
289.128	400.3   
289.586	442.2   
290.043	395.64  
290.5	384       
290.958	379.34  
291.415	435.22  
291.872	418.92  
292.329	400.3   
292.786	456.17  
293.243	421.25  
293.7	370.03    
294.157	421.25  
294.614	449.19  
295.071	416.59  
295.528	498.08  
295.985	477.12  
296.441	451.51  
296.898	414.26  
297.355	365.37  
297.811	367.7   
298.268	363.05  
298.724	465.48  
299.181	409.61  
299.637	400.3   
300.094	428.23  
300.55	444.53   
301.006	425.91  
301.462	453.84  
301.919	444.53  
302.375	384     
302.831	449.19  
303.287	425.91  
303.743	421.25  
304.199	416.59  
304.655	451.51  
305.11	386.33   
305.566	393.31  
306.022	442.2   
306.478	509.72  
306.933	432.89  
307.389	460.83  
307.845	386.33  
308.3	428.23    
308.756	407.28  
309.211	390.98  
309.666	526.02  
310.122	404.95  
310.577	402.62  
311.032	430.56  
311.487	458.5   
311.943	451.51  
312.398	437.55  
312.853	474.8   
313.308	470.14  
313.763	423.58  
314.218	428.23  
314.672	425.91  
315.127	449.19  
315.582	418.92  
316.037	451.51  
316.492	444.53  
316.946	421.25  
317.401	404.95  
317.855	416.59  
318.31	474.8    
318.764	435.22  
319.219	381.67  
319.673	493.42  
320.127	407.28  
320.582	407.28  
321.036	439.87  
321.49	467.81   
321.944	439.87  
322.398	416.59  
322.852	370.03  
323.306	432.89  
323.76	428.23   
324.214	460.83  
324.668	397.97  
325.122	523.69  
325.575	414.26  
326.029	425.91  
326.483	456.17  
326.936	472.47  
327.39	442.2    
327.843	432.89  
328.297	463.16  
328.75	481.78   
329.204	439.87  
329.657	460.83  
330.11	404.95   
330.564	439.87  
331.017	500.41  
331.47	409.61   
331.923	428.23  
332.376	418.92  
332.829	446.86  
333.282	402.62  
333.735	458.5   
334.188	425.91  
334.641	416.59  
335.093	453.84  
335.546	414.26  
335.999	377.01  
336.451	416.59  
336.904	388.65  
337.356	416.59  
337.809	456.17  
338.261	367.7   
338.714	463.16  
339.166	421.25  
339.618	360.72  
340.07	435.22   
340.523	451.51  
340.975	407.28  
341.427	418.92  
341.879	435.22  
342.331	458.5   
342.783	470.14  
343.235	407.28  
343.687	407.28  
344.138	439.87  
344.59	493.42   
345.042	446.86  
345.494	472.47  
345.945	463.16  
346.397	414.26  
346.848	444.53  
347.3	435.22    
347.751	346.75  
348.203	444.53  
348.654	423.58  
349.105	491.09  
349.556	397.97  
350.008	386.33  
350.459	439.87  
350.91	339.76   
351.361	411.94  
351.812	435.22  
352.263	493.42  
352.714	400.3   
353.165	442.2   
353.615	409.61  
354.066	430.56  
354.517	374.69  
354.968	439.87  
355.418	456.17  
355.869	477.12  
356.319	344.42  
356.77	442.2    
357.22	479.45   
357.671	411.94  
358.121	470.14  
358.571	453.84  
359.021	363.05  
359.472	386.33  
359.922	498.08  
360.372	484.11  
360.822	472.47  
361.272	346.75  
361.722	400.3   
362.172	409.61  
362.622	370.03  
363.071	425.91  
363.521	526.02  
363.971	444.53  
364.42	439.87   
364.87	453.84   
365.32	453.84   
365.769	404.95  
366.219	425.91  
366.668	465.48  
367.117	393.31  
367.567	397.97  
368.016	470.14  
368.465	444.53  
368.914	463.16  
369.363	423.58  
369.812	444.53  
370.261	498.08  
370.71	463.16   
371.159	439.87  
371.608	432.89  
372.057	430.56  
372.506	446.86  
372.955	421.25  
373.403	381.67  
373.852	414.26  
374.301	409.61  
374.749	388.65  
375.198	498.08  
375.646	467.81  
376.094	451.51  
376.543	505.06  
376.991	374.69  
377.439	442.2   
377.887	418.92  
378.336	409.61  
378.784	432.89  
379.232	460.83  
379.68	377.01   
380.128	453.84  
380.576	463.16  
381.023	437.55  
381.471	460.83  
381.919	484.11  
382.367	425.91  
382.814	402.62  
383.262	379.34  
383.71	437.55   
384.157	453.84  
384.605	439.87  
385.052	460.83  
385.499	360.72  
385.947	407.28  
386.394	411.94  
386.841	442.2   
387.288	442.2   
387.735	425.91  
388.182	453.84  
388.63	395.64   
389.076	409.61  
389.523	456.17  
389.97	509.72   
390.417	416.59  
390.864	474.8   
391.311	425.91  
391.757	467.81  
392.204	430.56  
392.651	439.87  
393.097	430.56  
393.544	430.56  
393.99	446.86   
394.436	456.17  
394.883	409.61  
395.329	442.2   
395.775	474.8   
396.221	467.81  
396.668	472.47  
397.114	444.53  
397.56	465.48   
398.006	425.91  
398.452	460.83  
398.897	449.19  
399.343	486.44  
399.789	481.78  
400.235	430.56  
400.681	498.08  
401.126	432.89  
401.572	409.61  
402.017	453.84  
402.463	428.23  
402.908	404.95  
403.354	488.77  
403.799	425.91  
404.244	444.53  
404.689	416.59  
405.135	465.48  
405.58	460.83   
406.025	463.16  
406.47	463.16   
406.915	402.62  
407.36	463.16   
407.805	451.51  
408.25	463.16   
408.694	435.22  
409.139	530.67  
409.584	435.22  
410.029	507.39  
410.473	439.87  
410.918	481.78  
411.362	481.78  
411.807	453.84  
412.251	512.05  
412.695	484.11  
413.14	509.72   
413.584	486.44  
414.028	397.97  
414.472	453.84  
414.916	439.87  
415.36	397.97   
415.804	442.2   
416.248	477.12  
416.692	551.63  
417.136	470.14  
417.58	546.97   
418.024	530.67  
418.467	535.33  
418.911	484.11  
419.355	544.64  
419.798	528.34  
420.242	537.66  
420.685	526.02  
421.128	574.91  
421.572	605.17  
422.015	579.56  
422.458	579.56  
422.902	619.14  
423.345	528.34  
423.788	542.31  
424.231	637.77  
424.674	693.64  
425.117	684.33  
425.56	695.97   
426.003	758.83  
426.445	754.17  
426.888	740.21  
427.331	782.11  
427.773	863.6   
428.216	926.46  
428.659	914.82  
429.101	912.49  
429.543	984.66  
429.986	1026.57 
430.428	1112.71 
430.87	1066.15  
431.313	1231.44 
431.755	1175.57 
432.197	1284.99 
432.639	1266.37 
433.081	1387.43 
433.523	1513.15 
433.965	1671.46 
434.407	1636.54 
434.849	1864.7  
435.291	2046.3  
435.732	2230.22 
436.174	2272.13 
436.616	2437.42 
437.057	2514.25 
437.499	2665.58 
437.94	2816.91  
438.382	2968.24 
438.823	3019.46 
439.264	3089.31 
439.706	3422.23 
440.147	3380.32 
440.588	3620.12 
441.029	3794.73 
441.47	4136.97  
441.911	4497.83 
442.352	4979.76 
442.793	5333.64 
443.234	5810.91 
443.675	6267.23 
444.116	6604.81 
444.556	7033.19 
444.997	7559.35 
445.438	7885.29 
445.878	8164.66 
446.319	8460.34 
446.759	8614    
447.199	9058.67 
447.64	9393.93  
448.08	9910.77  
448.52	10546.36 
448.961	10977.07
449.401	11712.76
449.841	12578.83
450.281	13396.01
450.721	14550.77
451.161	15717.17
451.601	16587.9 
452.041	17952.19
452.48	18950.97 
452.92	19765.82 
453.36	20415.37 
453.799	21018.36
454.239	21537.54
454.679	21700.51
455.118	22601.5 
455.557	22024.12
455.997	22729.55
456.436	22547.95
456.875	22783.1 
457.315	23651.5 
457.754	24024   
458.193	23539.75
458.632	24589.74
459.071	25674.66
459.51	25113.57 
459.949	25560.58
460.388	25998.27
460.827	26880.64
461.265	26533.74
461.704	25765.45
462.143	25118.23
462.581	24261.47
463.02	24100.83 
463.458	22838.97
463.897	22189.42
464.335	21013.71
464.774	19942.76
465.212	19167.49
465.65	18038.33 
466.088	17551.75
466.527	17013.95
466.965	16022.16
467.403	15952.32
467.841	15447.11
468.279	14916.29
468.716	14893.01
469.154	14243.46
469.592	13873.28
470.03	13859.31 
470.467	13519.4 
470.905	13335.48
471.343	12529.94
471.78	12555.55 
472.218	12166.75
472.655	12136.48
473.092	11344.91
473.53	11035.27 
473.967	10746.58
474.404	10350.79
474.841	10243.7 
475.278	9768.76 
475.716	9738.49 
476.153	9524.3  
476.589	9256.57 
477.026	9026.08 
477.463	8802.58 
477.9	8593.04   
478.337	8732.73 
478.773	8406.79 
479.21	8218.21  
479.647	7966.77 
480.083	7959.79 
480.52	7666.44  
480.956	7461.56 
481.392	7403.36 
481.829	7235.73 
482.265	6763.12 
482.701	6579.2  
483.137	6397.6  
483.574	5938.96 
484.01	5990.18  
484.446	5675.88 
484.882	5359.25 
485.317	5240.51 
485.753	4919.23 
486.189	4865.68 
486.625	4646.84 
487.061	4460.58 
487.496	4192.85 
487.932	4106.71 
488.367	3948.39 
488.803	3908.81 
489.238	3880.87 
489.674	3757.48 
490.109	3699.28 
490.544	3559.59 
490.979	3550.28 
491.415	3424.56 
491.85	3357.04  
492.285	3249.95 
492.72	3161.48  
493.155	2896.07 
493.59	2907.71  
494.024	2858.82 
494.459	2893.74 
494.894	2616.69 
495.329	2553.83 
495.763	2332.66 
496.198	2451.39 
496.632	2344.3  
497.067	2218.58 
497.501	2174.34 
497.936	2071.91 
498.37	2030     
498.804	1957.83 
499.238	1992.75 
499.673	1881    
500.107	1787.87 
500.541	1715.7  
500.975	1610.93 
501.409	1650.51 
501.843	1608.6  
502.277	1636.54 
502.71	1536.43  
503.144	1440.98 
503.578	1480.56 
504.011	1333.88 
504.445	1357.16 
504.878	1347.85 
505.312	1264.04 
505.745	1282.66 
506.179	1266.37 
506.612	1250.07 
507.045	1166.26 
507.479	1236.1  
507.912	1087.1  
508.345	1156.94 
508.778	1080.11 
509.211	1056.83 
509.644	1040.54 
510.077	938.1   
510.509	954.39  
510.942	928.79  
511.375	931.11  
511.808	858.94  
512.24	947.41   
512.673	898.52  
513.105	849.63  
513.538	863.6   
513.97	982.33   
514.403	831     
514.835	828.67  
515.267	814.71  
515.699	868.25  
516.131	782.11  
516.564	754.17  
516.996	775.13  
517.428	828.67  
517.859	758.83  
518.291	784.44  
518.723	826.35  
519.155	698.3   
519.587	709.94  
520.018	693.64  
520.45	740.21   
520.881	682     
521.313	765.81  
521.744	647.08  
522.176	651.74  
522.607	637.77  
523.038	656.39  
523.47	693.64   
523.901	609.83  
524.332	663.38  
524.763	684.33  
525.194	628.45  
525.625	619.14  
526.056	577.23  
526.487	619.14  
526.917	619.14  
527.348	633.11  
527.779	581.89  
528.21	551.63   
528.64	530.67   
529.071	619.14  
529.501	537.66  
529.932	577.23  
530.362	591.2   
530.792	644.75  
531.222	572.58  
531.653	574.91  
532.083	551.63  
532.513	553.95  
532.943	577.23  
533.373	498.08  
533.803	533     
534.233	563.27  
534.663	488.77  
535.092	551.63  
535.522	558.61  
535.952	563.27  
536.381	544.64  
536.811	591.2   
537.24	442.2    
537.67	477.12   
538.099	535.33  
538.529	581.89  
538.958	577.23  
539.387	442.2   
539.816	535.33  
540.245	521.36  
540.674	577.23  
541.103	509.72  
541.532	535.33  
541.961	488.77  
542.39	495.75   
542.819	486.44  
543.248	523.69  
543.676	465.48  
544.105	526.02  
544.534	479.45  
544.962	484.11  
545.391	544.64  
545.819	505.06  
546.247	512.05  
546.676	498.08  
547.104	533     
547.532	544.64  
547.96	526.02   
548.388	397.97  
548.816	535.33  
549.244	479.45  
549.672	479.45  
550.1	549.3     
550.528	537.66  
550.956	512.05  
551.383	474.8   
551.811	493.42  
552.238	467.81  
552.666	467.81  
553.094	565.59  
553.521	486.44  
553.948	449.19  
554.376	553.95  
554.803	507.39  
555.23	533      
555.657	535.33  
556.084	451.51  
556.511	488.77  
556.938	456.17  
557.365	460.83  
557.792	446.86  
558.219	516.7   
558.646	526.02  
559.072	453.84  
559.499	539.98  
559.926	472.47  
560.352	474.8   
560.779	516.7   
561.205	421.25  
561.632	556.28  
562.058	453.84  
562.484	523.69  
562.91	498.08   
563.337	526.02  
563.763	472.47  
564.189	505.06  
564.615	451.51  
565.041	479.45  
565.466	460.83  
565.892	560.94  
566.318	493.42  
566.744	432.89  
567.169	456.17  
567.595	474.8   
568.021	516.7   
568.446	495.75  
568.872	493.42  
569.297	509.72  
569.722	514.37  
570.148	446.86  
570.573	484.11  
570.998	495.75  
571.423	463.16  
571.848	423.58  
572.273	397.97  
572.698	435.22  
573.123	484.11  
573.548	458.5   
573.973	404.95  
574.397	453.84  
574.822	467.81  
575.247	467.81  
575.671	558.61  
576.096	470.14  
576.52	407.28   
576.944	479.45  
577.369	516.7   
577.793	519.03  
578.217	470.14  
578.641	472.47  
579.065	423.58  
579.49	395.64   
579.914	458.5   
580.337	451.51  
580.761	495.75  
581.185	446.86  
581.609	437.55  
582.033	470.14  
582.456	474.8   
582.88	465.48   
583.303	416.59  
583.727	467.81  
584.15	479.45   
584.574	458.5   
584.997	411.94  
585.42	505.06   
585.844	418.92  
586.267	418.92  
586.69	451.51   
587.113	460.83  
587.536	432.89  
587.959	509.72  
588.382	481.78  
588.804	442.2   
589.227	502.73  
589.65	460.83   
590.073	449.19  
590.495	407.28  
590.918	521.36  
591.34	411.94   
591.763	395.64  
592.185	479.45  
592.607	407.28  
593.03	444.53   
593.452	390.98  
593.874	446.86  
594.296	488.77  
594.718	421.25  
595.14	397.97   
595.562	500.41  
595.984	421.25  
596.406	446.86  
596.827	437.55  
597.249	407.28  
597.671	435.22  
598.092	423.58  
598.514	477.12  
598.935	370.03  
599.357	365.37  
599.778	421.25  
600.199	484.11  
600.621	470.14  
601.042	425.91  
601.463	465.48  
601.884	372.36  
602.305	463.16  
602.726	446.86  
603.147	467.81  
603.568	472.47  
603.988	491.09  
604.409	449.19  
604.83	444.53   
605.25	423.58   
605.671	458.5   
606.092	411.94  
606.512	428.23  
606.932	430.56  
607.353	409.61  
607.773	465.48  
608.193	451.51  
608.613	439.87  
609.034	460.83  
609.454	458.5   
609.874	458.5   
610.293	390.98  
610.713	367.7   
611.133	437.55  
611.553	451.51  
611.973	386.33  
612.392	435.22  
612.812	479.45  
613.231	467.81  
613.651	451.51  
614.07	442.2    
614.49	444.53   
614.909	414.26  
615.328	437.55  
615.747	446.86  
616.167	414.26  
616.586	379.34  
617.005	404.95  
617.424	458.5   
617.843	453.84  
618.261	446.86  
618.68	421.25   
619.099	404.95  
619.518	428.23  
619.936	449.19  
620.355	379.34  
620.773	390.98  
621.192	451.51  
621.61	384      
622.029	451.51  
622.447	430.56  
622.865	481.78  
623.283	442.2   
623.701	428.23  
624.119	404.95  
624.537	456.17  
624.955	449.19  
625.373	432.89  
625.791	486.44  
626.209	484.11  
626.627	439.87  
627.044	470.14  
627.462	428.23  
627.879	451.51  
628.297	435.22  
628.714	432.89  
629.132	451.51  
629.549	388.65  
629.966	432.89  
630.383	439.87  
630.8	446.86    
631.217	456.17  
631.634	439.87  
632.051	363.05  
632.468	367.7   
632.885	472.47  
633.302	425.91  
633.719	465.48  
634.135	509.72  
634.552	516.7   
634.969	388.65  
635.385	463.16  
635.801	449.19  
636.218	430.56  
636.634	488.77  
637.05	402.62   
637.467	472.47  
637.883	353.73  
638.299	460.83  
638.715	377.01  
639.131	470.14  
639.547	393.31  
639.963	384     
640.378	456.17  
640.794	479.45  
641.21	386.33   
641.626	409.61  
642.041	456.17  
642.457	439.87  
642.872	465.48  
643.287	404.95  
643.703	388.65  
644.118	430.56  
644.533	460.83  
644.948	374.69  
645.364	446.86  
645.779	388.65  
646.194	414.26  
646.609	390.98  
647.023	428.23  
647.438	477.12  
647.853	416.59  
648.268	428.23  
648.682	439.87  
649.097	458.5   
649.511	474.8   
649.926	467.81  
650.34	449.19   
650.755	423.58  
651.169	437.55  
651.583	458.5   
651.997	404.95  
652.411	363.05  
652.825	437.55  
653.239	397.97  
653.653	414.26  
654.067	437.55  
654.481	463.16  
654.895	416.59  
655.309	393.31  
655.722	395.64  
656.136	477.12  
656.549	402.62  
656.963	430.56  
657.376	470.14  
657.79	451.51   
658.203	428.23  
658.616	321.14  
659.029	386.33  
659.442	460.83  
659.855	390.98  
660.268	407.28  
660.681	386.33  
661.094	423.58  
661.507	442.2   
661.92	463.16   
662.333	435.22  
662.745	484.11  
663.158	442.2   
663.57	414.26   
663.983	463.16  
664.395	416.59  
664.808	435.22  
665.22	428.23   
665.632	367.7   
666.044	430.56  
666.456	421.25  
666.868	402.62  
667.28	397.97   
667.692	395.64  
668.104	451.51  
668.516	400.3   
668.928	437.55  
669.34	463.16   
669.751	377.01  
670.163	418.92  
670.574	388.65  
670.986	463.16  
671.397	407.28  
671.809	409.61  
672.22	425.91   
672.631	342.09  
673.042	402.62  
673.453	425.91  
673.864	444.53  
674.275	430.56  
674.686	397.97  
675.097	428.23  
675.508	379.34  
675.919	421.25  
676.33	316.48   
676.74	402.62   
677.151	384     
677.561	374.69  
677.972	437.55  
678.382	416.59  
678.792	400.3   
679.203	358.39  
679.613	516.7   
680.023	351.4   
680.433	495.75  
680.843	421.25  
681.253	451.51  
681.663	451.51  
682.073	379.34  
682.483	442.2   
682.893	367.7   
683.302	358.39  
683.712	423.58  
684.122	402.62  
684.531	418.92  
684.94	390.98   
685.35	414.26   
685.759	493.42  
686.168	414.26  
686.578	379.34  
686.987	407.28  
687.396	484.11  
687.805	444.53  
688.214	474.8   
688.623	444.53  
689.032	421.25  
689.44	449.19   
689.849	421.25  
690.258	416.59  
690.666	458.5   
691.075	428.23  
691.484	377.01  
691.892	321.14  
692.3	425.91    
692.709	470.14  
693.117	467.81  
693.525	446.86  
693.933	418.92  
694.341	430.56  
694.749	339.76  
695.157	381.67  
695.565	435.22  
695.973	402.62  
696.381	474.8   
696.788	395.64  
697.196	421.25  
697.604	402.62  
698.011	437.55  
698.419	425.91  
698.826	446.86  
699.234	437.55  
699.641	377.01  
700.048	481.78  
700.455	435.22  
700.862	411.94  
701.269	495.75  
701.676	432.89  
702.083	430.56  
702.49	411.94   
702.897	428.23  
703.304	377.01  
703.71	409.61   
704.117	414.26  
704.524	474.8   
704.93	439.87   
705.337	395.64  
705.743	379.34  
706.149	442.2   
706.556	370.03  
706.962	456.17  
707.368	437.55  
707.774	491.09  
708.18	377.01   
708.586	388.65  
708.992	486.44  
709.398	486.44  
709.804	411.94  
710.209	409.61  
710.615	481.78  
711.021	377.01  
711.426	404.95  
711.832	428.23  
712.237	365.37  
712.642	379.34  
713.048	502.73  
713.453	446.86  
713.858	379.34  
714.263	423.58  
714.668	495.75  
715.073	365.37  
715.478	435.22  
715.883	421.25  
716.288	465.48  
716.693	349.08  
717.097	456.17  
717.502	439.87  
717.906	428.23  
718.311	393.31  
718.715	437.55  
719.12	407.28   
719.524	446.86  
719.928	458.5   
720.333	474.8   
720.737	393.31  
721.141	430.56  
721.545	360.72  
721.949	451.51  
722.353	425.91  
722.757	432.89  
723.16	465.48   
723.564	453.84  
723.968	484.11  
724.371	444.53  
724.775	321.14  
725.178	481.78  
725.582	453.84  
725.985	397.97  
726.388	388.65  
726.792	390.98  
727.195	407.28  
727.598	435.22  
728.001	421.25  
728.404	435.22  
728.807	379.34  
729.21	505.06   
729.612	425.91  
730.015	404.95  
730.418	411.94  
730.82	411.94   
731.223	484.11  
731.625	453.84  
732.028	437.55  
732.43	442.2    
732.833	465.48  
733.235	467.81  
733.637	425.91  
734.039	477.12  
734.441	414.26  
734.843	388.65  
735.245	442.2   
735.647	430.56  
736.049	423.58  
736.451	414.26  
736.852	435.22  
737.254	395.64  
737.655	349.08  
738.057	460.83  
738.458	377.01  
738.86	425.91   
739.261	423.58  
739.662	390.98  
740.064	353.73  
740.465	437.55  
740.866	425.91  
741.267	353.73  
741.668	486.44  
742.069	425.91  
742.469	342.09  
742.87	444.53   
743.271	393.31  
743.672	442.2   
744.072	411.94  
744.473	402.62  
744.873	370.03  
745.274	451.51  
745.674	437.55  
746.074	377.01  
746.474	451.51  
746.875	425.91  
747.275	386.33  
747.675	491.09  
748.075	470.14  
748.474	409.61  
748.874	402.62  
749.274	437.55  
749.674	365.37  
750.073	460.83  
750.473	397.97  
750.873	507.39  
751.272	439.87  
751.671	437.55  
752.071	428.23  
752.47	407.28   
752.869	418.92  
753.268	404.95  
753.668	425.91  
754.067	411.94  
754.466	342.09  
754.864	379.34  
755.263	470.14  
755.662	393.31  
756.061	423.58  
756.459	407.28  
756.858	472.47  
757.257	400.3   
757.655	428.23  
758.053	418.92  
758.452	397.97  
758.85	477.12   
759.248	402.62  
759.646	393.31  
760.045	421.25  
760.443	393.31  
760.841	446.86  
761.238	418.92  
761.636	414.26  
762.034	456.17  
762.432	404.95  
762.829	360.72  
763.227	407.28  
763.625	395.64  
764.022	449.19  
764.419	428.23  
764.817	397.97  
765.214	379.34  
765.611	409.61  
766.008	390.98  
766.406	374.69  
766.803	495.75  
767.199	402.62  
767.596	397.97  
767.993	481.78  
768.39	428.23   
768.787	367.7   
769.183	330.45  
769.58	453.84   
769.977	407.28  
770.373	384     
770.769	488.77  
771.166	316.48  
771.562	416.59  
771.958	430.56  
772.354	367.7   
772.75	381.67   
773.146	328.12  
773.542	435.22  
773.938	446.86  
774.334	367.7   
774.73	439.87   
775.126	484.11  
775.521	463.16  
775.917	435.22  
776.312	381.67  
776.708	465.48  
777.103	370.03  
777.499	360.72  
777.894	425.91  
778.289	421.25  
778.684	397.97  
779.079	384     
779.474	435.22  
779.869	309.5   
780.264	409.61  
780.659	439.87  
781.054	400.3   
781.448	393.31  
781.843	423.58  
782.238	388.65  
782.632	367.7   
783.027	439.87  
783.421	428.23  
783.815	414.26  
784.21	444.53   
784.604	381.67  
784.998	321.14  
785.392	300.19  
785.786	367.7   
786.18	393.31   
786.574	458.5   
786.968	446.86  
787.361	377.01  
787.755	316.48  
788.149	418.92  
788.542	437.55  
788.936	444.53  
789.329	409.61  
789.722	453.84  
790.116	332.78  
790.509	374.69  
790.902	439.87  
791.295	421.25  
791.688	374.69  
792.081	402.62  
792.474	432.89  
792.867	390.98  
793.26	442.2    
793.653	488.77  
794.045	381.67  
794.438	400.3   
794.83	439.87   
795.223	404.95  
795.615	437.55  
796.008	439.87  
796.4	388.65    
796.792	349.08  
797.184	372.36  
797.576	384     
797.968	423.58  
798.36	365.37   
798.752	470.14  
799.144	416.59  
799.536	465.48  
799.928	381.67  
800.319	442.2   
800.711	349.08  
801.102	393.31  
801.494	388.65  
801.885	458.5   
802.276	460.83  
802.668	377.01  
803.059	390.98  
803.45	374.69   
803.841	409.61  
804.232	479.45  
804.623	404.95  
805.014	416.59  
805.405	437.55  
805.795	388.65  
806.186	465.48  
806.577	414.26  
806.967	416.59  
807.358	421.25  
807.748	444.53  
808.139	444.53  
808.529	409.61  
808.919	435.22  
809.309	456.17  
809.699	463.16  
810.089	472.47  
810.479	495.75  
810.869	467.81  
811.259	388.65  
811.649	453.84  
812.039	356.06  
812.428	484.11  
812.818	484.11  
813.207	421.25  
813.597	402.62  
813.986	465.48  
814.376	481.78  
814.765	439.87  
815.154	363.05  
815.543	377.01  
815.932	463.16  
816.321	435.22  
816.71	442.2    
817.099	416.59  
817.488	432.89  
817.877	449.19  
818.265	402.62  
818.654	358.39  
819.043	416.59  
819.431	437.55  
819.819	432.89  
820.208	363.05  
820.596	404.95  
820.984	402.62  
821.372	356.06  
821.761	339.76  
822.149	407.28  
822.537	367.7   
822.924	400.3   
823.312	460.83  
823.7	367.7     
824.088	370.03  
824.475	428.23  
824.863	365.37  
825.251	414.26  
825.638	423.58  
826.025	463.16  
826.413	374.69  
826.8	474.8     
827.187	395.64  
827.574	335.11  
827.961	397.97  
828.348	404.95  
828.735	384     
829.122	418.92  
829.509	439.87  
829.896	388.65  
830.282	432.89  
830.669	381.67  
831.055	309.5   
831.442	418.92  
831.828	453.84  
832.215	442.2   
832.601	458.5   
832.987	437.55  
833.373	430.56  
833.759	425.91  
834.145	409.61  
834.531	437.55  
834.917	439.87  
835.303	437.55  
835.689	425.91  
836.074	360.72  
836.46	384      
836.846	386.33  
837.231	379.34  
837.617	449.19  
838.002	393.31  
838.387	418.92  
838.772	437.55  
839.158	388.65  
839.543	390.98  
839.928	372.36  
840.313	430.56  
840.698	430.56  
841.082	435.22  
841.467	411.94  
841.852	421.25  
842.237	428.23  
842.621	404.95  
843.006	397.97  
843.39	437.55   
843.774	432.89  
844.159	458.5   
844.543	418.92  
844.927	416.59  
845.311	435.22  
845.695	442.2   
846.079	451.51  
846.463	439.87  
846.847	449.19  
847.231	407.28  
847.615	446.86  
847.998	423.58  
848.382	404.95  
848.765	418.92  
849.149	416.59  
849.532	365.37  
849.916	432.89  
850.299	367.7   
850.682	421.25  
851.065	393.31  
851.448	418.92  
851.831	367.7   
852.214	423.58  
852.597	418.92  
852.98	414.26   
853.363	351.4   
853.745	418.92  
854.128	409.61  
854.51	370.03   
854.893	409.61  
855.275	449.19  
855.658	397.97  
856.04	435.22   
856.422	430.56  
856.804	351.4   
857.186	367.7   
857.568	397.97  
857.95	402.62   
858.332	502.73  
858.714	388.65  
859.096	460.83  
859.477	402.62  
859.859	465.48  
860.24	421.25   
860.622	411.94  
861.003	330.45  
861.385	423.58  
861.766	360.72  
862.147	404.95  
862.528	372.36  
862.909	432.89  
863.29	470.14   
863.671	453.84  
864.052	377.01  
864.433	486.44  
864.814	479.45  
865.194	423.58  
865.575	416.59  
865.955	381.67  
866.336	390.98  
866.716	428.23  
867.097	367.7   
867.477	337.44  
867.857	425.91  
868.237	430.56  
868.617	374.69  
868.997	395.64  
869.377	390.98  
869.757	421.25  
870.137	400.3   
870.517	414.26  
870.896	456.17  
871.276	388.65  
871.655	367.7   
872.035	449.19  
872.414	404.95  
872.794	402.62  
873.173	407.28  
873.552	404.95  
873.931	409.61  
874.31	353.73   
874.689	418.92  
875.068	384     
875.447	363.05  
875.826	379.34  
876.205	458.5   
876.583	356.06  
876.962	423.58  
877.341	304.84  
877.719	379.34  
878.097	451.51  
878.476	446.86  
878.854	418.92  
879.232	370.03  
879.61	411.94   
879.988	377.01  
880.366	388.65  
880.744	453.84  
881.122	411.94  
881.5	400.3     
881.878	423.58  
882.255	388.65  
882.633	384     
883.011	428.23  
883.388	370.03  
883.765	404.95  
884.143	402.62  
884.52	451.51   
884.897	463.16  
885.274	416.59  
885.651	418.92  
886.028	363.05  
886.405	404.95  
886.782	411.94  
887.159	430.56  
887.536	407.28  
887.912	370.03  
888.289	381.67  
888.665	423.58  
889.042	400.3   
889.418	384     
889.794	384     
890.171	370.03  
890.547	400.3   
890.923	379.34  
891.299	446.86  
891.675	442.2   
892.051	393.31  
892.427	463.16  
892.803	435.22  
893.178	481.78  
893.554	418.92  
893.929	474.8   
894.305	486.44  
894.68	453.84   
895.056	416.59  
895.431	481.78  
895.806	388.65  
896.181	418.92  
896.557	370.03  
896.932	388.65  
897.307	486.44  
897.681	463.16  
898.056	393.31  
898.431	449.19  
898.806	453.84  
899.18	437.55   
899.555	467.81  
899.929	493.42  
900.304	418.92  
900.678	328.12  
901.052	435.22  
901.427	372.36  
901.801	356.06  
902.175	411.94  
902.549	465.48  
902.923	458.5   
903.297	439.87  
903.67	418.92   
904.044	432.89  
904.418	393.31  
904.791	414.26  
905.165	395.64  
905.538	416.59  
905.912	395.64  
906.285	418.92  
906.658	414.26  
907.032	451.51  
907.405	435.22  
907.778	349.08  
908.151	384     
908.524	377.01  
908.896	460.83  
909.269	346.75  
909.642	358.39  
910.015	395.64  
910.387	437.55  
910.76	404.95   
911.132	423.58  
911.504	367.7   
911.877	423.58  
912.249	365.37  
912.621	404.95  
912.993	381.67  
913.365	423.58  
913.737	400.3   
914.109	302.51  
914.481	353.73  
914.853	407.28  
915.224	404.95  
915.596	430.56  
915.968	442.2   
916.339	411.94  
916.71	388.65   
917.082	432.89  
917.453	414.26  
917.824	386.33  
918.195	349.08  
918.566	416.59  
918.937	442.2   
919.308	414.26  
919.679	372.36  
920.05	339.76   
920.421	439.87  
920.791	451.51  
921.162	390.98  
921.532	384     
921.903	363.05  
922.273	465.48  
922.644	363.05  
923.014	365.37  
923.384	442.2   
923.754	351.4   
924.124	360.72  
924.494	402.62  
924.864	409.61  
925.234	432.89  
925.604	458.5   
925.973	276.9   
926.343	349.08  
926.712	379.34  
927.082	377.01  
927.451	451.51  
927.821	421.25  
928.19	414.26   
928.559	365.37  
928.928	372.36  
929.297	409.61  
929.666	395.64  
930.035	465.48  
930.404	432.89  
930.773	416.59  
931.142	397.97  
931.51	428.23   
931.879	449.19  
932.247	372.36  
932.616	402.62  
932.984	393.31  
933.353	397.97  
933.721	451.51  
934.089	421.25  
934.457	395.64  
934.825	381.67  
935.193	370.03  
935.561	395.64  
935.929	465.48  
936.296	460.83  
936.664	411.94  
937.032	416.59  
937.399	372.36  
937.767	411.94  
938.134	395.64  
938.501	465.48  
938.869	370.03  
939.236	411.94  
939.603	372.36  
939.97	456.17   
940.337	411.94  
940.704	407.28  
941.071	423.58  
941.438	458.5   
941.804	337.44  
942.171	404.95  
942.538	388.65  
942.904	428.23  
943.27	381.67   
943.637	404.95  
944.003	404.95  
944.369	435.22  
944.735	402.62  
945.102	458.5   
945.468	437.55  
945.833	414.26  
946.199	388.65  
946.565	386.33  
946.931	428.23  
947.296	374.69  
947.662	386.33  
948.028	365.37  
948.393	442.2   
948.758	374.69  
949.124	400.3   
949.489	414.26  
949.854	456.17  
950.219	377.01  
950.584	418.92  
950.949	379.34  
951.314	381.67  
951.679	435.22  
952.044	390.98  
952.408	384     
952.773	393.31  
953.137	402.62  
953.502	439.87  
953.866	449.19  
954.231	437.55  
954.595	381.67  
954.959	307.17  
955.323	363.05  
955.687	349.08  
956.051	444.53  
956.415	393.31  
956.779	318.81  
957.143	416.59  
957.506	442.2   
957.87	425.91   
958.234	409.61  
958.597	428.23  
958.961	411.94  
959.324	428.23  
959.687	486.44  
960.05	337.44   
960.413	370.03  
960.776	428.23  
961.139	407.28  
961.502	460.83  
961.865	423.58  
962.228	397.97  
962.591	463.16  
962.953	388.65  
963.316	358.39  
963.678	372.36  
964.041	384     
964.403	463.16  
964.765	384     
965.128	414.26  
965.49	393.31   
965.852	400.3   
966.214	449.19  
966.576	428.23  
966.938	474.8   
967.299	442.2   
967.661	379.34  
968.023	451.51  
968.384	393.31  
968.746	360.72  
969.107	465.48  
969.469	397.97  
969.83	390.98   
970.191	367.7   
970.552	397.97  
970.913	379.34  
971.274	351.4   
971.635	402.62  
971.996	456.17  
972.357	425.91  
972.718	416.59  
973.078	384     
973.439	400.3   
973.8	416.59    
974.16	430.56   
974.52	397.97   
974.881	451.51  
975.241	411.94  
975.601	430.56  
975.961	418.92  
976.321	384     
976.681	377.01  
977.041	465.48  
977.401	381.67  
977.76	402.62   
978.12	400.3    
978.48	377.01   
978.839	402.62  
979.199	323.47  
979.558	418.92  
979.917	421.25  
980.277	414.26  
980.636	372.36  
980.995	463.16  
981.354	337.44  
981.713	367.7   
982.072	339.76  
982.43	458.5    
982.789	388.65  
983.148	377.01  
983.506	400.3   
983.865	390.98  
984.223	460.83  
984.582	384     
984.94	414.26   
985.298	397.97  
985.656	393.31  
986.015	395.64  
986.373	390.98  
986.731	367.7   
987.088	430.56  
987.446	409.61  
987.804	460.83  
988.162	481.78  
988.519	451.51  
988.877	381.67  
989.234	411.94  
989.591	512.05  
989.949	360.72  
990.306	442.2   
990.663	388.65  
991.02	367.7    
991.377	360.72  
991.734	384     
992.091	395.64  
992.448	360.72  
992.805	409.61  
993.161	435.22  
993.518	386.33  
993.874	377.01  
994.231	402.62  
994.587	365.37  
994.943	402.62  
995.3	386.33    
995.656	395.64  
996.012	400.3   
996.368	400.3   
996.724	400.3   
997.08	409.61   
997.435	437.55  
997.791	467.81  
998.147	374.69  
998.502	411.94  
998.858	425.91  
999.213	379.34  
999.569	409.61  
999.924	423.58  
1000.279	404.95 
1000.634	416.59 
1000.989	379.34 
1001.344	397.97 
1001.699	465.48 
1002.054	390.98 
1002.409	411.94 
1002.764	402.62 
1003.118	393.31 
1003.473	384    
1003.827	379.34 
1004.182	456.17 
1004.536	409.61 
1004.89	451.51  
1005.245	451.51 
1005.599	416.59 
1005.953	453.84 
1006.307	388.65 
1006.661	390.98 
1007.015	465.48 
1007.368	435.22 
1007.722	435.22 
1008.076	397.97 
1008.429	374.69 
1008.783	407.28 
1009.136	397.97 
1009.489	318.81 
1009.843	430.56 
1010.196	418.92 
1010.549	444.53 
1010.902	407.28 
1011.255	460.83 
1011.608	446.86 
1011.961	425.91 
1012.313	416.59 
1012.666	351.4  
1013.019	353.73 
1013.371	449.19 
1013.724	360.72 
1014.076	407.28 
1014.428	328.12 
1014.781	337.44 
1015.133	386.33 
1015.485	402.62 
1015.837	393.31 
1016.189	372.36 
1016.541	293.2  
1016.893	451.51 
1017.244	386.33 
1017.596	344.42 
1017.947	346.75 
1018.299	446.86 
1018.65	325.8   
1019.002	428.23 
1019.353	458.5  
1019.704	423.58 
1020.055	435.22 
1020.407	402.62 
1020.758	384    
1021.108	418.92 
1021.459	358.39 
1021.81	421.25  
1022.161	451.51 
1022.511	418.92 
1022.862	435.22 
1023.213	432.89 
1023.563	414.26 
1023.913	400.3  
1024.264	411.94 
1024.614	402.62 
1024.964	484.11 
1025.314	400.3  
1025.664	495.75 
1026.014	353.73 
1026.364	414.26 
1026.713	425.91 
1027.063	388.65 
1027.413	344.42 
1027.762	346.75 
1028.112	349.08 
1028.461	374.69 
1028.81	374.69  
1029.16	439.87  
1029.509	414.26 
1029.858	400.3  
1030.207	474.8  
1030.556	446.86 
1030.905	377.01 
1031.254	446.86 
1031.602	374.69 
1031.951	439.87 
1032.3	365.37   
1032.648	442.2  
1032.996	442.2  
1033.345	442.2  