187.879	-16.15  
188.346	-16.15  
188.813	-16.15  
189.28	-97.64   
189.747	-86     
190.214	-53.4   
190.681	-2.18   
191.148	-113.93 
191.614	-146.53 
192.081	-46.42  
192.548	-67.37  
193.014	4.8     
193.481	-74.36  
193.948	-2.18   
194.414	4.8     
194.881	23.43   
195.347	-2.18   
195.813	74.65   
196.28	97.93    
196.746	142.16  
197.212	160.79  
197.678	130.52  
198.145	167.77  
198.611	151.48  
199.077	184.07  
199.543	221.32  
200.009	256.24  
200.475	279.52  
200.941	272.54  
201.407	251.59  
201.873	316.77  
202.338	305.13  
202.804	298.15  
203.27	333.07   
203.735	326.09  
204.201	381.96  
204.667	372.65  
205.132	358.68  
205.598	419.21  
206.063	340.05  
206.529	419.21  
206.994	405.24  
207.459	374.98  
207.925	349.37  
208.39	365.66   
208.855	419.21  
209.32	388.95   
209.785	435.51  
210.25	416.88   
210.715	388.95  
211.18	358.68   
211.645	433.18  
212.11	428.52   
212.575	377.31  
213.04	372.65   
213.504	342.38  
213.969	379.63  
214.434	354.02  
214.899	379.63  
215.363	386.62  
215.828	400.59  
216.292	312.12  
216.757	386.62  
217.221	395.93  
217.685	556.57  
218.15	367.99   
218.614	333.07  
219.078	337.73  
219.542	347.04  
220.007	349.37  
220.471	333.07  
220.935	326.09  
221.399	347.04  
221.863	384.29  
222.327	333.07  
222.791	372.65  
223.254	312.12  
223.718	342.38  
224.182	347.04  
224.646	344.71  
225.109	279.52  
225.573	328.41  
226.037	316.77  
226.5	337.73    
226.964	307.46  
227.427	349.37  
227.89	337.73   
228.354	372.65  
228.817	356.35  
229.28	405.24   
229.744	295.82  
230.207	319.1   
230.67	395.93   
231.133	347.04  
231.596	388.95  
232.059	395.93  
232.522	342.38  
232.985	300.48  
233.448	342.38  
233.911	419.21  
234.374	319.1   
234.836	340.05  
235.299	314.45  
235.762	381.96  
236.224	391.27  
236.687	347.04  
237.149	347.04  
237.612	358.68  
238.074	391.27  
238.537	409.9   
238.999	323.76  
239.461	379.63  
239.924	314.45  
240.386	326.09  
240.848	400.59  
241.31	386.62   
241.772	367.99  
242.234	326.09  
242.696	386.62  
243.158	367.99  
243.62	384.29   
244.082	379.63  
244.544	400.59  
245.006	384.29  
245.468	286.51  
245.929	393.6   
246.391	405.24  
246.852	256.24  
247.314	328.41  
247.776	321.43  
248.237	272.54  
248.698	393.6   
249.16	347.04   
249.621	351.7   
250.082	333.07  
250.544	379.63  
251.005	323.76  
251.466	347.04  
251.927	358.68  
252.388	419.21  
252.849	400.59  
253.31	344.71   
253.771	347.04  
254.232	365.66  
254.693	386.62  
255.154	409.9   
255.615	372.65  
256.075	365.66  
256.536	379.63  
256.997	319.1   
257.457	344.71  
257.918	372.65  
258.378	379.63  
258.839	363.34  
259.299	407.57  
259.759	377.31  
260.22	433.18   
260.68	330.74   
261.14	344.71   
261.6	349.37    
262.06	384.29   
262.521	407.57  
262.981	402.91  
263.441	377.31  
263.901	300.48  
264.36	384.29   
264.82	377.31   
265.28	430.85   
265.74	402.91   
266.2	388.95    
266.659	407.57  
267.119	384.29  
267.579	402.91  
268.038	361.01  
268.498	405.24  
268.957	409.9   
269.416	333.07  
269.876	365.66  
270.335	358.68  
270.794	393.6   
271.254	367.99  
271.713	484.4   
272.172	407.57  
272.631	407.57  
273.09	398.26   
273.549	305.13  
274.008	414.56  
274.467	391.27  
274.926	363.34  
275.385	409.9   
275.843	354.02  
276.302	347.04  
276.761	358.68  
277.22	428.52   
277.678	423.87  
278.137	279.52  
278.595	388.95  
279.054	337.73  
279.512	372.65  
279.97	351.7    
280.429	377.31  
280.887	414.56  
281.345	379.63  
281.803	377.31  
282.262	414.56  
282.72	412.23   
283.178	398.26  
283.636	409.9   
284.094	384.29  
284.552	388.95  
285.01	379.63   
285.467	414.56  
285.925	307.46  
286.383	347.04  
286.841	386.62  
287.298	381.96  
287.756	361.01  
288.213	414.56  
288.671	426.2   
289.128	379.63  
289.586	428.52  
290.043	363.34  
290.5	407.57    
290.958	367.99  
291.415	428.52  
291.872	409.9   
292.329	419.21  
292.786	395.93  
293.243	486.73  
293.7	330.74    
294.157	400.59  
294.614	354.02  
295.071	370.32  
295.528	407.57  
295.985	398.26  
296.441	386.62  
296.898	419.21  
297.355	447.15  
297.811	414.56  
298.268	428.52  
298.724	388.95  
299.181	391.27  
299.637	414.56  
300.094	388.95  
300.55	428.52   
301.006	405.24  
301.462	344.71  
301.919	370.32  
302.375	358.68  
302.831	433.18  
303.287	374.98  
303.743	340.05  
304.199	423.87  
304.655	365.66  
305.11	402.91   
305.566	426.2   
306.022	407.57  
306.478	374.98  
306.933	407.57  
307.389	482.07  
307.845	409.9   
308.3	409.9     
308.756	361.01  
309.211	395.93  
309.666	386.62  
310.122	381.96  
310.577	409.9   
311.032	475.09  
311.487	388.95  
311.943	435.51  
312.398	456.46  
312.853	302.8   
313.308	423.87  
313.763	354.02  
314.218	372.65  
314.672	400.59  
315.127	444.82  
315.582	430.85  
316.037	405.24  
316.492	344.71  
316.946	428.52  
317.401	419.21  
317.855	412.23  
318.31	398.26   
318.764	437.84  
319.219	386.62  
319.673	451.81  
320.127	426.2   
320.582	386.62  
321.036	349.37  
321.49	426.2    
321.944	435.51  
322.398	381.96  
322.852	440.17  
323.306	402.91  
323.76	363.34   
324.214	451.81  
324.668	451.81  
325.122	379.63  
325.575	449.48  
326.029	395.93  
326.483	407.57  
326.936	374.98  
327.39	367.99   
327.843	347.04  
328.297	472.76  
328.75	391.27   
329.204	444.82  
329.657	496.04  
330.11	482.07   
330.564	428.52  
331.017	447.15  
331.47	400.59   
331.923	384.29  
332.376	377.31  
332.829	433.18  
333.282	433.18  
333.735	354.02  
334.188	416.88  
334.641	454.13  
335.093	444.82  
335.546	426.2   
335.999	391.27  
336.451	288.84  
336.904	372.65  
337.356	400.59  
337.809	386.62  
338.261	395.93  
338.714	386.62  
339.166	395.93  
339.618	386.62  
340.07	333.07   
340.523	454.13  
340.975	430.85  
341.427	426.2   
341.879	328.41  
342.331	498.37  
342.783	414.56  
343.235	435.51  
343.687	395.93  
344.138	393.6   
344.59	421.54   
345.042	398.26  
345.494	363.34  
345.945	426.2   
346.397	351.7   
346.848	351.7   
347.3	400.59    
347.751	386.62  
348.203	405.24  
348.654	386.62  
349.105	381.96  
349.556	409.9   
350.008	421.54  
350.459	412.23  
350.91	388.95   
351.361	372.65  
351.812	414.56  
352.263	388.95  
352.714	421.54  
353.165	507.68  
353.615	437.84  
354.066	426.2   
354.517	433.18  
354.968	356.35  
355.418	421.54  
355.869	395.93  
356.319	437.84  
356.77	370.32   
357.22	435.51   
357.671	477.42  
358.121	421.54  
358.571	367.99  
359.021	395.93  
359.472	470.43  
359.922	323.76  
360.372	421.54  
360.822	388.95  
361.272	468.1   
361.722	435.51  
362.172	372.65  
362.622	347.04  
363.071	316.77  
363.521	388.95  
363.971	377.31  
364.42	409.9    
364.87	412.23   
365.32	395.93   
365.769	335.4   
366.219	374.98  
366.668	479.74  
367.117	412.23  
367.567	365.66  
368.016	423.87  
368.465	384.29  
368.914	407.57  
369.363	388.95  
369.812	412.23  
370.261	370.32  
370.71	440.17   
371.159	349.37  
371.608	414.56  
372.057	444.82  
372.506	400.59  
372.955	314.45  
373.403	388.95  
373.852	416.88  
374.301	409.9   
374.749	395.93  
375.198	326.09  
375.646	447.15  
376.094	419.21  
376.543	409.9   
376.991	356.35  
377.439	465.77  
377.887	391.27  
378.336	428.52  
378.784	386.62  
379.232	356.35  
379.68	428.52   
380.128	372.65  
380.576	367.99  
381.023	416.88  
381.471	356.35  
381.919	414.56  
382.367	386.62  
382.814	412.23  
383.262	381.96  
383.71	361.01   
384.157	416.88  
384.605	393.6   
385.052	416.88  
385.499	400.59  
385.947	330.74  
386.394	400.59  
386.841	393.6   
387.288	409.9   
387.735	409.9   
388.182	384.29  
388.63	489.06   
389.076	374.98  
389.523	344.71  
389.97	367.99   
390.417	398.26  
390.864	426.2   
391.311	393.6   
391.757	381.96  
392.204	440.17  
392.651	456.46  
393.097	405.24  
393.544	384.29  
393.99	395.93   
394.436	393.6   
394.883	437.84  
395.329	361.01  
395.775	426.2   
396.221	454.13  
396.668	440.17  
397.114	433.18  
397.56	381.96   
398.006	381.96  
398.452	386.62  
398.897	421.54  
399.343	402.91  
399.789	428.52  
400.235	405.24  
400.681	342.38  
401.126	426.2   
401.572	444.82  
402.017	442.49  
402.463	393.6   
402.908	423.87  
403.354	447.15  
403.799	433.18  
404.244	370.32  
404.689	430.85  
405.135	412.23  
405.58	414.56   
406.025	388.95  
406.47	433.18   
406.915	393.6   
407.36	370.32   
407.805	337.73  
408.25	400.59   
408.694	412.23  
409.139	337.73  
409.584	433.18  
410.029	407.57  
410.473	367.99  
410.918	351.7   
411.362	412.23  
411.807	412.23  
412.251	386.62  
412.695	449.48  
413.14	433.18   
413.584	342.38  
414.028	458.79  
414.472	412.23  
414.916	444.82  
415.36	496.04   
415.804	367.99  
416.248	454.13  
416.692	426.2   
417.136	456.46  
417.58	407.57   
418.024	496.04  
418.467	442.49  
418.911	456.46  
419.355	395.93  
419.798	367.99  
420.242	398.26  
420.685	365.66  
421.128	349.37  
421.572	333.07  
422.015	421.54  
422.458	437.84  
422.902	444.82  
423.345	402.91  
423.788	391.27  
424.231	351.7   
424.674	475.09  
425.117	381.96  
425.56	454.13   
426.003	391.27  
426.445	461.12  
426.888	386.62  
427.331	447.15  
427.773	386.62  
428.216	414.56  
428.659	388.95  
429.101	388.95  
429.543	372.65  
429.986	379.63  
430.428	407.57  
430.87	354.02   
431.313	475.09  
431.755	503.03  
432.197	367.99  
432.639	354.02  
433.081	372.65  
433.523	447.15  
433.965	437.84  
434.407	402.91  
434.849	456.46  
435.291	335.4   
435.732	372.65  
436.174	423.87  
436.616	374.98  
437.057	419.21  
437.499	419.21  
437.94	419.21   
438.382	416.88  
438.823	412.23  
439.264	423.87  
439.706	363.34  
440.147	335.4   
440.588	428.52  
441.029	407.57  
441.47	416.88   
441.911	423.87  
442.352	391.27  
442.793	391.27  
443.234	395.93  
443.675	447.15  
444.116	440.17  
444.556	530.96  
444.997	400.59  
445.438	319.1   
445.878	386.62  
446.319	421.54  
446.759	428.52  
447.199	405.24  
447.64	430.85   
448.08	416.88   
448.52	412.23   
448.961	433.18  
449.401	398.26  
449.841	365.66  
450.281	395.93  
450.721	463.45  
451.161	444.82  
451.601	414.56  
452.041	407.57  
452.48	370.32   
452.92	400.59   
453.36	437.84   
453.799	365.66  
454.239	433.18  
454.679	437.84  
455.118	400.59  
455.557	405.24  
455.997	458.79  
456.436	496.04  
456.875	456.46  
457.315	391.27  
457.754	407.57  
458.193	491.38  
458.632	426.2   
459.071	372.65  
459.51	316.77   
459.949	428.52  
460.388	437.84  
460.827	423.87  
461.265	428.52  
461.704	381.96  
462.143	437.84  
462.581	451.81  
463.02	407.57   
463.458	405.24  
463.897	349.37  
464.335	503.03  
464.774	412.23  
465.212	447.15  
465.65	449.48   
466.088	440.17  
466.527	414.56  
466.965	449.48  
467.403	489.06  
467.841	463.45  
468.279	500.7   
468.716	426.2   
469.154	444.82  
469.592	454.13  
470.03	428.52   
470.467	489.06  
470.905	465.77  
471.343	475.09  
471.78	563.56   
472.218	526.31  
472.655	500.7   
473.092	479.74  
473.53	521.65   
473.967	556.57  
474.404	519.32  
474.841	554.24  
475.278	589.17  
475.716	540.28  
476.153	554.24  
476.589	642.71  
477.026	686.95  
477.463	710.23  
477.9	712.56    
478.337	691.61  
478.773	801.03  
479.21	810.34   
479.647	854.58  
480.083	887.17  
480.52	901.14   
480.956	977.97  
481.392	931.4   
481.829	964     
482.265	1022.2  
482.701	1136.28 
483.137	1187.5  
483.574	1257.34 
484.01	1231.74  
484.446	1373.75 
484.882	1420.31 
485.317	1385.39 
485.753	1546.03 
486.189	1688.05 
486.625	1767.21 
487.061	1757.9  
487.496	1941.82 
487.932	1988.38 
488.367	2041.93 
488.803	2249.14 
489.238	2193.26 
489.674	2395.81 
490.109	2558.78 
490.544	2754.34 
490.979	2926.63 
491.415	2973.19 
491.85	3173.41  
492.285	3380.61 
492.72	3632.05  
493.155	3648.35 
493.59	3960.32  
494.024	4079.06 
494.459	4269.97 
494.894	4391.03 
495.329	4782.16 
495.763	4970.74 
496.198	5336.26 
496.632	5361.87 
497.067	5715.75 
497.501	6046.34 
497.936	6477.05 
498.37	6593.46  
498.804	6863.52 
499.238	7236.03 
499.673	7592.23 
500.107	8095.11 
500.541	8455.97 
500.975	8721.38 
501.409	9424.48 
501.843	9771.38 
502.277	10292.88
502.71	10709.62 
503.144	11103.08
503.578	11575.69
504.011	12164.71
504.445	12858.5 
504.878	13247.3 
505.312	13636.1 
505.745	14215.81
506.179	14921.24
506.612	15533.54
507.045	16234.31
507.479	16997.94
507.912	17673.11
508.345	18730.09
508.778	19011.79
509.211	19428.53
509.644	20285.29
510.077	20906.9 
510.509	21239.83
510.942	21747.36
511.375	22464.43
511.808	23418.97
512.24	23682.05 
512.673	24501.56
513.105	25155.77
513.538	25388.58
513.97	25903.11 
514.403	26601.55
514.835	26568.96
515.267	27036.91
515.699	27218.51
516.131	27763.29
516.564	27786.58
516.996	27965.84
517.428	28093.89
517.859	28198.66
518.291	28010.08
518.723	27616.62
519.155	28021.72
519.587	27812.19
520.018	27793.56
520.45	27109.09 
520.881	27046.23
521.313	26531.7 
521.744	26170.84
522.176	25770.4 
522.607	25307.1 
523.038	24932.27
523.47	24319.97 
523.901	23689.04
524.332	23088.38
524.763	22701.9 
525.194	22082.62
525.625	21291.05
526.056	20790.5 
526.487	20140.94
526.917	19412.23
527.348	18911.68
527.779	18632.3 
528.21	17882.64 
528.64	17479.87 
529.071	16904.82
529.501	16390.3 
529.932	15859.48
530.362	15307.71
530.792	14904.94
531.222	14585.98
531.653	14173.9 
532.083	13675.68
532.513	13289.21
532.943	12811.94
533.373	12714.15
533.803	12143.76
534.233	12015.71
534.663	11692.1 
535.092	11408.06
535.522	11224.14
535.952	10704.96
536.381	10446.54
536.811	10246.32
537.24	9890.11  
537.67	9682.91  
538.099	9431.47 
538.529	9252.2  
538.958	8979.81 
539.387	8670.16 
539.816	8451.32 
540.245	8330.25 
540.674	7927.48 
541.103	7773.83 
541.532	7571.28 
541.961	7359.42 
542.39	7168.51  
542.819	6945.01 
543.248	6612.08 
543.676	6523.61 
544.105	6172.06 
544.534	6006.76 
544.962	6025.39 
545.391	5708.76 
545.819	5557.43 
546.247	5401.45 
546.676	5247.79 
547.104	5038.25 
547.532	4856.66 
547.96	4689.03  
548.388	4567.97 
548.816	4411.98 
549.244	4349.12 
549.672	4095.36 
550.1	4165.2    
550.528	3848.57 
550.956	3673.96 
551.383	3762.43 
551.811	3455.12 
552.238	3341.04 
552.666	3410.88 
553.094	3233.94 
553.521	3036.05 
553.948	3110.55 
554.376	2966.2  
554.803	2921.97 
555.23	2810.22  
555.657	2738.05 
556.084	2612.33 
556.511	2679.84 
556.938	2481.95 
557.365	2402.79 
557.792	2388.82 
558.219	2274.74 
558.646	2370.2  
559.072	2153.68 
559.499	2221.2  
559.926	2116.43 
560.352	2125.74 
560.779	2013.99 
561.205	1995.37 
561.632	1864.99 
562.058	1818.43 
562.484	1771.87 
562.91	1785.83  
563.337	1725.3  
563.763	1664.77 
564.189	1683.4  
564.615	1646.15 
565.041	1513.44 
565.466	1501.8  
565.892	1452.91 
566.318	1457.57 
566.744	1476.19 
567.169	1464.55 
567.595	1394.71 
568.021	1466.88 
568.446	1366.77 
568.872	1376.08 
569.297	1255.02 
569.722	1229.41 
570.148	1255.02 
570.573	1192.16 
570.998	1099.03 
571.423	1192.16 
571.848	1080.41 
572.273	1010.56 
572.698	1052.47 
573.123	1010.56 
573.548	1061.78 
573.973	945.37  
574.397	980.3   
574.822	973.31  
575.247	901.14  
575.671	940.72  
576.096	808.01  
576.52	784.73   
576.944	784.73  
577.369	875.53  
577.793	796.37  
578.217	763.78  
578.641	756.79  
579.065	733.51  
579.49	782.4    
579.914	733.51  
580.337	707.9   
580.761	649.7   
581.185	698.59  
581.609	684.62  
582.033	652.03  
582.456	777.75  
582.88	656.68   
583.303	693.93  
583.727	631.07  
584.15	675.31   
584.574	654.35  
584.997	663.67  
585.42	654.35   
585.844	638.06  
586.267	570.54  
586.69	640.39   
587.113	575.2   
587.536	626.42  
587.959	579.85  
588.382	654.35  
588.804	614.78  
589.227	554.24  
589.65	556.57   
590.073	528.63  
590.495	500.7   
590.918	526.31  
591.34	528.63   
591.763	516.99  
592.185	614.78  
592.607	516.99  
593.03	505.35   
593.452	586.84  
593.874	575.2   
594.296	535.62  
594.718	565.89  
595.14	472.76   
595.562	512.34  
595.984	507.68  
596.406	561.23  
596.827	465.77  
597.249	535.62  
597.671	544.93  
598.092	523.98  
598.514	463.45  
598.935	554.24  
599.357	575.2   
599.778	468.1   
600.199	542.6   
600.621	437.84  
601.042	477.42  
601.463	442.49  
601.884	412.23  
602.305	491.38  
602.726	465.77  
603.147	468.1   
603.568	500.7   
603.988	388.95  
604.409	456.46  
604.83	516.99   
605.25	449.48   
605.671	489.06  
606.092	456.46  
606.512	475.09  
606.932	435.51  
607.353	440.17  
607.773	430.85  
608.193	503.03  
608.613	479.74  
609.034	405.24  
609.454	491.38  
609.874	416.88  
610.293	437.84  
610.713	519.32  
611.133	533.29  
611.553	405.24  
611.973	451.81  
612.392	409.9   
612.812	419.21  
613.231	388.95  
613.651	458.79  
614.07	477.42   
614.49	433.18   
614.909	461.12  
615.328	386.62  
615.747	356.35  
616.167	412.23  
616.586	505.35  
617.005	421.54  
617.424	426.2   
617.843	435.51  
618.261	482.07  
618.68	435.51   
619.099	384.29  
619.518	405.24  
619.936	381.96  
620.355	377.31  
620.773	442.49  
621.192	440.17  
621.61	440.17   
622.029	340.05  
622.447	384.29  
622.865	412.23  
623.283	337.73  
623.701	477.42  
624.119	370.32  
624.537	351.7   
624.955	454.13  
625.373	463.45  
625.791	416.88  
626.209	428.52  
626.627	451.81  
627.044	423.87  
627.462	461.12  
627.879	409.9   
628.297	451.81  
628.714	440.17  
629.132	398.26  
629.549	416.88  
629.966	447.15  
630.383	430.85  
630.8	472.76    
631.217	428.52  
631.634	354.02  
632.051	456.46  
632.468	454.13  
632.885	354.02  
633.302	442.49  
633.719	461.12  
634.135	405.24  
634.552	400.59  
634.969	381.96  
635.385	388.95  
635.801	393.6   
636.218	421.54  
636.634	423.87  
637.05	367.99   
637.467	409.9   
637.883	454.13  
638.299	361.01  
638.715	402.91  
639.131	477.42  
639.547	423.87  
639.963	400.59  
640.378	419.21  
640.794	412.23  
641.21	379.63   
641.626	388.95  
642.041	419.21  
642.457	358.68  
642.872	458.79  
643.287	442.49  
643.703	433.18  
644.118	386.62  
644.533	393.6   
644.948	430.85  
645.364	430.85  
645.779	468.1   
646.194	435.51  
646.609	430.85  
647.023	412.23  
647.438	402.91  
647.853	402.91  
648.268	433.18  
648.682	347.04  
649.097	328.41  
649.511	384.29  
649.926	407.57  
650.34	379.63   
650.755	454.13  
651.169	458.79  
651.583	393.6   
651.997	442.49  
652.411	395.93  
652.825	400.59  
653.239	435.51  
653.653	388.95  
654.067	398.26  
654.481	351.7   
654.895	437.84  
655.309	461.12  
655.722	475.09  
656.136	381.96  
656.549	423.87  
656.963	409.9   
657.376	454.13  
657.79	363.34   
658.203	419.21  
658.616	370.32  
659.029	451.81  
659.442	498.37  
659.855	405.24  
660.268	489.06  
660.681	405.24  
661.094	384.29  
661.507	435.51  
661.92	440.17   
662.333	374.98  
662.745	365.66  
663.158	379.63  
663.57	409.9    
663.983	388.95  
664.395	337.73  
664.808	416.88  
665.22	465.77   
665.632	372.65  
666.044	381.96  
666.456	398.26  
666.868	358.68  
667.28	400.59   
667.692	409.9   
668.104	386.62  
668.516	451.81  
668.928	393.6   
669.34	400.59   
669.751	372.65  
670.163	379.63  
670.574	374.98  
670.986	388.95  
671.397	335.4   
671.809	433.18  
672.22	377.31   
672.631	449.48  
673.042	395.93  
673.453	414.56  
673.864	444.82  
674.275	388.95  
674.686	440.17  
675.097	435.51  
675.508	370.32  
675.919	349.37  
676.33	372.65   
676.74	388.95   
677.151	419.21  
677.561	349.37  
677.972	421.54  
678.382	442.49  
678.792	423.87  
679.203	405.24  
679.613	300.48  
680.023	351.7   
680.433	407.57  
680.843	454.13  
681.253	468.1   
681.663	430.85  
682.073	279.52  
682.483	326.09  
682.893	340.05  
683.302	430.85  
683.712	379.63  
684.122	372.65  
684.531	400.59  
684.94	407.57   
685.35	379.63   
685.759	363.34  
686.168	321.43  
686.578	377.31  
686.987	386.62  
687.396	433.18  
687.805	381.96  
688.214	342.38  
688.623	416.88  
689.032	374.98  
689.44	347.04   
689.849	358.68  
690.258	470.43  
690.666	358.68  
691.075	379.63  
691.484	421.54  
691.892	398.26  
692.3	393.6     
692.709	333.07  
693.117	386.62  
693.525	421.54  
693.933	316.77  
694.341	333.07  
694.749	381.96  
695.157	347.04  
695.565	384.29  
695.973	423.87  
696.381	400.59  
696.788	405.24  
697.196	384.29  
697.604	384.29  
698.011	421.54  
698.419	423.87  
698.826	421.54  
699.234	342.38  
699.641	314.45  
700.048	393.6   
700.455	351.7   
700.862	337.73  
701.269	423.87  
701.676	321.43  
702.083	384.29  
702.49	400.59   
702.897	407.57  
703.304	384.29  
703.71	430.85   
704.117	449.48  
704.524	377.31  
704.93	423.87   
705.337	365.66  
705.743	388.95  
706.149	370.32  
706.556	430.85  
706.962	351.7   
707.368	407.57  
707.774	391.27  
708.18	414.56   
708.586	430.85  
708.992	316.77  
709.398	409.9   
709.804	377.31  
710.209	407.57  
710.615	440.17  
711.021	363.34  
711.426	377.31  
711.832	421.54  
712.237	354.02  
712.642	384.29  
713.048	423.87  
713.453	305.13  
713.858	305.13  
714.263	381.96  
714.668	356.35  
715.073	374.98  
715.478	381.96  
715.883	437.84  
716.288	381.96  
716.693	393.6   
717.097	328.41  
717.502	377.31  
717.906	344.71  
718.311	451.81  
718.715	426.2   
719.12	454.13   
719.524	365.66  
719.928	395.93  
720.333	393.6   
720.737	437.84  
721.141	363.34  
721.545	407.57  
721.949	407.57  
722.353	416.88  
722.757	405.24  
723.16	340.05   
723.564	451.81  
723.968	358.68  
724.371	363.34  
724.775	458.79  
725.178	412.23  
725.582	384.29  
725.985	328.41  
726.388	386.62  
726.792	374.98  
727.195	398.26  
727.598	374.98  
728.001	416.88  
728.404	379.63  
728.807	421.54  
729.21	367.99   
729.612	402.91  
730.015	340.05  
730.418	479.74  
730.82	388.95   
731.223	416.88  
731.625	384.29  
732.028	412.23  
732.43	374.98   
732.833	391.27  
733.235	442.49  
733.637	361.01  
734.039	407.57  
734.441	393.6   
734.843	419.21  
735.245	388.95  
735.647	335.4   
736.049	405.24  
736.451	407.57  
736.852	395.93  
737.254	400.59  
737.655	419.21  
738.057	402.91  
738.458	377.31  
738.86	398.26   
739.261	409.9   
739.662	433.18  
740.064	309.79  
740.465	454.13  
740.866	349.37  
741.267	340.05  
741.668	365.66  
742.069	426.2   
742.469	386.62  
742.87	379.63   
743.271	379.63  
743.672	351.7   
744.072	354.02  
744.473	337.73  
744.873	386.62  
745.274	381.96  
745.674	330.74  
746.074	414.56  
746.474	351.7   
746.875	361.01  
747.275	405.24  
747.675	379.63  
748.075	374.98  
748.474	409.9   
748.874	414.56  
749.274	388.95  
749.674	381.96  
750.073	361.01  
750.473	405.24  
750.873	356.35  
751.272	363.34  
751.671	386.62  
752.071	335.4   
752.47	365.66   
752.869	416.88  
753.268	405.24  
753.668	384.29  
754.067	363.34  
754.466	435.51  
754.864	372.65  
755.263	426.2   
755.662	374.98  
756.061	428.52  
756.459	391.27  
756.858	395.93  
757.257	377.31  
757.655	374.98  
758.053	367.99  
758.452	381.96  
758.85	309.79   
759.248	309.79  
759.646	374.98  
760.045	361.01  
760.443	372.65  
760.841	347.04  
761.238	337.73  
761.636	430.85  
762.034	395.93  
762.432	363.34  
762.829	361.01  
763.227	402.91  
763.625	328.41  
764.022	416.88  
764.419	442.49  
764.817	447.15  
765.214	379.63  
765.611	388.95  
766.008	423.87  
766.406	365.66  
766.803	391.27  
767.199	340.05  
767.596	400.59  
767.993	379.63  
768.39	393.6    
768.787	395.93  
769.183	374.98  
769.58	409.9    
769.977	414.56  
770.373	402.91  
770.769	398.26  
771.166	412.23  
771.562	321.43  
771.958	370.32  
772.354	356.35  
772.75	400.59   
773.146	323.76  
773.542	365.66  
773.938	400.59  
774.334	356.35  
774.73	395.93   
775.126	312.12  
775.521	426.2   
775.917	372.65  
776.312	393.6   
776.708	454.13  
777.103	361.01  
777.499	386.62  
777.894	451.81  
778.289	440.17  
778.684	354.02  
779.079	437.84  
779.474	407.57  
779.869	407.57  
780.264	351.7   
780.659	409.9   
781.054	363.34  
781.448	367.99  
781.843	419.21  
782.238	475.09  
782.632	363.34  
783.027	395.93  
783.421	482.07  
783.815	423.87  
784.21	405.24   
784.604	386.62  
784.998	361.01  
785.392	381.96  
785.786	351.7   
786.18	407.57   
786.574	393.6   
786.968	321.43  
787.361	367.99  
787.755	414.56  
788.149	386.62  
788.542	426.2   
788.936	398.26  
789.329	388.95  
789.722	426.2   
790.116	402.91  
790.509	335.4   
790.902	307.46  
791.295	367.99  
791.688	386.62  
792.081	388.95  
792.474	340.05  
792.867	419.21  
793.26	374.98   
793.653	365.66  
794.045	349.37  
794.438	402.91  
794.83	409.9    
795.223	393.6   
795.615	384.29  
796.008	347.04  
796.4	416.88    
796.792	307.46  
797.184	356.35  
797.576	412.23  
797.968	347.04  
798.36	354.02   
798.752	442.49  
799.144	361.01  
799.536	379.63  
799.928	388.95  
800.319	395.93  
800.711	351.7   
801.102	428.52  
801.494	377.31  
801.885	405.24  
802.276	426.2   
802.668	423.87  
803.059	400.59  
803.45	449.48   
803.841	398.26  
804.232	363.34  
804.623	365.66  
805.014	340.05  
805.405	309.79  
805.795	354.02  
806.186	442.49  
806.577	365.66  
806.967	412.23  
807.358	305.13  
807.748	386.62  
808.139	351.7   
808.529	449.48  
808.919	393.6   
809.309	335.4   
809.699	444.82  
810.089	307.46  
810.479	374.98  
810.869	444.82  
811.259	400.59  
811.649	433.18  
812.039	377.31  
812.428	328.41  
812.818	372.65  
813.207	381.96  
813.597	365.66  
813.986	477.42  
814.376	440.17  
814.765	363.34  
815.154	400.59  
815.543	347.04  
815.932	319.1   
816.321	407.57  
816.71	358.68   
817.099	367.99  
817.488	398.26  
817.877	407.57  
818.265	386.62  
818.654	356.35  
819.043	430.85  
819.431	409.9   
819.819	400.59  
820.208	370.32  
820.596	402.91  
820.984	384.29  
821.372	340.05  
821.761	395.93  
822.149	400.59  
822.537	393.6   
822.924	384.29  
823.312	384.29  
823.7	374.98    
824.088	307.46  
824.475	384.29  
824.863	388.95  
825.251	379.63  
825.638	416.88  
826.025	391.27  
826.413	402.91  
826.8	428.52    
827.187	377.31  
827.574	423.87  
827.961	395.93  
828.348	365.66  
828.735	377.31  
829.122	384.29  
829.509	402.91  
829.896	412.23  
830.282	426.2   
830.669	430.85  
831.055	398.26  
831.442	444.82  
831.828	356.35  
832.215	400.59  
832.601	365.66  
832.987	400.59  
833.373	358.68  
833.759	342.38  
834.145	358.68  
834.531	351.7   
834.917	367.99  
835.303	398.26  
835.689	386.62  
836.074	351.7   
836.46	433.18   
836.846	370.32  
837.231	326.09  
837.617	444.82  
838.002	409.9   
838.387	454.13  
838.772	414.56  
839.158	363.34  
839.543	367.99  
839.928	344.71  
840.313	344.71  
840.698	379.63  
841.082	367.99  
841.467	365.66  
841.852	405.24  
842.237	433.18  
842.621	349.37  
843.006	356.35  
843.39	430.85   
843.774	347.04  
844.159	374.98  
844.543	347.04  
844.927	347.04  
845.311	430.85  
845.695	388.95  
846.079	393.6   
846.463	361.01  
846.847	370.32  
847.231	356.35  
847.615	381.96  
847.998	393.6   
848.382	340.05  
848.765	381.96  
849.149	365.66  
849.532	451.81  
849.916	374.98  
850.299	374.98  
850.682	326.09  
851.065	351.7   
851.448	370.32  
851.831	333.07  
852.214	361.01  
852.597	344.71  
852.98	400.59   
853.363	381.96  
853.745	381.96  
854.128	386.62  
854.51	400.59   
854.893	377.31  
855.275	381.96  
855.658	381.96  
856.04	379.63   
856.422	377.31  
856.804	416.88  
857.186	381.96  
857.568	363.34  
857.95	437.84   
858.332	328.41  
858.714	354.02  
859.096	340.05  
859.477	386.62  
859.859	358.68  
860.24	379.63   
860.622	456.46  
861.003	491.38  
861.385	305.13  
861.766	407.57  
862.147	363.34  
862.528	340.05  
862.909	409.9   
863.29	451.81   
863.671	395.93  
864.052	354.02  
864.433	449.48  
864.814	405.24  
865.194	351.7   
865.575	370.32  
865.955	358.68  
866.336	351.7   
866.716	374.98  
867.097	391.27  
867.477	405.24  
867.857	435.51  
868.237	470.43  
868.617	449.48  
868.997	377.31  
869.377	412.23  
869.757	372.65  
870.137	398.26  
870.517	333.07  
870.896	337.73  
871.276	351.7   
871.655	451.81  
872.035	391.27  
872.414	475.09  
872.794	388.95  
873.173	409.9   
873.552	435.51  
873.931	461.12  
874.31	372.65   
874.689	316.77  
875.068	386.62  
875.447	405.24  
875.826	402.91  
876.205	414.56  
876.583	386.62  
876.962	398.26  
877.341	365.66  
877.719	407.57  
878.097	263.23  
878.476	374.98  
878.854	414.56  
879.232	347.04  
879.61	372.65   
879.988	328.41  
880.366	430.85  
880.744	416.88  
881.122	402.91  
881.5	354.02    
881.878	416.88  
882.255	347.04  
882.633	400.59  
883.011	379.63  
883.388	400.59  
883.765	321.43  
884.143	328.41  
884.52	381.96   
884.897	344.71  
885.274	367.99  
885.651	407.57  
886.028	393.6   
886.405	442.49  
886.782	381.96  
887.159	393.6   
887.536	381.96  
887.912	356.35  
888.289	333.07  
888.665	391.27  
889.042	323.76  
889.418	354.02  
889.794	421.54  
890.171	326.09  
890.547	354.02  
890.923	279.52  
891.299	298.15  
891.675	347.04  
892.051	377.31  
892.427	395.93  
892.803	316.77  
893.178	367.99  
893.554	388.95  
893.929	426.2   
894.305	412.23  
894.68	381.96   
895.056	388.95  
895.431	354.02  
895.806	377.31  
896.181	412.23  
896.557	395.93  
896.932	391.27  
897.307	367.99  
897.681	426.2   
898.056	337.73  
898.431	379.63  
898.806	326.09  
899.18	402.91   
899.555	381.96  
899.929	384.29  
900.304	395.93  
900.678	330.74  
901.052	421.54  
901.427	391.27  
901.801	393.6   
902.175	323.76  
902.549	379.63  
902.923	482.07  
903.297	372.65  
903.67	402.91   
904.044	423.87  
904.418	367.99  
904.791	293.49  
905.165	405.24  
905.538	370.32  
905.912	393.6   
906.285	356.35  
906.658	384.29  
907.032	398.26  
907.405	363.34  
907.778	426.2   
908.151	421.54  
908.524	370.32  
908.896	414.56  
909.269	363.34  
909.642	377.31  
910.015	342.38  
910.387	395.93  
910.76	333.07   
911.132	433.18  
911.504	305.13  
911.877	312.12  
912.249	402.91  
912.621	386.62  
912.993	305.13  
913.365	419.21  
913.737	365.66  
914.109	370.32  
914.481	342.38  
914.853	321.43  
915.224	386.62  
915.596	421.54  
915.968	330.74  
916.339	433.18  
916.71	333.07   
917.082	421.54  
917.453	356.35  
917.824	421.54  
918.195	449.48  
918.566	377.31  
918.937	347.04  
919.308	393.6   
919.679	365.66  
920.05	393.6    
920.421	388.95  
920.791	337.73  
921.162	291.16  
921.532	337.73  
921.903	463.45  
922.273	409.9   
922.644	407.57  
923.014	370.32  
923.384	393.6   
923.754	367.99  
924.124	391.27  
924.494	419.21  
924.864	358.68  
925.234	435.51  
925.604	426.2   
925.973	405.24  
926.343	363.34  
926.712	398.26  
927.082	391.27  
927.451	344.71  
927.821	323.76  
928.19	344.71   
928.559	358.68  
928.928	437.84  
929.297	354.02  
929.666	377.31  
930.035	451.81  
930.404	374.98  
930.773	395.93  
931.142	419.21  
931.51	393.6    
931.879	328.41  
932.247	342.38  
932.616	402.91  
932.984	400.59  
933.353	361.01  
933.721	379.63  
934.089	344.71  
934.457	388.95  
934.825	372.65  
935.193	367.99  
935.561	307.46  
935.929	381.96  
936.296	354.02  
936.664	405.24  
937.032	416.88  
937.399	354.02  
937.767	372.65  
938.134	386.62  
938.501	337.73  
938.869	307.46  
939.236	349.37  
939.603	381.96  
939.97	472.76   
940.337	426.2   
940.704	400.59  
941.071	412.23  
941.438	354.02  
941.804	414.56  
942.171	372.65  
942.538	372.65  
942.904	435.51  
943.27	377.31   
943.637	323.76  
944.003	391.27  
944.369	321.43  
944.735	340.05  
945.102	444.82  
945.468	419.21  
945.833	349.37  
946.199	402.91  
946.565	356.35  
946.931	363.34  
947.296	354.02  
947.662	412.23  
948.028	379.63  
948.393	393.6   
948.758	381.96  
949.124	386.62  
949.489	388.95  
949.854	358.68  
950.219	384.29  
950.584	354.02  
950.949	337.73  
951.314	386.62  
951.679	426.2   
952.044	351.7   
952.408	437.84  
952.773	347.04  
953.137	407.57  
953.502	367.99  
953.866	381.96  
954.231	433.18  
954.595	374.98  
954.959	377.31  
955.323	402.91  
955.687	400.59  
956.051	388.95  
956.415	384.29  
956.779	291.16  
957.143	384.29  
957.506	321.43  
957.87	349.37   
958.234	379.63  
958.597	333.07  
958.961	435.51  
959.324	416.88  
959.687	388.95  
960.05	386.62   
960.413	302.8   
960.776	367.99  
961.139	409.9   
961.502	358.68  
961.865	430.85  
962.228	412.23  
962.591	398.26  
962.953	358.68  
963.316	426.2   
963.678	412.23  
964.041	421.54  
964.403	363.34  
964.765	337.73  
965.128	367.99  
965.49	416.88   
965.852	398.26  
966.214	386.62  
966.576	402.91  
966.938	421.54  
967.299	344.71  
967.661	372.65  
968.023	449.48  
968.384	412.23  
968.746	384.29  
969.107	395.93  
969.469	447.15  
969.83	407.57   
970.191	356.35  
970.552	412.23  
970.913	407.57  
971.274	405.24  
971.635	367.99  
971.996	342.38  
972.357	361.01  
972.718	409.9   
973.078	379.63  
973.439	426.2   
973.8	330.74    
974.16	354.02   
974.52	312.12   
974.881	358.68  
975.241	395.93  
975.601	393.6   
975.961	400.59  
976.321	328.41  
976.681	384.29  
977.041	361.01  
977.401	374.98  
977.76	358.68   
978.12	388.95   
978.48	328.41   
978.839	372.65  
979.199	361.01  
979.558	388.95  
979.917	409.9   
980.277	365.66  
980.636	367.99  
980.995	419.21  
981.354	307.46  
981.713	395.93  
982.072	416.88  
982.43	356.35   
982.789	409.9   
983.148	433.18  
983.506	361.01  
983.865	405.24  
984.223	426.2   
984.582	437.84  
984.94	463.45   
985.298	381.96  
985.656	370.32  
986.015	344.71  
986.373	316.77  
986.731	358.68  
987.088	409.9   
987.446	386.62  
987.804	428.52  
988.162	367.99  
988.519	430.85  
988.877	409.9   
989.234	384.29  
989.591	409.9   
989.949	398.26  
990.306	347.04  
990.663	349.37  
991.02	356.35   
991.377	386.62  
991.734	395.93  
992.091	356.35  
992.448	398.26  
992.805	402.91  
993.161	416.88  
993.518	379.63  
993.874	342.38  
994.231	335.4   
994.587	402.91  
994.943	335.4   
995.3	386.62    
995.656	433.18  
996.012	358.68  
996.368	379.63  
996.724	363.34  
997.08	388.95   
997.435	347.04  
997.791	342.38  
998.147	381.96  
998.502	395.93  
998.858	442.49  
999.213	426.2   
999.569	419.21  
999.924	344.71  
1000.279	328.41 
1000.634	370.32 
1000.989	274.87 
1001.344	447.15 
1001.699	367.99 
1002.054	398.26 
1002.409	340.05 
1002.764	398.26 
1003.118	349.37 
1003.473	379.63 
1003.827	312.12 
1004.182	365.66 
1004.536	367.99 
1004.89	374.98  
1005.245	377.31 
1005.599	426.2  
1005.953	388.95 
1006.307	379.63 
1006.661	421.54 
1007.015	370.32 
1007.368	349.37 
1007.722	367.99 
1008.076	367.99 
1008.429	305.13 
1008.783	321.43 
1009.136	384.29 
1009.489	328.41 
1009.843	402.91 
1010.196	405.24 
1010.549	356.35 
1010.902	365.66 
1011.255	337.73 
1011.608	393.6  
1011.961	361.01 
1012.313	393.6  
1012.666	342.38 
1013.019	416.88 
1013.371	421.54 
1013.724	386.62 
1014.076	393.6  
1014.428	312.12 
1014.781	456.46 
1015.133	458.79 
1015.485	426.2  
1015.837	440.17 
1016.189	347.04 
1016.541	372.65 
1016.893	361.01 
1017.244	349.37 
1017.596	323.76 
1017.947	351.7  
1018.299	363.34 
1018.65	354.02  
1019.002	351.7  
1019.353	447.15 
1019.704	377.31 
1020.055	437.84 
1020.407	358.68 
1020.758	400.59 
1021.108	307.46 
1021.459	430.85 
1021.81	395.93  
1022.161	379.63 
1022.511	442.49 
1022.862	419.21 
1023.213	384.29 
1023.563	365.66 
1023.913	298.15 
1024.264	370.32 
1024.614	321.43 
1024.964	370.32 
1025.314	323.76 
1025.664	326.09 
1026.014	377.31 
1026.364	361.01 
1026.713	447.15 
1027.063	372.65 
1027.413	423.87 
1027.762	398.26 
1028.112	302.8  
1028.461	414.56 
1028.81	428.52  
1029.16	361.01  
1029.509	395.93 
1029.858	398.26 
1030.207	407.57 
1030.556	395.93 
1030.905	423.87 
1031.254	379.63 
1031.602	344.71 
1031.951	395.93 
1032.3	370.32   
1032.648	407.57 
1032.996	407.57 
1033.345	407.57 