187.879	-78.14  
188.346	-78.14  
188.813	-78.14  
189.28	-87.45   
189.747	-22.26  
190.214	-124.7  
190.681	-108.4  
191.148	-12.95  
191.614	-87.45  
192.081	-82.79  
192.548	-101.42 
193.014	-89.78  
193.481	-12.95  
193.948	61.55   
194.414	73.19   
194.881	26.63   
195.347	73.19   
195.813	84.83   
196.28	108.11   
196.746	89.49   
197.212	103.46  
197.678	103.46  
198.145	189.6   
198.611	219.86  
199.077	261.77  
199.543	254.79  
200.009	240.82  
200.475	301.35  
200.941	303.68  
201.407	338.6   
201.873	329.29  
202.338	252.46  
202.804	380.51  
203.27	359.55   
203.735	417.76  
204.201	417.76  
204.667	371.19  
205.132	354.9   
205.598	392.15  
206.063	387.49  
206.529	354.9   
206.994	317.65  
207.459	385.16  
207.925	333.94  
208.39	359.55   
208.855	389.82  
209.32	441.04   
209.785	422.41  
210.25	429.4    
210.715	401.46  
211.18	424.74   
211.645	399.13  
212.11	413.1    
212.575	399.13  
213.04	380.51   
213.504	387.49  
213.969	387.49  
214.434	450.35  
214.899	336.27  
215.363	396.8   
215.828	350.24  
216.292	410.77  
216.757	450.35  
217.221	366.54  
217.685	471.3   
218.15	359.55   
218.614	333.94  
219.078	352.57  
219.542	343.26  
220.007	350.24  
220.471	396.8   
220.935	392.15  
221.399	303.68  
221.863	387.49  
222.327	354.9   
222.791	354.9   
223.254	375.85  
223.718	368.87  
224.182	326.96  
224.646	352.57  
225.109	361.88  
225.573	357.23  
226.037	415.43  
226.5	366.54    
226.964	359.55  
227.427	294.37  
227.89	380.51   
228.354	294.37  
228.817	352.57  
229.28	354.9    
229.744	317.65  
230.207	326.96  
230.67	345.58   
231.133	396.8   
231.596	375.85  
232.059	403.79  
232.522	366.54  
232.985	417.76  
233.448	387.49  
233.911	352.57  
234.374	394.48  
234.836	380.51  
235.299	410.77  
235.762	354.9   
236.224	429.4   
236.687	417.76  
237.149	480.62  
237.612	319.97  
238.074	352.57  
238.537	366.54  
238.999	299.02  
239.461	368.87  
239.924	389.82  
240.386	312.99  
240.848	422.41  
241.31	324.63   
241.772	401.46  
242.234	345.58  
242.696	424.74  
243.158	399.13  
243.62	340.93   
244.082	380.51  
244.544	399.13  
245.006	373.52  
245.468	312.99  
245.929	410.77  
246.391	480.62  
246.852	415.43  
247.314	427.07  
247.776	364.21  
248.237	357.23  
248.698	285.05  
249.16	392.15   
249.621	392.15  
250.082	399.13  
250.544	352.57  
251.005	396.8   
251.466	347.91  
251.927	361.88  
252.388	382.83  
252.849	420.08  
253.31	434.05   
253.771	455.01  
254.232	410.77  
254.693	347.91  
255.154	380.51  
255.615	354.9   
256.075	396.8   
256.536	333.94  
256.997	403.79  
257.457	396.8   
257.918	389.82  
258.378	406.12  
258.839	364.21  
259.299	375.85  
259.759	420.08  
260.22	373.52   
260.68	396.8    
261.14	417.76   
261.6	455.01    
262.06	487.6    
262.521	361.88  
262.981	410.77  
263.441	392.15  
263.901	396.8   
264.36	375.85   
264.82	424.74   
265.28	366.54   
265.74	394.48   
266.2	396.8     
266.659	431.73  
267.119	438.71  
267.579	375.85  
268.038	487.6   
268.498	415.43  
268.957	417.76  
269.416	455.01  
269.876	445.69  
270.335	375.85  
270.794	443.37  
271.254	396.8   
271.713	378.18  
272.172	359.55  
272.631	459.66  
273.09	434.05   
273.549	420.08  
274.008	485.27  
274.467	392.15  
274.926	445.69  
275.385	424.74  
275.843	431.73  
276.302	403.79  
276.761	422.41  
277.22	438.71   
277.678	406.12  
278.137	403.79  
278.595	361.88  
279.054	371.19  
279.512	380.51  
279.97	392.15   
280.429	380.51  
280.887	410.77  
281.345	373.52  
281.803	396.8   
282.262	385.16  
282.72	452.68   
283.178	385.16  
283.636	417.76  
284.094	392.15  
284.552	464.32  
285.01	368.87   
285.467	380.51  
285.925	401.46  
286.383	389.82  
286.841	396.8   
287.298	438.71  
287.756	340.93  
288.213	385.16  
288.671	396.8   
289.128	382.83  
289.586	473.63  
290.043	443.37  
290.5	422.41    
290.958	471.3   
291.415	385.16  
291.872	382.83  
292.329	420.08  
292.786	408.44  
293.243	368.87  
293.7	371.19    
294.157	445.69  
294.614	399.13  
295.071	410.77  
295.528	359.55  
295.985	378.18  
296.441	364.21  
296.898	475.96  
297.355	394.48  
297.811	382.83  
298.268	378.18  
298.724	408.44  
299.181	417.76  
299.637	436.38  
300.094	394.48  
300.55	373.52   
301.006	382.83  
301.462	452.68  
301.919	475.96  
302.375	417.76  
302.831	399.13  
303.287	408.44  
303.743	406.12  
304.199	459.66  
304.655	373.52  
305.11	461.99   
305.566	401.46  
306.022	326.96  
306.478	403.79  
306.933	427.07  
307.389	378.18  
307.845	487.6   
308.3	436.38    
308.756	445.69  
309.211	387.49  
309.666	466.65  
310.122	445.69  
310.577	424.74  
311.032	406.12  
311.487	415.43  
311.943	441.04  
312.398	350.24  
312.853	466.65  
313.308	415.43  
313.763	503.9   
314.218	464.32  
314.672	359.55  
315.127	347.91  
315.582	364.21  
316.037	459.66  
316.492	443.37  
316.946	396.8   
317.401	408.44  
317.855	413.1   
318.31	385.16   
318.764	401.46  
319.219	434.05  
319.673	434.05  
320.127	403.79  
320.582	468.98  
321.036	501.57  
321.49	354.9    
321.944	378.18  
322.398	496.91  
322.852	399.13  
323.306	499.24  
323.76	408.44   
324.214	415.43  
324.668	431.73  
325.122	466.65  
325.575	415.43  
326.029	434.05  
326.483	517.87  
326.936	464.32  
327.39	427.07   
327.843	396.8   
328.297	434.05  
328.75	434.05   
329.204	424.74  
329.657	424.74  
330.11	503.9    
330.564	359.55  
331.017	438.71  
331.47	410.77   
331.923	331.62  
332.376	455.01  
332.829	396.8   
333.282	441.04  
333.735	389.82  
334.188	401.46  
334.641	387.49  
335.093	480.62  
335.546	422.41  
335.999	424.74  
336.451	417.76  
336.904	438.71  
337.356	382.83  
337.809	413.1   
338.261	364.21  
338.714	392.15  
339.166	366.54  
339.618	385.16  
340.07	408.44   
340.523	478.29  
340.975	361.88  
341.427	413.1   
341.879	413.1   
342.331	368.87  
342.783	408.44  
343.235	434.05  
343.687	413.1   
344.138	417.76  
344.59	340.93   
345.042	466.65  
345.494	401.46  
345.945	422.41  
346.397	392.15  
346.848	364.21  
347.3	427.07    
347.751	380.51  
348.203	413.1   
348.654	441.04  
349.105	431.73  
349.556	448.02  
350.008	415.43  
350.459	413.1   
350.91	399.13   
351.361	464.32  
351.812	394.48  
352.263	466.65  
352.714	417.76  
353.165	359.55  
353.615	415.43  
354.066	441.04  
354.517	478.29  
354.968	438.71  
355.418	415.43  
355.869	387.49  
356.319	422.41  
356.77	403.79   
357.22	408.44   
357.671	368.87  
358.121	410.77  
358.571	510.88  
359.021	417.76  
359.472	429.4   
359.922	424.74  
360.372	450.35  
360.822	424.74  
361.272	410.77  
361.722	394.48  
362.172	396.8   
362.622	441.04  
363.071	424.74  
363.521	427.07  
363.971	389.82  
364.42	424.74   
364.87	408.44   
365.32	396.8    
365.769	406.12  
366.219	410.77  
366.668	378.18  
367.117	382.83  
367.567	443.37  
368.016	429.4   
368.465	403.79  
368.914	438.71  
369.363	375.85  
369.812	438.71  
370.261	455.01  
370.71	473.63   
371.159	389.82  
371.608	431.73  
372.057	422.41  
372.506	345.58  
372.955	387.49  
373.403	448.02  
373.852	408.44  
374.301	468.98  
374.749	468.98  
375.198	466.65  
375.646	413.1   
376.094	415.43  
376.543	441.04  
376.991	380.51  
377.439	389.82  
377.887	389.82  
378.336	420.08  
378.784	389.82  
379.232	485.27  
379.68	373.52   
380.128	452.68  
380.576	445.69  
381.023	452.68  
381.471	408.44  
381.919	389.82  
382.367	443.37  
382.814	396.8   
383.262	438.71  
383.71	461.99   
384.157	434.05  
384.605	410.77  
385.052	396.8   
385.499	468.98  
385.947	387.49  
386.394	401.46  
386.841	464.32  
387.288	392.15  
387.735	436.38  
388.182	406.12  
388.63	413.1    
389.076	406.12  
389.523	431.73  
389.97	457.34   
390.417	396.8   
390.864	380.51  
391.311	326.96  
391.757	422.41  
392.204	394.48  
392.651	392.15  
393.097	406.12  
393.544	385.16  
393.99	385.16   
394.436	450.35  
394.883	413.1   
395.329	378.18  
395.775	417.76  
396.221	436.38  
396.668	436.38  
397.114	445.69  
397.56	452.68   
398.006	382.83  
398.452	438.71  
398.897	466.65  
399.343	368.87  
399.789	410.77  
400.235	385.16  
400.681	482.94  
401.126	450.35  
401.572	461.99  
402.017	399.13  
402.463	413.1   
402.908	378.18  
403.354	403.79  
403.799	448.02  
404.244	452.68  
404.689	403.79  
405.135	443.37  
405.58	361.88   
406.025	436.38  
406.47	354.9    
406.915	394.48  
407.36	401.46   
407.805	387.49  
408.25	443.37   
408.694	408.44  
409.139	399.13  
409.584	441.04  
410.029	410.77  
410.473	354.9   
410.918	382.83  
411.362	340.93  
411.807	385.16  
412.251	394.48  
412.695	385.16  
413.14	427.07   
413.584	438.71  
414.028	413.1   
414.472	375.85  
414.916	455.01  
415.36	457.34   
415.804	427.07  
416.248	436.38  
416.692	436.38  
417.136	406.12  
417.58	436.38   
418.024	434.05  
418.467	443.37  
418.911	336.27  
419.355	471.3   
419.798	452.68  
420.242	378.18  
420.685	448.02  
421.128	361.88  
421.572	420.08  
422.015	401.46  
422.458	443.37  
422.902	389.82  
423.345	364.21  
423.788	403.79  
424.231	343.26  
424.674	406.12  
425.117	448.02  
425.56	352.57   
426.003	478.29  
426.445	461.99  
426.888	382.83  
427.331	385.16  
427.773	392.15  
428.216	431.73  
428.659	471.3   
429.101	403.79  
429.543	441.04  
429.986	464.32  
430.428	455.01  
430.87	373.52   
431.313	427.07  
431.755	422.41  
432.197	438.71  
432.639	489.93  
433.081	403.79  
433.523	387.49  
433.965	394.48  
434.407	427.07  
434.849	401.46  
435.291	468.98  
435.732	396.8   
436.174	408.44  
436.616	368.87  
437.057	413.1   
437.499	455.01  
437.94	420.08   
438.382	461.99  
438.823	429.4   
439.264	394.48  
439.706	382.83  
440.147	445.69  
440.588	429.4   
441.029	403.79  
441.47	436.38   
441.911	459.66  
442.352	354.9   
442.793	431.73  
443.234	427.07  
443.675	378.18  
444.116	473.63  
444.556	455.01  
444.997	422.41  
445.438	457.34  
445.878	443.37  
446.319	471.3   
446.759	489.93  
447.199	413.1   
447.64	464.32   
448.08	434.05   
448.52	471.3    
448.961	438.71  
449.401	445.69  
449.841	424.74  
450.281	336.27  
450.721	382.83  
451.161	394.48  
451.601	420.08  
452.041	401.46  
452.48	399.13   
452.92	436.38   
453.36	371.19   
453.799	445.69  
454.239	515.54  
454.679	331.62  
455.118	434.05  
455.557	438.71  
455.997	434.05  
456.436	455.01  
456.875	452.68  
457.315	410.77  
457.754	403.79  
458.193	480.62  
458.632	471.3   
459.071	457.34  
459.51	450.35   
459.949	441.04  
460.388	471.3   
460.827	452.68  
461.265	459.66  
461.704	431.73  
462.143	399.13  
462.581	443.37  
463.02	452.68   
463.458	459.66  
463.897	464.32  
464.335	392.15  
464.774	438.71  
465.212	429.4   
465.65	487.6    
466.088	457.34  
466.527	436.38  
466.965	408.44  
467.403	520.2   
467.841	506.23  
468.279	455.01  
468.716	475.96  
469.154	461.99  
469.592	489.93  
470.03	445.69   
470.467	471.3   
470.905	552.79  
471.343	527.18  
471.78	531.84   
472.218	545.8   
472.655	508.55  
473.092	529.51  
473.53	448.02   
473.967	510.88  
474.404	643.59  
474.841	564.43  
475.278	662.21  
475.716	599.35  
476.153	583.06  
476.589	631.95  
477.026	666.87  
477.463	706.45  
477.9	683.17    
478.337	722.74  
478.773	787.93  
479.21	820.53   
479.647	890.37  
480.083	888.04  
480.52	909      
480.956	913.65  
481.392	920.64  
481.829	1011.43 
482.265	1074.29 
482.701	1002.12 
483.137	1153.45 
483.574	1258.22 
484.01	1309.44  
484.446	1432.83 
484.882	1411.88 
485.317	1500.35 
485.753	1465.42 
486.189	1700.57 
486.625	1728.5  
487.061	1910.1  
487.496	1833.27 
487.932	1940.36 
488.367	2068.41 
488.803	2180.16 
489.238	2387.37 
489.674	2436.26 
490.109	2513.09 
490.544	2783.15 
490.979	2811.09 
491.415	3057.88 
491.85	3269.74  
492.285	3213.86 
492.72	3577.05  
493.155	3726.05 
493.59	3774.94  
494.024	3970.51 
494.459	4338.36 
494.894	4468.73 
495.329	4915.74 
495.763	5022.83 
496.198	5195.11 
496.632	5663.07 
497.067	5663.07 
497.501	6012.29 
497.936	6186.9  
498.37	6729.36  
498.804	6978.47 
499.238	7234.57 
499.673	7763.06 
500.107	7914.39 
500.541	8354.41 
500.975	8724.58 
501.409	9346.2  
501.843	9867.7  
502.277	10254.18
502.71	10386.88 
503.144	11306.5 
503.578	11725.57
504.011	12298.29
504.445	12756.93
504.878	13278.44
505.312	13595.07
505.745	14475.11
506.179	15120   
506.612	15757.92
507.045	16307.36
507.479	17043.05
507.912	17524.98
508.345	18388.72
508.778	18884.62
509.211	19950.91
509.644	20207   
510.077	20530.62
510.509	21494.47
510.942	22090.47
511.375	22572.4 
511.808	23352.33
512.24	23687.58 
512.673	24649.11
513.105	24951.77
513.538	25131.03
513.97	26425.48 
514.403	26332.36
514.835	26914.39
515.267	26930.69
515.699	27333.46
516.131	27542.99
516.564	27845.65
516.996	27899.2 
517.428	28148.31
517.859	28048.2 
518.291	28194.87
518.723	28132.01
519.155	28013.28
519.587	27743.21
520.018	27678.03
520.45	27580.24 
520.881	26979.58
521.313	26651.31
521.744	26502.31
522.176	25259.08
522.607	25568.73
523.038	24486.14
523.47	24446.56 
523.901	23687.58
524.332	23345.35
524.763	22630.6 
525.194	21967.08
525.625	21259.33
526.056	20754.12
526.487	20102.24
526.917	19783.28
527.348	18807.79
527.779	18486.5 
528.21	17974.31 
528.64	17476.09 
529.071	17096.6 
529.501	16535.52
529.932	15979.09
530.362	15434.3 
530.792	14831.31
531.222	14556.59
531.653	14258.59
532.083	13616.02
532.513	13427.44
532.943	13243.52
533.373	12742.97
533.803	12375.12
534.233	12202.84
534.663	11530   
535.092	11467.14
535.522	10968.92
535.952	10943.31
536.381	10559.16
536.811	10247.19
537.24	9897.97  
537.67	9667.48  
538.099	9446.31 
538.529	9346.2  
538.958	8910.84 
539.387	8689.66 
539.816	8333.46 
540.245	8217.05 
540.674	8172.81 
541.103	7851.53 
541.532	7588.45 
541.961	7595.43 
542.39	7136.79  
542.819	7059.96 
543.248	6633.91 
543.676	6585.02 
544.105	6454.64 
544.534	6172.94 
544.962	6023.93 
545.391	5814.4  
545.819	5651.43 
546.247	5465.18 
546.676	5136.91 
547.104	4987.91 
547.532	4929.71 
547.96	4722.5   
548.388	4634.03 
548.816	4359.31 
549.244	4303.43 
549.672	4161.42 
550.1	4142.79   
550.528	3898.34 
550.956	3788.91 
551.383	3719.07 
551.811	3483.93 
552.238	3432.71 
552.666	3320.96 
553.094	3269.74 
553.521	3095.13 
553.948	3062.53 
554.376	3022.95 
554.803	2915.86 
555.23	2778.5   
555.657	2638.81 
556.084	2575.95 
556.511	2506.1  
556.938	2513.09 
557.365	2410.65 
557.792	2387.37 
558.219	2291.91 
558.646	2201.12 
559.072	2189.48 
559.499	2194.13 
559.926	2121.96 
560.352	2052.12 
560.779	1972.96 
561.205	2000.9  
561.632	1900.79 
562.058	1812.32 
562.484	1921.74 
562.91	1719.19  
563.337	1751.78 
563.763	1665.64 
564.189	1705.22 
564.615	1674.96 
565.041	1588.81 
565.466	1572.52 
565.892	1509.66 
566.318	1414.2  
566.744	1453.78 
567.169	1444.47 
567.595	1328.06 
568.021	1349.02 
568.446	1369.97 
568.872	1321.08 
569.297	1237.26 
569.722	1174.4  
570.148	1183.72 
570.573	1186.05 
570.998	1109.22 
571.423	1062.65 
571.848	1125.51 
572.273	1218.64 
572.698	1069.64 
573.123	957.89  
573.548	1144.14 
573.973	983.5   
574.397	913.65  
574.822	936.93  
575.247	927.62  
575.671	885.71  
576.096	918.31  
576.52	860.1    
576.944	829.84  
577.369	862.43  
577.793	841.48  
578.217	876.4   
578.641	813.54  
579.065	804.23  
579.49	787.93   
579.914	762.32  
580.337	739.04  
580.761	766.98  
581.185	743.7   
581.609	741.37  
582.033	704.12  
582.456	720.42  
582.88	636.6    
583.303	680.84  
583.727	648.24  
584.15	662.21   
584.574	673.85  
584.997	701.79  
585.42	673.85   
585.844	610.99  
586.267	655.23  
586.69	571.41   
587.113	571.41  
587.536	571.41  
587.959	610.99  
588.382	580.73  
588.804	576.07  
589.227	594.7   
589.65	571.41   
590.073	648.24  
590.495	580.73  
590.918	573.74  
591.34	601.68   
591.763	566.76  
592.185	545.8   
592.607	576.07  
593.03	573.74   
593.452	522.52  
593.874	522.52  
594.296	545.8   
594.718	457.34  
595.14	499.24   
595.562	627.29  
595.984	580.73  
596.406	517.87  
596.827	524.85  
597.249	489.93  
597.671	496.91  
598.092	510.88  
598.514	494.59  
598.935	524.85  
599.357	438.71  
599.778	585.38  
600.199	545.8   
600.621	487.6   
601.042	538.82  
601.463	478.29  
601.884	457.34  
602.305	448.02  
602.726	436.38  
603.147	471.3   
603.568	515.54  
603.988	487.6   
604.409	538.82  
604.83	480.62   
605.25	503.9    
605.671	468.98  
606.092	459.66  
606.512	517.87  
606.932	434.05  
607.353	455.01  
607.773	501.57  
608.193	431.73  
608.613	480.62  
609.034	434.05  
609.454	517.87  
609.874	513.21  
610.293	394.48  
610.713	452.68  
611.133	457.34  
611.553	471.3   
611.973	501.57  
612.392	371.19  
612.812	457.34  
613.231	473.63  
613.651	392.15  
614.07	499.24   
614.49	401.46   
614.909	510.88  
615.328	434.05  
615.747	464.32  
616.167	434.05  
616.586	361.88  
617.005	401.46  
617.424	452.68  
617.843	410.77  
618.261	410.77  
618.68	508.55   
619.099	464.32  
619.518	452.68  
619.936	524.85  
620.355	478.29  
620.773	378.18  
621.192	494.59  
621.61	452.68   
622.029	464.32  
622.447	357.23  
622.865	461.99  
623.283	417.76  
623.701	424.74  
624.119	424.74  
624.537	403.79  
624.955	461.99  
625.373	410.77  
625.791	466.65  
626.209	434.05  
626.627	422.41  
627.044	340.93  
627.462	413.1   
627.879	450.35  
628.297	396.8   
628.714	371.19  
629.132	415.43  
629.549	427.07  
629.966	422.41  
630.383	448.02  
630.8	359.55    
631.217	373.52  
631.634	382.83  
632.051	385.16  
632.468	478.29  
632.885	434.05  
633.302	487.6   
633.719	389.82  
634.135	403.79  
634.552	464.32  
634.969	457.34  
635.385	478.29  
635.801	438.71  
636.218	408.44  
636.634	406.12  
637.05	450.35   
637.467	403.79  
637.883	380.51  
638.299	434.05  
638.715	448.02  
639.131	455.01  
639.547	436.38  
639.963	392.15  
640.378	354.9   
640.794	394.48  
641.21	434.05   
641.626	364.21  
642.041	427.07  
642.457	441.04  
642.872	399.13  
643.287	368.87  
643.703	464.32  
644.118	527.18  
644.533	450.35  
644.948	387.49  
645.364	452.68  
645.779	368.87  
646.194	401.46  
646.609	445.69  
647.023	475.96  
647.438	434.05  
647.853	466.65  
648.268	403.79  
648.682	475.96  
649.097	413.1   
649.511	415.43  
649.926	427.07  
650.34	361.88   
650.755	385.16  
651.169	408.44  
651.583	387.49  
651.997	396.8   
652.411	317.65  
652.825	371.19  
653.239	410.77  
653.653	461.99  
654.067	410.77  
654.481	403.79  
654.895	387.49  
655.309	380.51  
655.722	429.4   
656.136	473.63  
656.549	380.51  
656.963	406.12  
657.376	475.96  
657.79	445.69   
658.203	382.83  
658.616	387.49  
659.029	359.55  
659.442	408.44  
659.855	359.55  
660.268	441.04  
660.681	429.4   
661.094	415.43  
661.507	378.18  
661.92	373.52   
662.333	455.01  
662.745	417.76  
663.158	452.68  
663.57	382.83   
663.983	413.1   
664.395	415.43  
664.808	401.46  
665.22	392.15   
665.632	431.73  
666.044	464.32  
666.456	359.55  
666.868	375.85  
667.28	361.88   
667.692	324.63  
668.104	410.77  
668.516	368.87  
668.928	375.85  
669.34	434.05   
669.751	406.12  
670.163	422.41  
670.574	424.74  
670.986	441.04  
671.397	382.83  
671.809	429.4   
672.22	427.07   
672.631	415.43  
673.042	427.07  
673.453	450.35  
673.864	403.79  
674.275	410.77  
674.686	471.3   
675.097	415.43  
675.508	399.13  
675.919	375.85  
676.33	422.41   
676.74	410.77   
677.151	401.46  
677.561	420.08  
677.972	361.88  
678.382	380.51  
678.792	394.48  
679.203	366.54  
679.613	403.79  
680.023	312.99  
680.433	410.77  
680.843	380.51  
681.253	445.69  
681.663	436.38  
682.073	387.49  
682.483	445.69  
682.893	406.12  
683.302	368.87  
683.712	387.49  
684.122	406.12  
684.531	406.12  
684.94	434.05   
685.35	387.49   
685.759	378.18  
686.168	410.77  
686.578	438.71  
686.987	424.74  
687.396	424.74  
687.805	392.15  
688.214	361.88  
688.623	445.69  
689.032	359.55  
689.44	401.46   
689.849	445.69  
690.258	271.08  
690.666	443.37  
691.075	475.96  
691.484	478.29  
691.892	438.71  
692.3	403.79    
692.709	345.58  
693.117	478.29  
693.525	403.79  
693.933	403.79  
694.341	375.85  
694.749	375.85  
695.157	380.51  
695.565	352.57  
695.973	319.97  
696.381	501.57  
696.788	394.48  
697.196	401.46  
697.604	448.02  
698.011	361.88  
698.419	406.12  
698.826	450.35  
699.234	380.51  
699.641	324.63  
700.048	312.99  
700.455	448.02  
700.862	464.32  
701.269	420.08  
701.676	401.46  
702.083	382.83  
702.49	319.97   
702.897	382.83  
703.304	422.41  
703.71	394.48   
704.117	380.51  
704.524	361.88  
704.93	347.91   
705.337	459.66  
705.743	324.63  
706.149	382.83  
706.556	415.43  
706.962	380.51  
707.368	417.76  
707.774	401.46  
708.18	450.35   
708.586	373.52  
708.992	499.24  
709.398	415.43  
709.804	422.41  
710.209	389.82  
710.615	385.16  
711.021	387.49  
711.426	429.4   
711.832	450.35  
712.237	466.65  
712.642	422.41  
713.048	350.24  
713.453	380.51  
713.858	338.6   
714.263	343.26  
714.668	375.85  
715.073	382.83  
715.478	406.12  
715.883	385.16  
716.288	443.37  
716.693	445.69  
717.097	473.63  
717.502	331.62  
717.906	389.82  
718.311	424.74  
718.715	401.46  
719.12	466.65   
719.524	350.24  
719.928	461.99  
720.333	415.43  
720.737	422.41  
721.141	455.01  
721.545	382.83  
721.949	434.05  
722.353	406.12  
722.757	394.48  
723.16	345.58   
723.564	361.88  
723.968	429.4   
724.371	401.46  
724.775	375.85  
725.178	427.07  
725.582	382.83  
725.985	333.94  
726.388	385.16  
726.792	394.48  
727.195	429.4   
727.598	389.82  
728.001	424.74  
728.404	347.91  
728.807	408.44  
729.21	417.76   
729.612	396.8   
730.015	429.4   
730.418	445.69  
730.82	387.49   
731.223	392.15  
731.625	364.21  
732.028	445.69  
732.43	382.83   
732.833	401.46  
733.235	422.41  
733.637	436.38  
734.039	415.43  
734.441	487.6   
734.843	352.57  
735.245	482.94  
735.647	392.15  
736.049	378.18  
736.451	455.01  
736.852	415.43  
737.254	429.4   
737.655	450.35  
738.057	392.15  
738.458	415.43  
738.86	443.37   
739.261	394.48  
739.662	357.23  
740.064	431.73  
740.465	396.8   
740.866	364.21  
741.267	441.04  
741.668	450.35  
742.069	389.82  
742.469	406.12  
742.87	436.38   
743.271	431.73  
743.672	385.16  
744.072	457.34  
744.473	503.9   
744.873	401.46  
745.274	394.48  
745.674	399.13  
746.074	408.44  
746.474	427.07  
746.875	343.26  
747.275	417.76  
747.675	396.8   
748.075	382.83  
748.474	424.74  
748.874	406.12  
749.274	387.49  
749.674	420.08  
750.073	413.1   
750.473	396.8   
750.873	424.74  
751.272	434.05  
751.671	408.44  
752.071	427.07  
752.47	461.99   
752.869	480.62  
753.268	420.08  
753.668	429.4   
754.067	466.65  
754.466	387.49  
754.864	368.87  
755.263	399.13  
755.662	329.29  
756.061	413.1   
756.459	410.77  
756.858	452.68  
757.257	438.71  
757.655	413.1   
758.053	408.44  
758.452	427.07  
758.85	415.43   
759.248	394.48  
759.646	427.07  
760.045	350.24  
760.443	364.21  
760.841	457.34  
761.238	375.85  
761.636	373.52  
762.034	424.74  
762.432	371.19  
762.829	389.82  
763.227	371.19  
763.625	455.01  
764.022	415.43  
764.419	387.49  
764.817	368.87  
765.214	396.8   
765.611	434.05  
766.008	354.9   
766.406	382.83  
766.803	364.21  
767.199	396.8   
767.596	368.87  
767.993	455.01  
768.39	441.04   
768.787	413.1   
769.183	448.02  
769.58	359.55   
769.977	443.37  
770.373	459.66  
770.769	417.76  
771.166	399.13  
771.562	424.74  
771.958	420.08  
772.354	403.79  
772.75	392.15   
773.146	401.46  
773.542	382.83  
773.938	385.16  
774.334	394.48  
774.73	324.63   
775.126	417.76  
775.521	436.38  
775.917	389.82  
776.312	436.38  
776.708	452.68  
777.103	368.87  
777.499	359.55  
777.894	443.37  
778.289	443.37  
778.684	368.87  
779.079	382.83  
779.474	392.15  
779.869	354.9   
780.264	434.05  
780.659	406.12  
781.054	427.07  
781.448	380.51  
781.843	413.1   
782.238	429.4   
782.632	420.08  
783.027	382.83  
783.421	443.37  
783.815	389.82  
784.21	417.76   
784.604	319.97  
784.998	413.1   
785.392	410.77  
785.786	513.21  
786.18	373.52   
786.574	394.48  
786.968	375.85  
787.361	468.98  
787.755	455.01  
788.149	408.44  
788.542	371.19  
788.936	361.88  
789.329	417.76  
789.722	424.74  
790.116	354.9   
790.509	368.87  
790.902	378.18  
791.295	368.87  
791.688	317.65  
792.081	445.69  
792.474	415.43  
792.867	406.12  
793.26	452.68   
793.653	361.88  
794.045	340.93  
794.438	373.52  
794.83	392.15   
795.223	466.65  
795.615	382.83  
796.008	429.4   
796.4	427.07    
796.792	380.51  
797.184	408.44  
797.576	366.54  
797.968	394.48  
798.36	429.4    
798.752	406.12  
799.144	373.52  
799.536	534.16  
799.928	408.44  
800.319	399.13  
800.711	466.65  
801.102	385.16  
801.494	399.13  
801.885	308.33  
802.276	354.9   
802.668	394.48  
803.059	389.82  
803.45	443.37   
803.841	501.57  
804.232	329.29  
804.623	329.29  
805.014	303.68  
805.405	387.49  
805.795	359.55  
806.186	417.76  
806.577	389.82  
806.967	359.55  
807.358	387.49  
807.748	448.02  
808.139	382.83  
808.529	438.71  
808.919	350.24  
809.309	420.08  
809.699	436.38  
810.089	394.48  
810.479	375.85  
810.869	373.52  
811.259	408.44  
811.649	452.68  
812.039	389.82  
812.428	371.19  
812.818	361.88  
813.207	415.43  
813.597	429.4   
813.986	368.87  
814.376	396.8   
814.765	438.71  
815.154	382.83  
815.543	422.41  
815.932	438.71  
816.321	368.87  
816.71	371.19   
817.099	464.32  
817.488	343.26  
817.877	385.16  
818.265	331.62  
818.654	368.87  
819.043	438.71  
819.431	415.43  
819.819	417.76  
820.208	434.05  
820.596	424.74  
820.984	366.54  
821.372	392.15  
821.761	420.08  
822.149	424.74  
822.537	382.83  
822.924	450.35  
823.312	450.35  
823.7	389.82    
824.088	471.3   
824.475	319.97  
824.863	361.88  
825.251	371.19  
825.638	387.49  
826.025	429.4   
826.413	408.44  
826.8	401.46    
827.187	345.58  
827.574	382.83  
827.961	394.48  
828.348	392.15  
828.735	389.82  
829.122	357.23  
829.509	427.07  
829.896	417.76  
830.282	324.63  
830.669	424.74  
831.055	496.91  
831.442	392.15  
831.828	387.49  
832.215	434.05  
832.601	415.43  
832.987	375.85  
833.373	385.16  
833.759	466.65  
834.145	387.49  
834.531	359.55  
834.917	347.91  
835.303	371.19  
835.689	431.73  
836.074	378.18  
836.46	401.46   
836.846	347.91  
837.231	415.43  
837.617	385.16  
838.002	415.43  
838.387	366.54  
838.772	408.44  
839.158	382.83  
839.543	399.13  
839.928	415.43  
840.313	422.41  
840.698	359.55  
841.082	473.63  
841.467	452.68  
841.852	322.3   
842.237	399.13  
842.621	368.87  
843.006	378.18  
843.39	420.08   
843.774	420.08  
844.159	452.68  
844.543	368.87  
844.927	340.93  
845.311	422.41  
845.695	413.1   
846.079	401.46  
846.463	415.43  
846.847	396.8   
847.231	417.76  
847.615	399.13  
847.998	408.44  
848.382	326.96  
848.765	420.08  
849.149	448.02  
849.532	345.58  
849.916	406.12  
850.299	413.1   
850.682	413.1   
851.065	366.54  
851.448	450.35  
851.831	350.24  
852.214	380.51  
852.597	385.16  
852.98	417.76   
853.363	361.88  
853.745	396.8   
854.128	378.18  
854.51	417.76   
854.893	452.68  
855.275	387.49  
855.658	396.8   
856.04	326.96   
856.422	308.33  
856.804	406.12  
857.186	406.12  
857.568	434.05  
857.95	366.54   
858.332	399.13  
858.714	438.71  
859.096	392.15  
859.477	424.74  
859.859	422.41  
860.24	359.55   
860.622	389.82  
861.003	394.48  
861.385	382.83  
861.766	394.48  
862.147	406.12  
862.528	401.46  
862.909	431.73  
863.29	357.23   
863.671	450.35  
864.052	420.08  
864.433	389.82  
864.814	455.01  
865.194	413.1   
865.575	417.76  
865.955	427.07  
866.336	406.12  
866.716	448.02  
867.097	399.13  
867.477	457.34  
867.857	392.15  
868.237	457.34  
868.617	361.88  
868.997	326.96  
869.377	450.35  
869.757	324.63  
870.137	389.82  
870.517	396.8   
870.896	441.04  
871.276	366.54  
871.655	461.99  
872.035	457.34  
872.414	392.15  
872.794	464.32  
873.173	408.44  
873.552	438.71  
873.931	366.54  
874.31	450.35   
874.689	396.8   
875.068	424.74  
875.447	394.48  
875.826	371.19  
876.205	431.73  
876.583	359.55  
876.962	424.74  
877.341	394.48  
877.719	410.77  
878.097	422.41  
878.476	396.8   
878.854	340.93  
879.232	427.07  
879.61	427.07   
879.988	394.48  
880.366	410.77  
880.744	401.46  
881.122	392.15  
881.5	387.49    
881.878	403.79  
882.255	389.82  
882.633	333.94  
883.011	389.82  
883.388	396.8   
883.765	459.66  
884.143	345.58  
884.52	406.12   
884.897	359.55  
885.274	410.77  
885.651	347.91  
886.028	389.82  
886.405	331.62  
886.782	443.37  
887.159	352.57  
887.536	427.07  
887.912	373.52  
888.289	396.8   
888.665	434.05  
889.042	387.49  
889.418	410.77  
889.794	399.13  
890.171	392.15  
890.547	406.12  
890.923	382.83  
891.299	389.82  
891.675	420.08  
892.051	427.07  
892.427	499.24  
892.803	422.41  
893.178	424.74  
893.554	413.1   
893.929	350.24  
894.305	364.21  
894.68	417.76   
895.056	443.37  
895.431	422.41  
895.806	401.46  
896.181	371.19  
896.557	382.83  
896.932	392.15  
897.307	380.51  
897.681	324.63  
898.056	382.83  
898.431	380.51  
898.806	399.13  
899.18	415.43   
899.555	387.49  
899.929	408.44  
900.304	340.93  
900.678	373.52  
901.052	392.15  
901.427	429.4   
901.801	331.62  
902.175	359.55  
902.549	389.82  
902.923	445.69  
903.297	385.16  
903.67	364.21   
904.044	396.8   
904.418	326.96  
904.791	280.4   
905.165	394.48  
905.538	375.85  
905.912	387.49  
906.285	431.73  
906.658	375.85  
907.032	431.73  
907.405	399.13  
907.778	410.77  
908.151	366.54  
908.524	413.1   
908.896	371.19  
909.269	294.37  
909.642	389.82  
910.015	371.19  
910.387	333.94  
910.76	322.3    
911.132	354.9   
911.504	461.99  
911.877	406.12  
912.249	354.9   
912.621	373.52  
912.993	413.1   
913.365	443.37  
913.737	354.9   
914.109	389.82  
914.481	301.35  
914.853	431.73  
915.224	396.8   
915.596	427.07  
915.968	410.77  
916.339	319.97  
916.71	427.07   
917.082	396.8   
917.453	368.87  
917.824	343.26  
918.195	394.48  
918.566	382.83  
918.937	475.96  
919.308	396.8   
919.679	382.83  
920.05	403.79   
920.421	478.29  
920.791	389.82  
921.162	275.74  
921.532	380.51  
921.903	413.1   
922.273	408.44  
922.644	387.49  
923.014	401.46  
923.384	466.65  
923.754	399.13  
924.124	336.27  
924.494	396.8   
924.864	394.48  
925.234	361.88  
925.604	415.43  
925.973	431.73  
926.343	350.24  
926.712	408.44  
927.082	359.55  
927.451	406.12  
927.821	459.66  
928.19	373.52   
928.559	387.49  
928.928	359.55  
929.297	508.55  
929.666	352.57  
930.035	399.13  
930.404	503.9   
930.773	401.46  
931.142	308.33  
931.51	443.37   
931.879	326.96  
932.247	394.48  
932.616	389.82  
932.984	417.76  
933.353	387.49  
933.721	403.79  
934.089	319.97  
934.457	382.83  
934.825	420.08  
935.193	359.55  
935.561	375.85  
935.929	380.51  
936.296	380.51  
936.664	329.29  
937.032	443.37  
937.399	399.13  
937.767	382.83  
938.134	401.46  
938.501	371.19  
938.869	406.12  
939.236	350.24  
939.603	352.57  
939.97	394.48   
940.337	364.21  
940.704	373.52  
941.071	434.05  
941.438	461.99  
941.804	361.88  
942.171	371.19  
942.538	399.13  
942.904	345.58  
943.27	331.62   
943.637	401.46  
944.003	294.37  
944.369	410.77  
944.735	347.91  
945.102	382.83  
945.468	403.79  
945.833	438.71  
946.199	389.82  
946.565	375.85  
946.931	389.82  
947.296	352.57  
947.662	394.48  
948.028	387.49  
948.393	417.76  
948.758	340.93  
949.124	424.74  
949.489	352.57  
949.854	350.24  
950.219	401.46  
950.584	420.08  
950.949	443.37  
951.314	420.08  
951.679	396.8   
952.044	389.82  
952.408	417.76  
952.773	354.9   
953.137	399.13  
953.502	401.46  
953.866	364.21  
954.231	378.18  
954.595	403.79  
954.959	350.24  
955.323	347.91  
955.687	403.79  
956.051	373.52  
956.415	385.16  
956.779	415.43  
957.143	394.48  
957.506	441.04  
957.87	422.41   
958.234	371.19  
958.597	396.8   
958.961	366.54  
959.324	347.91  
959.687	380.51  
960.05	401.46   
960.413	359.55  
960.776	361.88  
961.139	347.91  
961.502	378.18  
961.865	468.98  
962.228	448.02  
962.591	420.08  
962.953	445.69  
963.316	378.18  
963.678	422.41  
964.041	371.19  
964.403	394.48  
964.765	452.68  
965.128	392.15  
965.49	338.6    
965.852	406.12  
966.214	352.57  
966.576	434.05  
966.938	375.85  
967.299	371.19  
967.661	410.77  
968.023	354.9   
968.384	387.49  
968.746	422.41  
969.107	429.4   
969.469	459.66  
969.83	455.01   
970.191	354.9   
970.552	380.51  
970.913	315.32  
971.274	417.76  
971.635	429.4   
971.996	347.91  
972.357	415.43  
972.718	350.24  
973.078	396.8   
973.439	375.85  
973.8	431.73    
974.16	452.68   
974.52	434.05   
974.881	387.49  
975.241	329.29  
975.601	436.38  
975.961	345.58  
976.321	466.65  
976.681	401.46  
977.041	329.29  
977.401	406.12  
977.76	361.88   
978.12	385.16   
978.48	380.51   
978.839	422.41  
979.199	480.62  
979.558	415.43  
979.917	371.19  
980.277	392.15  
980.636	427.07  
980.995	396.8   
981.354	461.99  
981.713	396.8   
982.072	422.41  
982.43	378.18   
982.789	424.74  
983.148	406.12  
983.506	438.71  
983.865	427.07  
984.223	364.21  
984.582	350.24  
984.94	317.65   
985.298	371.19  
985.656	434.05  
986.015	347.91  
986.373	429.4   
986.731	343.26  
987.088	387.49  
987.446	345.58  
987.804	417.76  
988.162	371.19  
988.519	345.58  
988.877	364.21  
989.234	352.57  
989.591	401.46  
989.949	434.05  
990.306	413.1   
990.663	394.48  
991.02	434.05   
991.377	417.76  
991.734	438.71  
992.091	333.94  
992.448	380.51  
992.805	350.24  
993.161	368.87  
993.518	366.54  
993.874	364.21  
994.231	396.8   
994.587	401.46  
994.943	378.18  
995.3	394.48    
995.656	413.1   
996.012	336.27  
996.368	394.48  
996.724	424.74  
997.08	450.35   
997.435	338.6   
997.791	417.76  
998.147	361.88  
998.502	410.77  
998.858	385.16  
999.213	343.26  
999.569	336.27  
999.924	373.52  
1000.279	431.73 
1000.634	408.44 
1000.989	420.08 
1001.344	380.51 
1001.699	306.01 
1002.054	431.73 
1002.409	364.21 
1002.764	445.69 
1003.118	378.18 
1003.473	410.77 
1003.827	399.13 
1004.182	394.48 
1004.536	434.05 
1004.89	373.52  
1005.245	496.91 
1005.599	401.46 
1005.953	380.51 
1006.307	420.08 
1006.661	389.82 
1007.015	310.66 
1007.368	431.73 
1007.722	420.08 
1008.076	361.88 
1008.429	350.24 
1008.783	394.48 
1009.136	445.69 
1009.489	459.66 
1009.843	457.34 
1010.196	443.37 
1010.549	347.91 
1010.902	312.99 
1011.255	375.85 
1011.608	431.73 
1011.961	443.37 
1012.313	389.82 
1012.666	359.55 
1013.019	422.41 
1013.371	389.82 
1013.724	387.49 
1014.076	420.08 
1014.428	387.49 
1014.781	408.44 
1015.133	401.46 
1015.485	378.18 
1015.837	408.44 
1016.189	434.05 
1016.541	326.96 
1016.893	319.97 
1017.244	406.12 
1017.596	336.27 
1017.947	401.46 
1018.299	422.41 
1018.65	417.76  
1019.002	387.49 
1019.353	394.48 
1019.704	394.48 
1020.055	380.51 
1020.407	294.37 
1020.758	406.12 
1021.108	375.85 
1021.459	282.72 
1021.81	392.15  
1022.161	438.71 
1022.511	429.4  
1022.862	357.23 
1023.213	366.54 
1023.563	347.91 
1023.913	380.51 
1024.264	371.19 
1024.614	445.69 
1024.964	366.54 
1025.314	413.1  
1025.664	401.46 
1026.014	415.43 
1026.364	424.74 
1026.713	380.51 
1027.063	450.35 
1027.413	408.44 
1027.762	364.21 
1028.112	443.37 
1028.461	359.55 
1028.81	361.88  
1029.16	387.49  
1029.509	278.07 
1029.858	308.33 
1030.207	392.15 
1030.556	420.08 
1030.905	401.46 
1031.254	429.4  
1031.602	417.76 
1031.951	408.44 
1032.3	352.57   
1032.648	352.57 
1032.996	352.57 
1033.345	352.57 