187.879	-32.16  
188.346	-32.16  
188.813	-32.16  
189.28	-69.41   
189.747	-104.33 
190.214	-78.72  
190.681	-43.8   
191.148	-22.84  
191.614	-83.38  
192.081	-88.03  
192.548	-69.41  
193.014	-25.17  
193.481	51.66   
193.948	-57.77  
194.414	-13.53  
194.881	-8.88   
195.347	21.39   
195.813	74.94   
196.28	126.16   
196.746	130.81  
197.212	86.58   
197.678	86.58   
198.145	161.08  
198.611	219.28  
199.077	202.99  
199.543	235.58  
200.009	212.3   
200.475	216.95  
200.941	237.91  
201.407	270.5   
201.873	258.86  
202.338	312.41  
202.804	338.02  
203.27	326.38   
203.735	356.64  
204.201	391.57  
204.667	368.28  
205.132	342.67  
205.598	333.36  
206.063	426.49  
206.529	445.11  
206.994	363.63  
207.459	466.07  
207.925	414.85  
208.39	354.31   
208.855	405.53  
209.32	417.17   
209.785	487.02  
210.25	400.88   
210.715	389.24  
211.18	377.6    
211.645	442.78  
212.11	398.55   
212.575	421.83  
213.04	382.25   
213.504	414.85  
213.969	349.66  
214.434	354.31  
214.899	407.86  
215.363	361.3   
215.828	433.47  
216.292	345     
216.757	393.89  
217.221	386.91  
217.685	563.85  
218.15	354.31   
218.614	338.02  
219.078	277.49  
219.542	382.25  
220.007	428.82  
220.471	361.3   
220.935	338.02  
221.399	414.85  
221.863	305.42  
222.327	365.96  
222.791	321.72  
223.254	379.92  
223.718	345     
224.182	368.28  
224.646	328.71  
225.109	372.94  
225.573	372.94  
226.037	379.92  
226.5	424.16    
226.964	398.55  
227.427	310.08  
227.89	286.8    
228.354	428.82  
228.817	358.97  
229.28	419.5    
229.744	356.64  
230.207	307.75  
230.67	291.45   
231.133	354.31  
231.596	296.11  
232.059	384.58  
232.522	319.39  
232.985	393.89  
233.448	356.64  
233.911	372.94  
234.374	310.08  
234.836	407.86  
235.299	412.52  
235.762	398.55  
236.224	342.67  
236.687	379.92  
237.149	405.53  
237.612	370.61  
238.074	335.69  
238.537	331.03  
238.999	340.35  
239.461	424.16  
239.924	345     
240.386	407.86  
240.848	363.63  
241.31	317.06   
241.772	368.28  
242.234	403.21  
242.696	419.5   
243.158	361.3   
243.62	365.96   
244.082	410.19  
244.544	328.71  
245.006	370.61  
245.468	456.75  
245.929	398.55  
246.391	412.52  
246.852	342.67  
247.314	382.25  
247.776	421.83  
248.237	368.28  
248.698	384.58  
249.16	372.94   
249.621	379.92  
250.082	305.42  
250.544	391.57  
251.005	407.86  
251.466	291.45  
251.927	400.88  
252.388	372.94  
252.849	347.33  
253.31	382.25   
253.771	384.58  
254.232	375.27  
254.693	370.61  
255.154	398.55  
255.615	338.02  
256.075	389.24  
256.536	417.17  
256.997	424.16  
257.457	331.03  
257.918	384.58  
258.378	438.13  
258.839	410.19  
259.299	484.69  
259.759	428.82  
260.22	324.05   
260.68	403.21   
261.14	431.14   
261.6	333.36    
262.06	365.96   
262.521	396.22  
262.981	384.58  
263.441	412.52  
263.901	335.69  
264.36	403.21   
264.82	424.16   
265.28	398.55   
265.74	412.52   
266.2	347.33    
266.659	384.58  
267.119	424.16  
267.579	410.19  
268.038	454.43  
268.498	398.55  
268.957	407.86  
269.416	410.19  
269.876	393.89  
270.335	424.16  
270.794	428.82  
271.254	438.13  
271.713	412.52  
272.172	356.64  
272.631	414.85  
273.09	351.99   
273.549	421.83  
274.008	379.92  
274.467	393.89  
274.926	424.16  
275.385	331.03  
275.843	375.27  
276.302	424.16  
276.761	435.8   
277.22	396.22   
277.678	382.25  
278.137	445.11  
278.595	354.31  
279.054	405.53  
279.512	386.91  
279.97	445.11   
280.429	410.19  
280.887	393.89  
281.345	400.88  
281.803	405.53  
282.262	410.19  
282.72	389.24   
283.178	435.8   
283.636	393.89  
284.094	354.31  
284.552	370.61  
285.01	405.53   
285.467	419.5   
285.925	403.21  
286.383	384.58  
286.841	354.31  
287.298	526.6   
287.756	407.86  
288.213	412.52  
288.671	482.36  
289.128	342.67  
289.586	475.38  
290.043	442.78  
290.5	445.11    
290.958	442.78  
291.415	377.6   
291.872	454.43  
292.329	382.25  
292.786	433.47  
293.243	382.25  
293.7	447.44    
294.157	405.53  
294.614	412.52  
295.071	414.85  
295.528	384.58  
295.985	398.55  
296.441	386.91  
296.898	412.52  
297.355	368.28  
297.811	389.24  
298.268	382.25  
298.724	400.88  
299.181	421.83  
299.637	345     
300.094	410.19  
300.55	375.27   
301.006	454.43  
301.462	384.58  
301.919	421.83  
302.375	426.49  
302.831	412.52  
303.287	433.47  
303.743	505.64  
304.199	384.58  
304.655	363.63  
305.11	389.24   
305.566	433.47  
306.022	417.17  
306.478	440.46  
306.933	552.21  
307.389	428.82  
307.845	335.69  
308.3	410.19    
308.756	342.67  
309.211	342.67  
309.666	431.14  
310.122	356.64  
310.577	459.08  
311.032	470.72  
311.487	382.25  
311.943	412.52  
312.398	412.52  
312.853	365.96  
313.308	489.35  
313.763	389.24  
314.218	412.52  
314.672	445.11  
315.127	398.55  
315.582	405.53  
316.037	396.22  
316.492	435.8   
316.946	452.1   
317.401	424.16  
317.855	400.88  
318.31	456.75   
318.764	461.41  
319.219	461.41  
319.673	484.69  
320.127	435.8   
320.582	426.49  
321.036	386.91  
321.49	419.5    
321.944	347.33  
322.398	433.47  
322.852	391.57  
323.306	396.22  
323.76	417.17   
324.214	403.21  
324.668	428.82  
325.122	468.39  
325.575	414.85  
326.029	410.19  
326.483	468.39  
326.936	347.33  
327.39	421.83   
327.843	349.66  
328.297	454.43  
328.75	365.96   
329.204	379.92  
329.657	459.08  
330.11	456.75   
330.564	438.13  
331.017	398.55  
331.47	368.28   
331.923	454.43  
332.376	328.71  
332.829	328.71  
333.282	340.35  
333.735	475.38  
334.188	382.25  
334.641	491.68  
335.093	426.49  
335.546	433.47  
335.999	431.14  
336.451	412.52  
336.904	405.53  
337.356	382.25  
337.809	414.85  
338.261	370.61  
338.714	356.64  
339.166	363.63  
339.618	398.55  
340.07	438.13   
340.523	442.78  
340.975	398.55  
341.427	389.24  
341.879	442.78  
342.331	379.92  
342.783	405.53  
343.235	438.13  
343.687	447.44  
344.138	428.82  
344.59	419.5    
345.042	414.85  
345.494	435.8   
345.945	426.49  
346.397	473.05  
346.848	440.46  
347.3	372.94    
347.751	452.1   
348.203	419.5   
348.654	447.44  
349.105	473.05  
349.556	449.77  
350.008	428.82  
350.459	379.92  
350.91	431.14   
351.361	368.28  
351.812	459.08  
352.263	403.21  
352.714	438.13  
353.165	361.3   
353.615	405.53  
354.066	379.92  
354.517	393.89  
354.968	370.61  
355.418	433.47  
355.869	358.97  
356.319	419.5   
356.77	342.67   
357.22	442.78   
357.671	391.57  
358.121	317.06  
358.571	421.83  
359.021	456.75  
359.472	419.5   
359.922	449.77  
360.372	412.52  
360.822	449.77  
361.272	379.92  
361.722	417.17  
362.172	421.83  
362.622	426.49  
363.071	417.17  
363.521	377.6   
363.971	358.97  
364.42	482.36   
364.87	372.94   
365.32	391.57   
365.769	452.1   
366.219	340.35  
366.668	354.31  
367.117	421.83  
367.567	347.33  
368.016	377.6   
368.465	442.78  
368.914	412.52  
369.363	384.58  
369.812	393.89  
370.261	372.94  
370.71	363.63   
371.159	426.49  
371.608	435.8   
372.057	365.96  
372.506	459.08  
372.955	421.83  
373.403	405.53  
373.852	400.88  
374.301	459.08  
374.749	417.17  
375.198	407.86  
375.646	456.75  
376.094	445.11  
376.543	384.58  
376.991	396.22  
377.439	396.22  
377.887	454.43  
378.336	358.97  
378.784	440.46  
379.232	461.41  
379.68	396.22   
380.128	354.31  
380.576	410.19  
381.023	417.17  
381.471	424.16  
381.919	438.13  
382.367	426.49  
382.814	454.43  
383.262	452.1   
383.71	447.44   
384.157	384.58  
384.605	372.94  
385.052	480.03  
385.499	372.94  
385.947	449.77  
386.394	398.55  
386.841	426.49  
387.288	400.88  
387.735	500.99  
388.182	449.77  
388.63	368.28   
389.076	410.19  
389.523	459.08  
389.97	400.88   
390.417	379.92  
390.864	466.07  
391.311	407.86  
391.757	505.64  
392.204	393.89  
392.651	410.19  
393.097	445.11  
393.544	414.85  
393.99	333.36   
394.436	417.17  
394.883	417.17  
395.329	335.69  
395.775	410.19  
396.221	391.57  
396.668	442.78  
397.114	410.19  
397.56	459.08   
398.006	398.55  
398.452	528.93  
398.897	489.35  
399.343	393.89  
399.789	426.49  
400.235	452.1   
400.681	363.63  
401.126	396.22  
401.572	445.11  
402.017	363.63  
402.463	414.85  
402.908	445.11  
403.354	480.03  
403.799	433.47  
404.244	496.33  
404.689	428.82  
405.135	377.6   
405.58	414.85   
406.025	424.16  
406.47	407.86   
406.915	412.52  
407.36	428.82   
407.805	494     
408.25	405.53   
408.694	433.47  
409.139	379.92  
409.584	468.39  
410.029	412.52  
410.473	466.07  
410.918	438.13  
411.362	400.88  
411.807	328.71  
412.251	393.89  
412.695	403.21  
413.14	417.17   
413.584	393.89  
414.028	426.49  
414.472	417.17  
414.916	384.58  
415.36	442.78   
415.804	370.61  
416.248	447.44  
416.692	368.28  
417.136	426.49  
417.58	386.91   
418.024	405.53  
418.467	473.05  
418.911	414.85  
419.355	405.53  
419.798	470.72  
420.242	442.78  
420.685	391.57  
421.128	428.82  
421.572	428.82  
422.015	410.19  
422.458	335.69  
422.902	454.43  
423.345	421.83  
423.788	435.8   
424.231	356.64  
424.674	431.14  
425.117	428.82  
425.56	431.14   
426.003	456.75  
426.445	440.46  
426.888	347.33  
427.331	473.05  
427.773	468.39  
428.216	421.83  
428.659	393.89  
429.101	421.83  
429.543	391.57  
429.986	459.08  
430.428	407.86  
430.87	407.86   
431.313	389.24  
431.755	431.14  
432.197	393.89  
432.639	461.41  
433.081	475.38  
433.523	461.41  
433.965	482.36  
434.407	384.58  
434.849	396.22  
435.291	487.02  
435.732	410.19  
436.174	456.75  
436.616	412.52  
437.057	489.35  
437.499	356.64  
437.94	477.71   
438.382	398.55  
438.823	421.83  
439.264	447.44  
439.706	403.21  
440.147	463.74  
440.588	433.47  
441.029	454.43  
441.47	454.43   
441.911	398.55  
442.352	345     
442.793	410.19  
443.234	358.97  
443.675	456.75  
444.116	447.44  
444.556	412.52  
444.997	463.74  
445.438	363.63  
445.878	435.8   
446.319	393.89  
446.759	417.17  
447.199	382.25  
447.64	440.46   
448.08	428.82   
448.52	375.27   
448.961	456.75  
449.401	407.86  
449.841	454.43  
450.281	454.43  
450.721	370.61  
451.161	403.21  
451.601	400.88  
452.041	386.91  
452.48	424.16   
452.92	391.57   
453.36	440.46   
453.799	421.83  
454.239	414.85  
454.679	442.78  
455.118	393.89  
455.557	407.86  
455.997	445.11  
456.436	452.1   
456.875	396.22  
457.315	496.33  
457.754	386.91  
458.193	345     
458.632	475.38  
459.071	386.91  
459.51	435.8    
459.949	358.97  
460.388	393.89  
460.827	361.3   
461.265	414.85  
461.704	372.94  
462.143	517.29  
462.581	421.83  
463.02	470.72   
463.458	461.41  
463.897	473.05  
464.335	452.1   
464.774	487.02  
465.212	494     
465.65	456.75   
466.088	461.41  
466.527	428.82  
466.965	417.17  
467.403	496.33  
467.841	445.11  
468.279	438.13  
468.716	431.14  
469.154	414.85  
469.592	445.11  
470.03	507.97   
470.467	542.89  
470.905	449.77  
471.343	494     
471.78	549.88   
472.218	526.6   
472.655	566.18  
473.092	524.27  
473.53	519.61   
473.967	514.96  
474.404	517.29  
474.841	601.1   
475.278	640.68  
475.716	684.91  
476.153	561.52  
476.589	759.41  
477.026	684.91  
477.463	694.22  
477.9	675.6     
478.337	757.08  
478.773	792.01  
479.21	917.73   
479.647	712.85  
480.083	824.6   
480.52	892.12   
480.956	929.37  
481.392	1015.51 
481.829	1020.16 
482.265	982.91  
482.701	1145.88 
483.137	1164.51 
483.574	1301.87 
484.01	1346.11  
484.446	1322.82 
484.882	1488.12 
485.317	1464.84 
485.753	1560.29 
486.189	1602.2  
486.625	1669.72 
487.061	1746.55 
487.496	1753.53 
487.932	1979.36 
488.367	2158.63 
488.803	2163.28 
489.238	2268.05 
489.674	2438.01 
490.109	2729.02 
490.544	2794.21 
490.979	2950.2  
491.415	2952.53 
491.85	3166.72  
492.285	3262.17 
492.72	3471.7   
493.155	3567.16 
493.59	3862.83  
494.024	4025.8  
494.459	4277.24 
494.894	4419.26 
495.329	4766.15 
495.763	4968.7  
496.198	5189.88 
496.632	5422.69 
497.067	5820.8  
497.501	6021.02 
497.936	6258.49 
498.37	6596.08  
498.804	6894.08 
499.238	7201.39 
499.673	7767.13 
500.107	8081.43 
500.541	8607.59 
500.975	8924.22 
501.409	9203.6  
501.843	9664.57 
502.277	10239.63
502.71	10460.8  
503.144	11219.78
503.578	11666.78
504.011	12274.43
504.445	12535.18
504.878	13398.92
505.312	13871.53
505.745	14458.23
506.179	14991.37
506.612	15848.13
507.045	16097.24
507.479	16874.84
507.912	17545.35
508.345	18416.08
508.778	18616.3 
509.211	19677.93
509.644	20038.79
510.077	20676.71
510.509	21885.02
510.942	21845.44
511.375	22674.26
511.808	23072.37
512.24	23815.05 
512.673	24234.11
513.105	24716.04
513.538	25554.17
513.97	26089.65 
514.403	26227.01
514.835	27088.42
515.267	26995.3 
515.699	27456.27
516.131	27509.82
516.564	28108.15
516.996	27700.73
517.428	27970.79
517.859	28015.03
518.291	28042.96
518.723	27949.84
519.155	28068.57
519.587	27491.19
520.018	27717.02
520.45	27270.02 
520.881	27460.93
521.313	26632.11
521.744	26436.54
522.176	25859.16
522.607	25402.84
523.038	24743.98
523.47	24329.57 
523.901	23402.97
524.332	23072.37
524.763	22583.46
525.194	21812.84
525.625	21330.92
526.056	21016.62
526.487	19961.97
526.917	19694.23
527.348	19577.82
527.779	18630.27
528.21	17997.01 
528.64	17424.29 
529.071	16874.84
529.501	16402.23
529.932	15803.9 
530.362	15389.49
530.792	15056.56
531.222	14451.24
531.653	14176.52
532.083	13804.02
532.513	13331.4 
532.943	13066   
533.373	12819.21
533.803	12188.28
534.233	11992.72
534.663	11762.23
535.092	11466.56
535.522	11068.45
535.952	10817.01
536.381	10635.41
536.811	10418.89
537.24	9976.54  
537.67	9638.96  
538.099	9331.65 
538.529	9161.69 
538.958	8879.99 
539.387	8775.22 
539.816	8640.19 
540.245	8062.81 
540.674	8032.54 
541.103	7939.42 
541.532	7466.8  
541.961	7478.44 
542.39	7059.38  
542.819	6915.03 
543.248	6929    
543.676	6402.84 
544.105	6246.85 
544.534	6163.04 
544.962	5941.87 
545.391	5837.1  
545.819	5634.55 
546.247	5345.86 
546.676	5182.89 
547.104	5115.37 
547.532	4903.51 
547.96	4812.72  
548.388	4551.96 
548.816	4479.79 
549.244	4305.18 
549.672	4088.66 
550.1	4111.94   
550.528	3883.79 
550.956	3858.18 
551.383	3713.83 
551.811	3602.08 
552.238	3343.66 
552.666	3290.11 
553.094	3266.83 
553.521	3166.72 
553.948	3013.06 
554.376	3034.01 
554.803	2871.04 
555.23	2761.62  
555.657	2563.73 
556.084	2635.9  
556.511	2514.83 
556.938	2540.44 
557.365	2486.9  
557.792	2447.32 
558.219	2233.13 
558.646	2242.44 
559.072	2165.61 
559.499	2149.32 
559.926	1993.33 
560.352	2086.46 
560.779	2067.83 
561.205	1997.99 
561.632	1881.58 
562.058	1851.31 
562.484	1828.03 
562.91	1828.03  
563.337	1765.17 
563.763	1697.66 
564.189	1695.33 
564.615	1613.84 
565.041	1590.56 
565.466	1658.08 
565.892	1581.25 
566.318	1478.81 
566.744	1567.28 
567.169	1457.86 
567.595	1511.4  
568.021	1392.67 
568.446	1415.95 
568.872	1287.9  
569.297	1225.04 
569.722	1273.93 
570.148	1318.17 
570.573	1218.06 
570.998	1194.78 
571.423	1150.54 
571.848	1131.92 
572.273	1090.01 
572.698	1099.32 
573.123	1027.15 
573.548	1052.76 
573.973	1038.79 
574.397	1078.37 
574.822	878.15  
575.247	920.05  
575.671	850.21  
576.096	894.44  
576.52	978.26   
576.944	882.8   
577.369	815.29  
577.793	854.87  
578.217	812.96  
578.641	766.4   
579.065	787.35  
579.49	768.72   
579.914	782.69  
580.337	743.12  
580.761	775.71  
581.185	773.38  
581.609	792.01  
582.033	715.18  
582.456	712.85  
582.88	673.27   
583.303	649.99  
583.727	649.99  
584.15	680.26   
584.574	689.57  
584.997	696.55  
585.42	605.75   
585.844	629.04  
586.267	659.3   
586.69	649.99   
587.113	647.66  
587.536	612.74  
587.959	591.79  
588.382	549.88  
588.804	638.35  
589.227	568.5   
589.65	577.82   
590.073	601.1   
590.495	570.83  
590.918	461.41  
591.34	556.86   
591.763	594.11  
592.185	521.94  
592.607	580.15  
593.03	512.63   
593.452	512.63  
593.874	554.54  
594.296	570.83  
594.718	524.27  
595.14	538.24   
595.562	533.58  
595.984	517.29  
596.406	524.27  
596.827	431.14  
597.249	549.88  
597.671	426.49  
598.092	512.63  
598.514	445.11  
598.935	570.83  
599.357	487.02  
599.778	484.69  
600.199	426.49  
600.621	475.38  
601.042	566.18  
601.463	500.99  
601.884	454.43  
602.305	461.41  
602.726	487.02  
603.147	489.35  
603.568	484.69  
603.988	456.75  
604.409	512.63  
604.83	431.14   
605.25	442.78   
605.671	528.93  
606.092	496.33  
606.512	473.05  
606.932	491.68  
607.353	484.69  
607.773	517.29  
608.193	445.11  
608.613	503.32  
609.034	452.1   
609.454	417.17  
609.874	438.13  
610.293	452.1   
610.713	431.14  
611.133	470.72  
611.553	410.19  
611.973	482.36  
612.392	494     
612.812	454.43  
613.231	447.44  
613.651	445.11  
614.07	419.5    
614.49	426.49   
614.909	424.16  
615.328	459.08  
615.747	466.07  
616.167	412.52  
616.586	475.38  
617.005	428.82  
617.424	459.08  
617.843	487.02  
618.261	440.46  
618.68	431.14   
619.099	468.39  
619.518	403.21  
619.936	361.3   
620.355	500.99  
620.773	435.8   
621.192	454.43  
621.61	454.43   
622.029	396.22  
622.447	489.35  
622.865	433.47  
623.283	414.85  
623.701	461.41  
624.119	494     
624.537	466.07  
624.955	470.72  
625.373	396.22  
625.791	391.57  
626.209	477.71  
626.627	449.77  
627.044	419.5   
627.462	438.13  
627.879	431.14  
628.297	477.71  
628.714	440.46  
629.132	407.86  
629.549	379.92  
629.966	500.99  
630.383	431.14  
630.8	459.08    
631.217	382.25  
631.634	475.38  
632.051	419.5   
632.468	412.52  
632.885	421.83  
633.302	398.55  
633.719	370.61  
634.135	514.96  
634.552	435.8   
634.969	403.21  
635.385	414.85  
635.801	452.1   
636.218	468.39  
636.634	382.25  
637.05	403.21   
637.467	466.07  
637.883	400.88  
638.299	407.86  
638.715	389.24  
639.131	454.43  
639.547	398.55  
639.963	528.93  
640.378	377.6   
640.794	428.82  
641.21	419.5    
641.626	419.5   
642.041	521.94  
642.457	405.53  
642.872	482.36  
643.287	449.77  
643.703	431.14  
644.118	454.43  
644.533	396.22  
644.948	382.25  
645.364	412.52  
645.779	370.61  
646.194	442.78  
646.609	466.07  
647.023	431.14  
647.438	473.05  
647.853	377.6   
648.268	396.22  
648.682	449.77  
649.097	403.21  
649.511	400.88  
649.926	424.16  
650.34	377.6    
650.755	398.55  
651.169	393.89  
651.583	398.55  
651.997	386.91  
652.411	410.19  
652.825	452.1   
653.239	412.52  
653.653	377.6   
654.067	382.25  
654.481	473.05  
654.895	428.82  
655.309	417.17  
655.722	400.88  
656.136	426.49  
656.549	456.75  
656.963	473.05  
657.376	461.41  
657.79	417.17   
658.203	414.85  
658.616	463.74  
659.029	433.47  
659.442	386.91  
659.855	461.41  
660.268	386.91  
660.681	419.5   
661.094	456.75  
661.507	466.07  
661.92	400.88   
662.333	377.6   
662.745	463.74  
663.158	445.11  
663.57	454.43   
663.983	426.49  
664.395	396.22  
664.808	433.47  
665.22	442.78   
665.632	386.91  
666.044	340.35  
666.456	419.5   
666.868	396.22  
667.28	391.57   
667.692	410.19  
668.104	456.75  
668.516	440.46  
668.928	419.5   
669.34	384.58   
669.751	407.86  
670.163	407.86  
670.574	435.8   
670.986	393.89  
671.397	370.61  
671.809	405.53  
672.22	386.91   
672.631	410.19  
673.042	403.21  
673.453	438.13  
673.864	410.19  
674.275	447.44  
674.686	384.58  
675.097	477.71  
675.508	398.55  
675.919	375.27  
676.33	398.55   
676.74	328.71   
677.151	473.05  
677.561	447.44  
677.972	384.58  
678.382	438.13  
678.792	407.86  
679.203	424.16  
679.613	379.92  
680.023	370.61  
680.433	375.27  
680.843	382.25  
681.253	377.6   
681.663	358.97  
682.073	414.85  
682.483	426.49  
682.893	384.58  
683.302	410.19  
683.712	438.13  
684.122	475.38  
684.531	424.16  
684.94	384.58   
685.35	426.49   
685.759	389.24  
686.168	417.17  
686.578	424.16  
686.987	431.14  
687.396	386.91  
687.805	405.53  
688.214	414.85  
688.623	442.78  
689.032	459.08  
689.44	424.16   
689.849	386.91  
690.258	456.75  
690.666	358.97  
691.075	379.92  
691.484	372.94  
691.892	414.85  
692.3	370.61    
692.709	386.91  
693.117	438.13  
693.525	379.92  
693.933	354.31  
694.341	452.1   
694.749	419.5   
695.157	342.67  
695.565	531.25  
695.973	370.61  
696.381	391.57  
696.788	449.77  
697.196	386.91  
697.604	459.08  
698.011	396.22  
698.419	403.21  
698.826	403.21  
699.234	345     
699.641	403.21  
700.048	372.94  
700.455	393.89  
700.862	440.46  
701.269	431.14  
701.676	379.92  
702.083	398.55  
702.49	356.64   
702.897	417.17  
703.304	407.86  
703.71	358.97   
704.117	377.6   
704.524	370.61  
704.93	340.35   
705.337	442.78  
705.743	410.19  
706.149	410.19  
706.556	391.57  
706.962	396.22  
707.368	452.1   
707.774	421.83  
708.18	398.55   
708.586	347.33  
708.992	466.07  
709.398	428.82  
709.804	412.52  
710.209	372.94  
710.615	426.49  
711.021	435.8   
711.426	356.64  
711.832	356.64  
712.237	440.46  
712.642	433.47  
713.048	410.19  
713.453	403.21  
713.858	440.46  
714.263	468.39  
714.668	414.85  
715.073	370.61  
715.478	361.3   
715.883	473.05  
716.288	398.55  
716.693	410.19  
717.097	410.19  
717.502	386.91  
717.906	419.5   
718.311	414.85  
718.715	431.14  
719.12	412.52   
719.524	386.91  
719.928	398.55  
720.333	438.13  
720.737	445.11  
721.141	342.67  
721.545	489.35  
721.949	363.63  
722.353	375.27  
722.757	414.85  
723.16	447.44   
723.564	424.16  
723.968	370.61  
724.371	435.8   
724.775	438.13  
725.178	375.27  
725.582	424.16  
725.985	405.53  
726.388	372.94  
726.792	468.39  
727.195	389.24  
727.598	377.6   
728.001	391.57  
728.404	449.77  
728.807	379.92  
729.21	419.5    
729.612	466.07  
730.015	319.39  
730.418	407.86  
730.82	377.6    
731.223	417.17  
731.625	393.89  
732.028	384.58  
732.43	405.53   
732.833	382.25  
733.235	377.6   
733.637	445.11  
734.039	389.24  
734.441	400.88  
734.843	379.92  
735.245	354.31  
735.647	377.6   
736.049	428.82  
736.451	370.61  
736.852	372.94  
737.254	454.43  
737.655	400.88  
738.057	384.58  
738.458	410.19  
738.86	426.49   
739.261	386.91  
739.662	398.55  
740.064	370.61  
740.465	426.49  
740.866	424.16  
741.267	410.19  
741.668	410.19  
742.069	386.91  
742.469	391.57  
742.87	433.47   
743.271	398.55  
743.672	384.58  
744.072	386.91  
744.473	435.8   
744.873	396.22  
745.274	368.28  
745.674	417.17  
746.074	377.6   
746.474	414.85  
746.875	382.25  
747.275	386.91  
747.675	358.97  
748.075	396.22  
748.474	433.47  
748.874	421.83  
749.274	428.82  
749.674	400.88  
750.073	414.85  
750.473	507.97  
750.873	421.83  
751.272	356.64  
751.671	407.86  
752.071	410.19  
752.47	335.69   
752.869	384.58  
753.268	356.64  
753.668	414.85  
754.067	431.14  
754.466	403.21  
754.864	440.46  
755.263	449.77  
755.662	386.91  
756.061	347.33  
756.459	375.27  
756.858	324.05  
757.257	403.21  
757.655	405.53  
758.053	361.3   
758.452	454.43  
758.85	358.97   
759.248	407.86  
759.646	391.57  
760.045	470.72  
760.443	400.88  
760.841	466.07  
761.238	410.19  
761.636	379.92  
762.034	372.94  
762.432	407.86  
762.829	421.83  
763.227	449.77  
763.625	424.16  
764.022	403.21  
764.419	358.97  
764.817	449.77  
765.214	356.64  
765.611	382.25  
766.008	431.14  
766.406	349.66  
766.803	440.46  
767.199	407.86  
767.596	412.52  
767.993	393.89  
768.39	405.53   
768.787	356.64  
769.183	470.72  
769.58	431.14   
769.977	435.8   
770.373	331.03  
770.769	431.14  
771.166	414.85  
771.562	324.05  
771.958	391.57  
772.354	391.57  
772.75	412.52   
773.146	414.85  
773.542	340.35  
773.938	347.33  
774.334	379.92  
774.73	421.83   
775.126	405.53  
775.521	438.13  
775.917	398.55  
776.312	433.47  
776.708	356.64  
777.103	419.5   
777.499	393.89  
777.894	424.16  
778.289	414.85  
778.684	435.8   
779.079	393.89  
779.474	319.39  
779.869	372.94  
780.264	363.63  
780.659	400.88  
781.054	482.36  
781.448	398.55  
781.843	379.92  
782.238	370.61  
782.632	403.21  
783.027	410.19  
783.421	377.6   
783.815	414.85  
784.21	442.78   
784.604	454.43  
784.998	393.89  
785.392	382.25  
785.786	414.85  
786.18	396.22   
786.574	405.53  
786.968	351.99  
787.361	417.17  
787.755	396.22  
788.149	461.41  
788.542	386.91  
788.936	391.57  
789.329	419.5   
789.722	368.28  
790.116	424.16  
790.509	377.6   
790.902	365.96  
791.295	426.49  
791.688	442.78  
792.081	391.57  
792.474	377.6   
792.867	407.86  
793.26	326.38   
793.653	405.53  
794.045	407.86  
794.438	372.94  
794.83	405.53   
795.223	445.11  
795.615	410.19  
796.008	363.63  
796.4	356.64    
796.792	410.19  
797.184	438.13  
797.576	417.17  
797.968	370.61  
798.36	384.58   
798.752	333.36  
799.144	398.55  
799.536	405.53  
799.928	447.44  
800.319	412.52  
800.711	354.31  
801.102	382.25  
801.494	447.44  
801.885	468.39  
802.276	449.77  
802.668	375.27  
803.059	338.02  
803.45	403.21   
803.841	393.89  
804.232	365.96  
804.623	351.99  
805.014	379.92  
805.405	375.27  
805.795	459.08  
806.186	398.55  
806.577	358.97  
806.967	419.5   
807.358	403.21  
807.748	440.46  
808.139	386.91  
808.529	452.1   
808.919	389.24  
809.309	407.86  
809.699	365.96  
810.089	419.5   
810.479	298.44  
810.869	354.31  
811.259	438.13  
811.649	421.83  
812.039	440.46  
812.428	403.21  
812.818	412.52  
813.207	398.55  
813.597	435.8   
813.986	440.46  
814.376	473.05  
814.765	412.52  
815.154	368.28  
815.543	363.63  
815.932	361.3   
816.321	368.28  
816.71	398.55   
817.099	386.91  
817.488	361.3   
817.877	419.5   
818.265	414.85  
818.654	424.16  
819.043	414.85  
819.431	400.88  
819.819	375.27  
820.208	410.19  
820.596	400.88  
820.984	494     
821.372	375.27  
821.761	314.74  
822.149	407.86  
822.537	468.39  
822.924	440.46  
823.312	454.43  
823.7	349.66    
824.088	349.66  
824.475	417.17  
824.863	375.27  
825.251	368.28  
825.638	372.94  
826.025	354.31  
826.413	377.6   
826.8	431.14    
827.187	447.44  
827.574	305.42  
827.961	398.55  
828.348	414.85  
828.735	426.49  
829.122	421.83  
829.509	438.13  
829.896	391.57  
830.282	414.85  
830.669	386.91  
831.055	365.96  
831.442	389.24  
831.828	412.52  
832.215	433.47  
832.601	480.03  
832.987	347.33  
833.373	396.22  
833.759	375.27  
834.145	414.85  
834.531	400.88  
834.917	403.21  
835.303	335.69  
835.689	403.21  
836.074	438.13  
836.46	370.61   
836.846	370.61  
837.231	328.71  
837.617	407.86  
838.002	417.17  
838.387	396.22  
838.772	405.53  
839.158	426.49  
839.543	410.19  
839.928	372.94  
840.313	368.28  
840.698	386.91  
841.082	382.25  
841.467	440.46  
841.852	375.27  
842.237	424.16  
842.621	368.28  
843.006	417.17  
843.39	431.14   
843.774	379.92  
844.159	438.13  
844.543	447.44  
844.927	414.85  
845.311	361.3   
845.695	438.13  
846.079	403.21  
846.463	393.89  
846.847	377.6   
847.231	317.06  
847.615	338.02  
847.998	389.24  
848.382	445.11  
848.765	410.19  
849.149	379.92  
849.532	384.58  
849.916	386.91  
850.299	377.6   
850.682	389.24  
851.065	405.53  
851.448	379.92  
851.831	386.91  
852.214	345     
852.597	433.47  
852.98	372.94   
853.363	382.25  
853.745	396.22  
854.128	403.21  
854.51	414.85   
854.893	342.67  
855.275	445.11  
855.658	410.19  
856.04	412.52   
856.422	335.69  
856.804	340.35  
857.186	410.19  
857.568	393.89  
857.95	351.99   
858.332	361.3   
858.714	382.25  
859.096	407.86  
859.477	384.58  
859.859	391.57  
860.24	391.57   
860.622	370.61  
861.003	363.63  
861.385	445.11  
861.766	347.33  
862.147	365.96  
862.528	428.82  
862.909	361.3   
863.29	447.44   
863.671	389.24  
864.052	482.36  
864.433	351.99  
864.814	303.1   
865.194	370.61  
865.575	475.38  
865.955	456.75  
866.336	419.5   
866.716	442.78  
867.097	438.13  
867.477	347.33  
867.857	389.24  
868.237	440.46  
868.617	414.85  
868.997	426.49  
869.377	393.89  
869.757	275.16  
870.137	398.55  
870.517	428.82  
870.896	442.78  
871.276	426.49  
871.655	335.69  
872.035	405.53  
872.414	412.52  
872.794	331.03  
873.173	363.63  
873.552	319.39  
873.931	405.53  
874.31	342.67   
874.689	452.1   
875.068	426.49  
875.447	412.52  
875.826	382.25  
876.205	503.32  
876.583	438.13  
876.962	442.78  
877.341	440.46  
877.719	468.39  
878.097	412.52  
878.476	365.96  
878.854	410.19  
879.232	431.14  
879.61	468.39   
879.988	412.52  
880.366	384.58  
880.744	463.74  
881.122	342.67  
881.5	435.8     
881.878	375.27  
882.255	338.02  
882.633	358.97  
883.011	405.53  
883.388	391.57  
883.765	398.55  
884.143	389.24  
884.52	414.85   
884.897	382.25  
885.274	342.67  
885.651	335.69  
886.028	438.13  
886.405	424.16  
886.782	403.21  
887.159	382.25  
887.536	393.89  
887.912	365.96  
888.289	354.31  
888.665	393.89  
889.042	417.17  
889.418	407.86  
889.794	361.3   
890.171	342.67  
890.547	324.05  
890.923	345     
891.299	433.47  
891.675	391.57  
892.051	475.38  
892.427	335.69  
892.803	417.17  
893.178	414.85  
893.554	459.08  
893.929	379.92  
894.305	412.52  
894.68	363.63   
895.056	345     
895.431	431.14  
895.806	396.22  
896.181	384.58  
896.557	310.08  
896.932	393.89  
897.307	370.61  
897.681	405.53  
898.056	463.74  
898.431	328.71  
898.806	375.27  
899.18	331.03   
899.555	391.57  
899.929	414.85  
900.304	384.58  
900.678	398.55  
901.052	405.53  
901.427	333.36  
901.801	428.82  
902.175	421.83  
902.549	424.16  
902.923	410.19  
903.297	368.28  
903.67	421.83   
904.044	333.36  
904.418	410.19  
904.791	468.39  
905.165	358.97  
905.538	407.86  
905.912	405.53  
906.285	407.86  
906.658	389.24  
907.032	424.16  
907.405	345     
907.778	410.19  
908.151	386.91  
908.524	442.78  
908.896	368.28  
909.269	356.64  
909.642	407.86  
910.015	442.78  
910.387	303.1   
910.76	400.88   
911.132	384.58  
911.504	377.6   
911.877	414.85  
912.249	433.47  
912.621	407.86  
912.993	403.21  
913.365	419.5   
913.737	321.72  
914.109	414.85  
914.481	428.82  
914.853	384.58  
915.224	375.27  
915.596	331.03  
915.968	424.16  
916.339	365.96  
916.71	389.24   
917.082	379.92  
917.453	386.91  
917.824	419.5   
918.195	459.08  
918.566	405.53  
918.937	377.6   
919.308	396.22  
919.679	347.33  
920.05	379.92   
920.421	386.91  
920.791	438.13  
921.162	424.16  
921.532	407.86  
921.903	354.31  
922.273	424.16  
922.644	347.33  
923.014	386.91  
923.384	414.85  
923.754	370.61  
924.124	349.66  
924.494	421.83  
924.864	456.75  
925.234	372.94  
925.604	405.53  
925.973	405.53  
926.343	370.61  
926.712	384.58  
927.082	407.86  
927.451	396.22  
927.821	340.35  
928.19	466.07   
928.559	338.02  
928.928	400.88  
929.297	419.5   
929.666	475.38  
930.035	393.89  
930.404	431.14  
930.773	454.43  
931.142	454.43  
931.51	393.89   
931.879	351.99  
932.247	384.58  
932.616	331.03  
932.984	358.97  
933.353	361.3   
933.721	368.28  
934.089	398.55  
934.457	433.47  
934.825	377.6   
935.193	428.82  
935.561	503.32  
935.929	424.16  
936.296	396.22  
936.664	414.85  
937.032	426.49  
937.399	375.27  
937.767	400.88  
938.134	317.06  
938.501	363.63  
938.869	358.97  
939.236	435.8   
939.603	375.27  
939.97	431.14   
940.337	370.61  
940.704	377.6   
941.071	372.94  
941.438	426.49  
941.804	431.14  
942.171	447.44  
942.538	363.63  
942.904	375.27  
943.27	424.16   
943.637	398.55  
944.003	421.83  
944.369	426.49  
944.735	333.36  
945.102	345     
945.468	414.85  
945.833	333.36  
946.199	424.16  
946.565	419.5   
946.931	389.24  
947.296	442.78  
947.662	391.57  
948.028	358.97  
948.393	412.52  
948.758	377.6   
949.124	372.94  
949.489	384.58  
949.854	349.66  
950.219	393.89  
950.584	442.78  
950.949	393.89  
951.314	398.55  
951.679	433.47  
952.044	356.64  
952.408	382.25  
952.773	403.21  
953.137	400.88  
953.502	372.94  
953.866	431.14  
954.231	398.55  
954.595	379.92  
954.959	384.58  
955.323	365.96  
955.687	375.27  
956.051	382.25  
956.415	424.16  
956.779	370.61  
957.143	426.49  
957.506	384.58  
957.87	393.89   
958.234	410.19  
958.597	377.6   
958.961	349.66  
959.324	389.24  
959.687	421.83  
960.05	365.96   
960.413	349.66  
960.776	442.78  
961.139	372.94  
961.502	347.33  
961.865	347.33  
962.228	396.22  
962.591	377.6   
962.953	421.83  
963.316	407.86  
963.678	370.61  
964.041	335.69  
964.403	405.53  
964.765	389.24  
965.128	358.97  
965.49	405.53   
965.852	445.11  
966.214	405.53  
966.576	414.85  
966.938	358.97  
967.299	405.53  
967.661	368.28  
968.023	377.6   
968.384	363.63  
968.746	396.22  
969.107	419.5   
969.469	368.28  
969.83	377.6    
970.191	426.49  
970.552	312.41  
970.913	338.02  
971.274	363.63  
971.635	372.94  
971.996	382.25  
972.357	438.13  
972.718	384.58  
973.078	379.92  
973.439	375.27  
973.8	403.21    
974.16	347.33   
974.52	412.52   
974.881	438.13  
975.241	319.39  
975.601	365.96  
975.961	393.89  
976.321	379.92  
976.681	440.46  
977.041	417.17  
977.401	417.17  
977.76	431.14   
978.12	414.85   
978.48	393.89   
978.839	368.28  
979.199	396.22  
979.558	370.61  
979.917	354.31  
980.277	403.21  
980.636	447.44  
980.995	433.47  
981.354	428.82  
981.713	347.33  
982.072	426.49  
982.43	449.77   
982.789	419.5   
983.148	431.14  
983.506	403.21  
983.865	372.94  
984.223	333.36  
984.582	403.21  
984.94	389.24   
985.298	421.83  
985.656	365.96  
986.015	391.57  
986.373	370.61  
986.731	424.16  
987.088	384.58  
987.446	389.24  
987.804	351.99  
988.162	340.35  
988.519	414.85  
988.877	407.86  
989.234	372.94  
989.591	345     
989.949	391.57  
990.306	382.25  
990.663	410.19  
991.02	454.43   
991.377	412.52  
991.734	412.52  
992.091	417.17  
992.448	412.52  
992.805	377.6   
993.161	379.92  
993.518	384.58  
993.874	424.16  
994.231	351.99  
994.587	386.91  
994.943	382.25  
995.3	431.14    
995.656	438.13  
996.012	424.16  
996.368	345     
996.724	328.71  
997.08	333.36   
997.435	370.61  
997.791	386.91  
998.147	356.64  
998.502	338.02  
998.858	405.53  
999.213	466.07  
999.569	391.57  
999.924	347.33  
1000.279	384.58 
1000.634	461.41 
1000.989	338.02 
1001.344	375.27 
1001.699	403.21 
1002.054	384.58 
1002.409	414.85 
1002.764	342.67 
1003.118	426.49 
1003.473	379.92 
1003.827	351.99 
1004.182	447.44 
1004.536	354.31 
1004.89	391.57  
1005.245	414.85 
1005.599	349.66 
1005.953	379.92 
1006.307	445.11 
1006.661	384.58 
1007.015	372.94 
1007.368	391.57 
1007.722	433.47 
1008.076	428.82 
1008.429	370.61 
1008.783	356.64 
1009.136	440.46 
1009.489	452.1  
1009.843	375.27 
1010.196	424.16 
1010.549	305.42 
1010.902	445.11 
1011.255	410.19 
1011.608	365.96 
1011.961	396.22 
1012.313	424.16 
1012.666	340.35 
1013.019	473.05 
1013.371	407.86 
1013.724	452.1  
1014.076	400.88 
1014.428	452.1  
1014.781	321.72 
1015.133	396.22 
1015.485	386.91 
1015.837	403.21 
1016.189	340.35 
1016.541	414.85 
1016.893	400.88 
1017.244	428.82 
1017.596	393.89 
1017.947	442.78 
1018.299	335.69 
1018.65	426.49  
1019.002	426.49 
1019.353	473.05 
1019.704	382.25 
1020.055	417.17 
1020.407	396.22 
1020.758	428.82 
1021.108	400.88 
1021.459	319.39 
1021.81	358.97  
1022.161	391.57 
1022.511	384.58 
1022.862	379.92 
1023.213	403.21 
1023.563	368.28 
1023.913	384.58 
1024.264	393.89 
1024.614	400.88 
1024.964	370.61 
1025.314	377.6  
1025.664	342.67 
1026.014	412.52 
1026.364	342.67 
1026.713	391.57 
1027.063	358.97 
1027.413	414.85 
1027.762	338.02 
1028.112	419.5  
1028.461	421.83 
1028.81	405.53  
1029.16	331.03  
1029.509	351.99 
1029.858	477.71 
1030.207	347.33 
1030.556	382.25 
1030.905	447.44 
1031.254	386.91 
1031.602	407.86 
1031.951	393.89 
1032.3	407.86   
1032.648	351.99 
1032.996	351.99 
1033.345	351.99 