187.879	-79.16  
188.346	-79.16  
188.813	-79.16  
189.28	-95.45   
189.747	-125.72 
190.214	-102.44 
190.681	-109.42 
191.148	-46.56  
191.614	-107.09 
192.081	-46.56  
192.548	-90.8   
193.014	-16.3   
193.481	-6.98   
193.948	23.28   
194.414	34.92   
194.881	34.92   
195.347	58.2    
195.813	81.49   
196.28	65.19    
196.746	93.13   
197.212	135.03  
197.678	123.39  
198.145	167.63  
198.611	160.64  
199.077	272.39  
199.543	298     
200.009	267.74  
200.475	323.61  
200.941	379.49  
201.407	360.86  
201.873	277.05  
202.338	353.88  
202.804	353.88  
203.27	358.53   
203.735	335.25  
204.201	311.97  
204.667	416.74  
205.132	295.67  
205.598	405.1   
206.063	458.64  
206.529	405.1   
206.994	400.44  
207.459	428.38  
207.925	381.82  
208.39	337.58   
208.855	405.1   
209.32	365.52   
209.785	421.39  
210.25	453.99   
210.715	444.68  
211.18	367.85   
211.645	467.96  
212.11	430.71   
212.575	349.22  
213.04	423.72   
213.504	344.57  
213.969	365.52  
214.434	351.55  
214.899	400.44  
215.363	339.91  
215.828	402.77  
216.292	379.49  
216.757	409.75  
217.221	360.86  
217.685	391.13  
218.15	360.86   
218.614	372.5   
219.078	314.3   
219.542	381.82  
220.007	384.14  
220.471	344.57  
220.935	314.3   
221.399	442.35  
221.863	360.86  
222.327	398.11  
222.791	374.83  
223.254	377.16  
223.718	353.88  
224.182	367.85  
224.646	409.75  
225.109	384.14  
225.573	367.85  
226.037	342.24  
226.5	358.53    
226.964	332.92  
227.427	370.18  
227.89	367.85   
228.354	330.6   
228.817	358.53  
229.28	367.85   
229.744	330.6   
230.207	400.44  
230.67	367.85   
231.133	349.22  
231.596	330.6   
232.059	442.35  
232.522	356.21  
232.985	405.1   
233.448	307.32  
233.911	414.41  
234.374	339.91  
234.836	379.49  
235.299	363.19  
235.762	365.52  
236.224	386.47  
236.687	349.22  
237.149	409.75  
237.612	402.77  
238.074	365.52  
238.537	372.5   
238.999	381.82  
239.461	374.83  
239.924	374.83  
240.386	398.11  
240.848	477.27  
241.31	421.39   
241.772	342.24  
242.234	356.21  
242.696	433.04  
243.158	365.52  
243.62	416.74   
244.082	395.78  
244.544	346.89  
245.006	423.72  
245.468	435.36  
245.929	367.85  
246.391	391.13  
246.852	370.18  
247.314	353.88  
247.776	349.22  
248.237	311.97  
248.698	337.58  
249.16	391.13   
249.621	346.89  
250.082	316.63  
250.544	311.97  
251.005	384.14  
251.466	440.02  
251.927	477.27  
252.388	412.08  
252.849	423.72  
253.31	379.49   
253.771	407.43  
254.232	384.14  
254.693	402.77  
255.154	419.07  
255.615	437.69  
256.075	367.85  
256.536	332.92  
256.997	402.77  
257.457	388.8   
257.918	398.11  
258.378	419.07  
258.839	419.07  
259.299	388.8   
259.759	377.16  
260.22	363.19   
260.68	398.11   
261.14	402.77   
261.6	353.88    
262.06	377.16   
262.521	356.21  
262.981	349.22  
263.441	379.49  
263.901	277.05  
264.36	330.6    
264.82	481.93   
265.28	358.53   
265.74	344.57   
266.2	367.85    
266.659	433.04  
267.119	363.19  
267.579	372.5   
268.038	412.08  
268.498	335.25  
268.957	395.78  
269.416	384.14  
269.876	351.55  
270.335	421.39  
270.794	384.14  
271.254	358.53  
271.713	402.77  
272.172	381.82  
272.631	356.21  
273.09	416.74   
273.549	474.94  
274.008	314.3   
274.467	365.52  
274.926	393.46  
275.385	419.07  
275.843	360.86  
276.302	400.44  
276.761	430.71  
277.22	374.83   
277.678	351.55  
278.137	377.16  
278.595	346.89  
279.054	379.49  
279.512	384.14  
279.97	423.72   
280.429	405.1   
280.887	393.46  
281.345	419.07  
281.803	421.39  
282.262	409.75  
282.72	451.66   
283.178	416.74  
283.636	402.77  
284.094	426.05  
284.552	398.11  
285.01	335.25   
285.467	367.85  
285.925	370.18  
286.383	372.5   
286.841	419.07  
287.298	453.99  
287.756	460.97  
288.213	507.54  
288.671	384.14  
289.128	384.14  
289.586	423.72  
290.043	395.78  
290.5	437.69    
290.958	365.52  
291.415	398.11  
291.872	423.72  
292.329	419.07  
292.786	426.05  
293.243	323.61  
293.7	409.75    
294.157	363.19  
294.614	402.77  
295.071	437.69  
295.528	437.69  
295.985	393.46  
296.441	402.77  
296.898	519.18  
297.355	412.08  
297.811	426.05  
298.268	435.36  
298.724	444.68  
299.181	442.35  
299.637	412.08  
300.094	395.78  
300.55	409.75   
301.006	405.1   
301.462	363.19  
301.919	379.49  
302.375	391.13  
302.831	458.64  
303.287	456.32  
303.743	402.77  
304.199	367.85  
304.655	388.8   
305.11	421.39   
305.566	430.71  
306.022	430.71  
306.478	447     
306.933	414.41  
307.389	430.71  
307.845	407.43  
308.3	328.27    
308.756	398.11  
309.211	400.44  
309.666	435.36  
310.122	447     
310.577	463.3   
311.032	339.91  
311.487	416.74  
311.943	442.35  
312.398	491.24  
312.853	419.07  
313.308	423.72  
313.763	344.57  
314.218	423.72  
314.672	377.16  
315.127	384.14  
315.582	358.53  
316.037	463.3   
316.492	409.75  
316.946	386.47  
317.401	458.64  
317.855	423.72  
318.31	367.85   
318.764	453.99  
319.219	479.6   
319.673	407.43  
320.127	460.97  
320.582	395.78  
321.036	419.07  
321.49	386.47   
321.944	372.5   
322.398	391.13  
322.852	451.66  
323.306	449.33  
323.76	470.29   
324.214	407.43  
324.668	412.08  
325.122	400.44  
325.575	402.77  
326.029	419.07  
326.483	419.07  
326.936	374.83  
327.39	388.8    
327.843	444.68  
328.297	393.46  
328.75	332.92   
329.204	384.14  
329.657	493.57  
330.11	409.75   
330.564	440.02  
331.017	405.1   
331.47	356.21   
331.923	481.93  
332.376	412.08  
332.829	440.02  
333.282	419.07  
333.735	379.49  
334.188	400.44  
334.641	449.33  
335.093	379.49  
335.546	435.36  
335.999	372.5   
336.451	365.52  
336.904	402.77  
337.356	526.16  
337.809	460.97  
338.261	486.58  
338.714	440.02  
339.166	407.43  
339.618	437.69  
340.07	433.04   
340.523	356.21  
340.975	416.74  
341.427	391.13  
341.879	407.43  
342.331	358.53  
342.783	384.14  
343.235	395.78  
343.687	426.05  
344.138	391.13  
344.59	419.07   
345.042	412.08  
345.494	451.66  
345.945	400.44  
346.397	416.74  
346.848	370.18  
347.3	435.36    
347.751	395.78  
348.203	412.08  
348.654	330.6   
349.105	363.19  
349.556	344.57  
350.008	311.97  
350.459	407.43  
350.91	470.29   
351.361	444.68  
351.812	370.18  
352.263	372.5   
352.714	428.38  
353.165	428.38  
353.615	447     
354.066	363.19  
354.517	472.61  
354.968	360.86  
355.418	388.8   
355.869	440.02  
356.319	416.74  
356.77	391.13   
357.22	488.91   
357.671	409.75  
358.121	332.92  
358.571	307.32  
359.021	407.43  
359.472	437.69  
359.922	430.71  
360.372	386.47  
360.822	426.05  
361.272	474.94  
361.722	440.02  
362.172	388.8   
362.622	377.16  
363.071	367.85  
363.521	393.46  
363.971	384.14  
364.42	423.72   
364.87	414.41   
365.32	377.16   
365.769	398.11  
366.219	421.39  
366.668	433.04  
367.117	414.41  
367.567	433.04  
368.016	414.41  
368.465	370.18  
368.914	311.97  
369.363	414.41  
369.812	437.69  
370.261	447     
370.71	395.78   
371.159	409.75  
371.608	405.1   
372.057	421.39  
372.506	426.05  
372.955	498.22  
373.403	435.36  
373.852	433.04  
374.301	402.77  
374.749	442.35  
375.198	423.72  
375.646	409.75  
376.094	423.72  
376.543	449.33  
376.991	381.82  
377.439	423.72  
377.887	393.46  
378.336	428.38  
378.784	402.77  
379.232	356.21  
379.68	423.72   
380.128	453.99  
380.576	430.71  
381.023	393.46  
381.471	360.86  
381.919	460.97  
382.367	451.66  
382.814	365.52  
383.262	435.36  
383.71	372.5    
384.157	479.6   
384.605	428.38  
385.052	393.46  
385.499	391.13  
385.947	421.39  
386.394	414.41  
386.841	421.39  
387.288	421.39  
387.735	374.83  
388.182	384.14  
388.63	442.35   
389.076	393.46  
389.523	463.3   
389.97	370.18   
390.417	384.14  
390.864	460.97  
391.311	384.14  
391.757	405.1   
392.204	386.47  
392.651	416.74  
393.097	447     
393.544	360.86  
393.99	451.66   
394.436	460.97  
394.883	447     
395.329	426.05  
395.775	447     
396.221	386.47  
396.668	400.44  
397.114	393.46  
397.56	321.28   
398.006	458.64  
398.452	367.85  
398.897	458.64  
399.343	407.43  
399.789	447     
400.235	318.96  
400.681	391.13  
401.126	370.18  
401.572	479.6   
402.017	495.9   
402.463	463.3   
402.908	398.11  
403.354	325.94  
403.799	428.38  
404.244	435.36  
404.689	358.53  
405.135	353.88  
405.58	388.8    
406.025	332.92  
406.47	442.35   
406.915	456.32  
407.36	458.64   
407.805	372.5   
408.25	460.97   
408.694	414.41  
409.139	379.49  
409.584	398.11  
410.029	412.08  
410.473	423.72  
410.918	386.47  
411.362	479.6   
411.807	428.38  
412.251	393.46  
412.695	409.75  
413.14	400.44   
413.584	433.04  
414.028	440.02  
414.472	416.74  
414.916	337.58  
415.36	337.58   
415.804	428.38  
416.248	407.43  
416.692	386.47  
417.136	407.43  
417.58	398.11   
418.024	416.74  
418.467	358.53  
418.911	395.78  
419.355	400.44  
419.798	442.35  
420.242	400.44  
420.685	400.44  
421.128	377.16  
421.572	416.74  
422.015	442.35  
422.458	453.99  
422.902	346.89  
423.345	395.78  
423.788	353.88  
424.231	358.53  
424.674	460.97  
425.117	467.96  
425.56	414.41   
426.003	444.68  
426.445	395.78  
426.888	451.66  
427.331	393.46  
427.773	372.5   
428.216	363.19  
428.659	363.19  
429.101	395.78  
429.543	421.39  
429.986	481.93  
430.428	346.89  
430.87	384.14   
431.313	433.04  
431.755	388.8   
432.197	381.82  
432.639	398.11  
433.081	365.52  
433.523	423.72  
433.965	414.41  
434.407	402.77  
434.849	428.38  
435.291	430.71  
435.732	353.88  
436.174	414.41  
436.616	430.71  
437.057	407.43  
437.499	379.49  
437.94	463.3    
438.382	484.25  
438.823	379.49  
439.264	372.5   
439.706	442.35  
440.147	386.47  
440.588	412.08  
441.029	335.25  
441.47	481.93   
441.911	428.38  
442.352	419.07  
442.793	407.43  
443.234	407.43  
443.675	363.19  
444.116	467.96  
444.556	453.99  
444.997	377.16  
445.438	409.75  
445.878	407.43  
446.319	384.14  
446.759	377.16  
447.199	391.13  
447.64	398.11   
448.08	470.29   
448.52	356.21   
448.961	414.41  
449.401	435.36  
449.841	353.88  
450.281	381.82  
450.721	426.05  
451.161	372.5   
451.601	419.07  
452.041	384.14  
452.48	430.71   
452.92	470.29   
453.36	440.02   
453.799	481.93  
454.239	402.77  
454.679	435.36  
455.118	419.07  
455.557	458.64  
455.997	414.41  
456.436	435.36  
456.875	442.35  
457.315	407.43  
457.754	384.14  
458.193	419.07  
458.632	353.88  
459.071	409.75  
459.51	381.82   
459.949	453.99  
460.388	477.27  
460.827	393.46  
461.265	421.39  
461.704	426.05  
462.143	409.75  
462.581	314.3   
463.02	384.14   
463.458	435.36  
463.897	386.47  
464.335	398.11  
464.774	451.66  
465.212	421.39  
465.65	437.69   
466.088	395.78  
466.527	367.85  
466.965	381.82  
467.403	416.74  
467.841	407.43  
468.279	433.04  
468.716	400.44  
469.154	440.02  
469.592	414.41  
470.03	437.69   
470.467	437.69  
470.905	444.68  
471.343	398.11  
471.78	428.38   
472.218	379.49  
472.655	444.68  
473.092	330.6   
473.53	456.32   
473.967	398.11  
474.404	428.38  
474.841	414.41  
475.278	405.1   
475.716	365.52  
476.153	405.1   
476.589	412.08  
477.026	447     
477.463	419.07  
477.9	435.36    
478.337	395.78  
478.773	360.86  
479.21	412.08   
479.647	412.08  
480.083	344.57  
480.52	381.82   
480.956	386.47  
481.392	412.08  
481.829	374.83  
482.265	393.46  
482.701	388.8   
483.137	358.53  
483.574	374.83  
484.01	332.92   
484.446	426.05  
484.882	381.82  
485.317	437.69  
485.753	393.46  
486.189	451.66  
486.625	419.07  
487.061	388.8   
487.496	360.86  
487.932	388.8   
488.367	423.72  
488.803	398.11  
489.238	405.1   
489.674	442.35  
490.109	344.57  
490.544	479.6   
490.979	381.82  
491.415	400.44  
491.85	423.72   
492.285	416.74  
492.72	395.78   
493.155	356.21  
493.59	402.77   
494.024	419.07  
494.459	428.38  
494.894	433.04  
495.329	342.24  
495.763	379.49  
496.198	365.52  
496.632	379.49  
497.067	381.82  
497.501	442.35  
497.936	447     
498.37	374.83   
498.804	409.75  
499.238	374.83  
499.673	423.72  
500.107	374.83  
500.541	444.68  
500.975	449.33  
501.409	458.64  
501.843	377.16  
502.277	286.36  
502.71	405.1    
503.144	388.8   
503.578	398.11  
504.011	381.82  
504.445	395.78  
504.878	414.41  
505.312	386.47  
505.745	386.47  
506.179	318.96  
506.612	405.1   
507.045	405.1   
507.479	423.72  
507.912	512.19  
508.345	435.36  
508.778	335.25  
509.211	367.85  
509.644	456.32  
510.077	435.36  
510.509	405.1   
510.942	412.08  
511.375	353.88  
511.808	444.68  
512.24	433.04   
512.673	400.44  
513.105	374.83  
513.538	351.55  
513.97	428.38   
514.403	391.13  
514.835	398.11  
515.267	440.02  
515.699	442.35  
516.131	430.71  
516.564	458.64  
516.996	433.04  
517.428	407.43  
517.859	353.88  
518.291	416.74  
518.723	407.43  
519.155	367.85  
519.587	395.78  
520.018	440.02  
520.45	437.69   
520.881	377.16  
521.313	400.44  
521.744	414.41  
522.176	440.02  
522.607	426.05  
523.038	419.07  
523.47	365.52   
523.901	428.38  
524.332	467.96  
524.763	428.38  
525.194	416.74  
525.625	426.05  
526.056	402.77  
526.487	374.83  
526.917	416.74  
527.348	381.82  
527.779	409.75  
528.21	421.39   
528.64	435.36   
529.071	419.07  
529.501	407.43  
529.932	453.99  
530.362	412.08  
530.792	325.94  
531.222	323.61  
531.653	405.1   
532.083	423.72  
532.513	351.55  
532.943	430.71  
533.373	460.97  
533.803	465.63  
534.233	409.75  
534.663	339.91  
535.092	388.8   
535.522	428.38  
535.952	407.43  
536.381	393.46  
536.811	512.19  
537.24	372.5    
537.67	426.05   
538.099	423.72  
538.529	402.77  
538.958	453.99  
539.387	393.46  
539.816	474.94  
540.245	423.72  
540.674	402.77  
541.103	395.78  
541.532	407.43  
541.961	402.77  
542.39	414.41   
542.819	421.39  
543.248	414.41  
543.676	409.75  
544.105	467.96  
544.534	433.04  
544.962	421.39  
545.391	316.63  
545.819	416.74  
546.247	430.71  
546.676	386.47  
547.104	398.11  
547.532	388.8   
547.96	437.69   
548.388	384.14  
548.816	349.22  
549.244	456.32  
549.672	381.82  
550.1	458.64    
550.528	379.49  
550.956	409.75  
551.383	402.77  
551.811	393.46  
552.238	407.43  
552.666	377.16  
553.094	426.05  
553.521	365.52  
553.948	421.39  
554.376	437.69  
554.803	428.38  
555.23	428.38   
555.657	402.77  
556.084	388.8   
556.511	430.71  
556.938	453.99  
557.365	416.74  
557.792	453.99  
558.219	456.32  
558.646	449.33  
559.072	428.38  
559.499	488.91  
559.926	460.97  
560.352	421.39  
560.779	467.96  
561.205	416.74  
561.632	405.1   
562.058	395.78  
562.484	370.18  
562.91	453.99   
563.337	470.29  
563.763	479.6   
564.189	447     
564.615	512.19  
565.041	502.88  
565.466	526.16  
565.892	502.88  
566.318	491.24  
566.744	486.58  
567.169	565.74  
567.595	460.97  
568.021	519.18  
568.446	460.97  
568.872	575.05  
569.297	507.54  
569.722	530.82  
570.148	535.47  
570.573	521.5   
570.998	572.72  
571.423	507.54  
571.848	523.83  
572.273	549.44  
572.698	682.15  
573.123	558.76  
573.548	535.47  
573.973	519.18  
574.397	565.74  
574.822	528.49  
575.247	626.27  
575.671	582.04  
576.096	582.04  
576.52	609.97   
576.944	651.88  
577.369	584.36  
577.793	642.57  
578.217	689.13  
578.641	726.38  
579.065	668.18  
579.49	689.13   
579.914	705.43  
580.337	705.43  
580.761	719.4   
581.185	735.69  
581.609	742.68  
582.033	805.54  
582.456	828.82  
582.88	826.49   
583.303	845.12  
583.727	880.04  
584.15	903.32   
584.574	928.93  
584.997	959.2   
585.42	977.82   
585.844	889.35  
586.267	975.49  
586.69	977.82   
587.113	975.49  
587.536	1073.28 
587.959	1084.92 
588.382	1168.73 
588.804	1175.71 
589.227	1252.54 
589.65	1352.65  
590.073	1247.89 
590.495	1327.04 
590.918	1278.15 
591.34	1299.11  
591.763	1389.9  
592.185	1436.47 
592.607	1424.83 
593.03	1646     
593.452	1578.48 
593.874	1659.97 
594.296	1646    
594.718	1864.85 
595.14	1899.77  
595.562	1774.05 
595.984	1883.47 
596.406	1946.33 
596.827	1953.32 
597.249	2093    
597.671	2216.4  
598.092	2209.41 
598.514	2395.66 
598.935	2593.56 
599.357	2682.02 
599.778	2768.17 
600.199	2879.92 
600.621	2912.51 
601.042	2919.5  
601.463	3000.98 
601.884	3117.39 
602.305	3275.7  
602.726	3375.81 
603.147	3585.35 
603.568	3764.61 
603.988	4102.19 
604.409	4013.72 
604.83	4190.66  
605.25	4118.49  
605.671	4286.12 
606.092	4293.1  
606.512	4253.52 
606.932	4369.93 
607.353	4477.03 
607.773	4719.15 
608.193	5007.84 
608.613	5205.74 
609.034	5375.69 
609.454	5731.9  
609.874	5880.9  
610.293	6150.96 
610.713	6204.51 
611.133	6074.13 
611.553	6295.31 
611.973	6085.78 
612.392	6225.46 
612.812	6497.86 
613.231	6688.77 
613.651	7303.4  
614.07	7803.95  
614.49	8311.48  
614.909	8586.2  
615.328	9035.54 
615.747	9384.76 
616.167	9668.79 
616.586	9857.37 
617.005	9668.79 
617.424	9729.32 
617.843	10006.37
618.261	10325.33
618.68	10886.41 
619.099	11638.41
619.518	12204.14
619.936	13070.22
620.355	14010.79
620.773	14841.93
621.192	15621.86
621.61	16012.99 
622.029	15789.49
622.447	15929.18
622.865	16273.75
623.283	16068.87
623.701	16264.43
624.119	16865.09
624.537	17610.1 
624.955	18643.8 
625.373	19919.62
625.791	21321.17
626.209	22757.63
626.627	23418.83
627.044	24168.49
627.462	24825.03
627.879	24412.95
628.297	24603.85
628.714	24026.47
629.132	23893.77
629.549	24063.72
629.966	24249.98
630.383	24708.62
630.8	25816.82  
631.217	27146.19
631.634	28731.66
632.051	29960.92
632.468	31739.62
632.885	32102.81
633.302	32833.85
633.719	32573.1 
634.135	31781.53
634.552	31273.99
634.969	30319.45
635.385	29180.99
635.801	28603.61
636.218	28510.48
636.634	28424.34
637.05	28822.46 
637.467	29483.65
637.883	30168.12
638.299	30722.22
638.715	31609.25
639.131	31097.05
639.547	30691.96
639.963	29800.28
640.378	28033.21
640.794	26319.7 
641.21	24336.12 
641.626	22713.4 
642.041	20871.83
642.457	19777.61
642.872	18743.91
643.287	18157.22
643.703	17188.71
644.118	16820.86
644.533	16185.28
644.948	15668.43
645.364	14676.64
645.779	13954.91
646.194	12867.67
646.609	11992.28
647.023	10881.76
647.438	9724.67 
647.853	8828.33 
648.268	8162.48 
648.682	7445.41 
649.097	7170.69 
649.511	6726.02 
649.926	6311.61 
650.34	5950.74  
650.755	5596.86 
651.169	5496.75 
651.583	5147.53 
651.997	4875.14 
652.411	4570.15 
652.825	4183.68 
653.239	3955.52 
653.653	3645.88 
654.067	3399.09 
654.481	3101.09 
654.895	3024.26 
655.309	2840.34 
655.722	2602.87 
656.136	2451.54 
656.549	2325.82 
656.963	2202.43 
657.376	2228.04 
657.79	2062.74  
658.203	1995.22 
658.616	1848.55 
659.029	1760.08 
659.442	1697.22 
659.855	1573.83 
660.268	1431.81 
660.681	1336.36 
661.094	1375.93 
661.507	1245.56 
661.92	1189.68  
662.333	1201.32 
662.745	1098.89 
663.158	1098.89 
663.57	1010.42  
663.983	959.2   
664.395	942.9   
664.808	900.99  
665.22	891.68   
665.632	861.41  
666.044	784.59  
666.456	840.46  
666.868	810.2   
667.28	786.91   
667.692	758.98  
668.104	686.8   
668.516	738.02  
668.928	649.55  
669.34	656.54   
669.751	684.48  
670.163	591.35  
670.574	682.15  
670.986	530.82  
671.397	647.22  
671.809	582.04  
672.22	582.04   
672.631	621.62  
673.042	579.71  
673.453	568.07  
673.864	549.44  
674.275	516.85  
674.686	535.47  
675.097	463.3   
675.508	519.18  
675.919	528.49  
676.33	507.54   
676.74	535.47   
677.151	526.16  
677.561	498.22  
677.972	484.25  
678.382	493.57  
678.792	516.85  
679.203	502.88  
679.613	488.91  
680.023	388.8   
680.433	449.33  
680.843	442.35  
681.253	453.99  
681.663	493.57  
682.073	470.29  
682.483	444.68  
682.893	442.35  
683.302	423.72  
683.712	407.43  
684.122	460.97  
684.531	447     
684.94	419.07   
685.35	409.75   
685.759	437.69  
686.168	409.75  
686.578	393.46  
686.987	388.8   
687.396	509.86  
687.805	402.77  
688.214	412.08  
688.623	360.86  
689.032	419.07  
689.44	447      
689.849	402.77  
690.258	440.02  
690.666	409.75  
691.075	430.71  
691.484	393.46  
691.892	398.11  
692.3	402.77    
692.709	356.21  
693.117	402.77  
693.525	370.18  
693.933	423.72  
694.341	453.99  
694.749	467.96  
695.157	402.77  
695.565	363.19  
695.973	442.35  
696.381	330.6   
696.788	365.52  
697.196	435.36  
697.604	365.52  
698.011	400.44  
698.419	400.44  
698.826	444.68  
699.234	344.57  
699.641	412.08  
700.048	384.14  
700.455	328.27  
700.862	414.41  
701.269	356.21  
701.676	393.46  
702.083	360.86  
702.49	398.11   
702.897	433.04  
703.304	444.68  
703.71	407.43   
704.117	442.35  
704.524	395.78  
704.93	442.35   
705.337	395.78  
705.743	391.13  
706.149	419.07  
706.556	433.04  
706.962	428.38  
707.368	433.04  
707.774	388.8   
708.18	495.9    
708.586	437.69  
708.992	379.49  
709.398	465.63  
709.804	423.72  
710.209	412.08  
710.615	365.52  
711.021	428.38  
711.426	435.36  
711.832	423.72  
712.237	337.58  
712.642	346.89  
713.048	458.64  
713.453	372.5   
713.858	409.75  
714.263	440.02  
714.668	379.49  
715.073	426.05  
715.478	421.39  
715.883	412.08  
716.288	398.11  
716.693	381.82  
717.097	372.5   
717.502	416.74  
717.906	365.52  
718.311	381.82  
718.715	416.74  
719.12	444.68   
719.524	353.88  
719.928	332.92  
720.333	379.49  
720.737	377.16  
721.141	428.38  
721.545	398.11  
721.949	367.85  
722.353	409.75  
722.757	372.5   
723.16	495.9    
723.564	451.66  
723.968	386.47  
724.371	412.08  
724.775	416.74  
725.178	440.02  
725.582	419.07  
725.985	437.69  
726.388	430.71  
726.792	419.07  
727.195	449.33  
727.598	412.08  
728.001	426.05  
728.404	421.39  
728.807	412.08  
729.21	402.77   
729.612	444.68  
730.015	377.16  
730.418	440.02  
730.82	374.83   
731.223	458.64  
731.625	386.47  
732.028	349.22  
732.43	323.61   
732.833	370.18  
733.235	402.77  
733.637	409.75  
734.039	414.41  
734.441	363.19  
734.843	423.72  
735.245	384.14  
735.647	374.83  
736.049	437.69  
736.451	328.27  
736.852	405.1   
737.254	365.52  
737.655	346.89  
738.057	304.99  
738.458	407.43  
738.86	349.22   
739.261	412.08  
739.662	351.55  
740.064	349.22  
740.465	405.1   
740.866	414.41  
741.267	453.99  
741.668	316.63  
742.069	377.16  
742.469	367.85  
742.87	409.75   
743.271	409.75  
743.672	323.61  
744.072	339.91  
744.473	447     
744.873	407.43  
745.274	365.52  
745.674	433.04  
746.074	419.07  
746.474	384.14  
746.875	428.38  
747.275	407.43  
747.675	405.1   
748.075	444.68  
748.474	384.14  
748.874	318.96  
749.274	423.72  
749.674	344.57  
750.073	428.38  
750.473	370.18  
750.873	412.08  
751.272	391.13  
751.671	486.58  
752.071	416.74  
752.47	428.38   
752.869	426.05  
753.268	393.46  
753.668	421.39  
754.067	377.16  
754.466	398.11  
754.864	367.85  
755.263	365.52  
755.662	472.61  
756.061	386.47  
756.459	330.6   
756.858	377.16  
757.257	398.11  
757.655	433.04  
758.053	428.38  
758.452	307.32  
758.85	400.44   
759.248	437.69  
759.646	344.57  
760.045	412.08  
760.443	463.3   
760.841	453.99  
761.238	430.71  
761.636	453.99  
762.034	388.8   
762.432	381.82  
762.829	400.44  
763.227	342.24  
763.625	395.78  
764.022	405.1   
764.419	384.14  
764.817	402.77  
765.214	414.41  
765.611	419.07  
766.008	391.13  
766.406	495.9   
766.803	323.61  
767.199	423.72  
767.596	398.11  
767.993	365.52  
768.39	402.77   
768.787	400.44  
769.183	395.78  
769.58	442.35   
769.977	356.21  
770.373	458.64  
770.769	458.64  
771.166	325.94  
771.562	414.41  
771.958	365.52  
772.354	379.49  
772.75	416.74   
773.146	416.74  
773.542	395.78  
773.938	412.08  
774.334	428.38  
774.73	456.32   
775.126	423.72  
775.521	386.47  
775.917	388.8   
776.312	435.36  
776.708	388.8   
777.103	321.28  
777.499	395.78  
777.894	451.66  
778.289	451.66  
778.684	344.57  
779.079	414.41  
779.474	498.22  
779.869	344.57  
780.264	488.91  
780.659	440.02  
781.054	349.22  
781.448	409.75  
781.843	388.8   
782.238	363.19  
782.632	379.49  
783.027	395.78  
783.421	416.74  
783.815	423.72  
784.21	398.11   
784.604	395.78  
784.998	372.5   
785.392	409.75  
785.786	325.94  
786.18	353.88   
786.574	335.25  
786.968	374.83  
787.361	342.24  
787.755	356.21  
788.149	374.83  
788.542	356.21  
788.936	467.96  
789.329	433.04  
789.722	379.49  
790.116	407.43  
790.509	398.11  
790.902	388.8   
791.295	358.53  
791.688	456.32  
792.081	358.53  
792.474	419.07  
792.867	447     
793.26	344.57   
793.653	398.11  
794.045	358.53  
794.438	379.49  
794.83	449.33   
795.223	318.96  
795.615	391.13  
796.008	405.1   
796.4	456.32    
796.792	402.77  
797.184	416.74  
797.576	421.39  
797.968	488.91  
798.36	463.3    
798.752	453.99  
799.144	400.44  
799.536	374.83  
799.928	437.69  
800.319	442.35  
800.711	465.63  
801.102	342.24  
801.494	374.83  
801.885	472.61  
802.276	405.1   
802.668	444.68  
803.059	451.66  
803.45	398.11   
803.841	395.78  
804.232	414.41  
804.623	414.41  
805.014	437.69  
805.405	419.07  
805.795	381.82  
806.186	456.32  
806.577	405.1   
806.967	421.39  
807.358	407.43  
807.748	379.49  
808.139	444.68  
808.529	405.1   
808.919	407.43  
809.309	298     
809.699	377.16  
810.089	470.29  
810.479	414.41  
810.869	391.13  
811.259	453.99  
811.649	363.19  
812.039	363.19  
812.428	391.13  
812.818	458.64  
813.207	428.38  
813.597	416.74  
813.986	407.43  
814.376	351.55  
814.765	467.96  
815.154	435.36  
815.543	391.13  
815.932	330.6   
816.321	447     
816.71	426.05   
817.099	419.07  
817.488	402.77  
817.877	395.78  
818.265	486.58  
818.654	428.38  
819.043	463.3   
819.431	351.55  
819.819	372.5   
820.208	379.49  
820.596	412.08  
820.984	423.72  
821.372	400.44  
821.761	365.52  
822.149	442.35  
822.537	426.05  
822.924	395.78  
823.312	416.74  
823.7	440.02    
824.088	498.22  
824.475	377.16  
824.863	358.53  
825.251	405.1   
825.638	426.05  
826.025	419.07  
826.413	419.07  
826.8	419.07    
827.187	363.19  
827.574	391.13  
827.961	407.43  
828.348	356.21  
828.735	458.64  
829.122	416.74  
829.509	472.61  
829.896	395.78  
830.282	337.58  
830.669	402.77  
831.055	414.41  
831.442	386.47  
831.828	428.38  
832.215	426.05  
832.601	467.96  
832.987	381.82  
833.373	414.41  
833.759	449.33  
834.145	456.32  
834.531	453.99  
834.917	444.68  
835.303	423.72  
835.689	421.39  
836.074	449.33  
836.46	460.97   
836.846	465.63  
837.231	419.07  
837.617	374.83  
838.002	463.3   
838.387	451.66  
838.772	379.49  
839.158	444.68  
839.543	467.96  
839.928	377.16  
840.313	465.63  
840.698	428.38  
841.082	367.85  
841.467	458.64  
841.852	381.82  
842.237	402.77  
842.621	430.71  
843.006	419.07  
843.39	416.74   
843.774	416.74  
844.159	379.49  
844.543	500.55  
844.927	430.71  
845.311	419.07  
845.695	456.32  
846.079	498.22  
846.463	377.16  
846.847	407.43  
847.231	500.55  
847.615	421.39  
847.998	405.1   
848.382	428.38  
848.765	470.29  
849.149	409.75  
849.532	356.21  
849.916	474.94  
850.299	393.46  
850.682	358.53  
851.065	440.02  
851.448	337.58  
851.831	407.43  
852.214	416.74  
852.597	414.41  
852.98	486.58   
853.363	416.74  
853.745	507.54  
854.128	433.04  
854.51	377.16   
854.893	360.86  
855.275	479.6   
855.658	409.75  
856.04	405.1    
856.422	456.32  
856.804	433.04  
857.186	358.53  
857.568	398.11  
857.95	391.13   
858.332	388.8   
858.714	549.44  
859.096	507.54  
859.477	428.38  
859.859	458.64  
860.24	465.63   
860.622	491.24  
861.003	433.04  
861.385	379.49  
861.766	467.96  
862.147	430.71  
862.528	488.91  
862.909	409.75  
863.29	465.63   
863.671	402.77  
864.052	388.8   
864.433	493.57  
864.814	509.86  
865.194	379.49  
865.575	458.64  
865.955	516.85  
866.336	491.24  
866.716	465.63  
867.097	395.78  
867.477	416.74  
867.857	442.35  
868.237	419.07  
868.617	444.68  
868.997	479.6   
869.377	479.6   
869.757	414.41  
870.137	398.11  
870.517	433.04  
870.896	437.69  
871.276	419.07  
871.655	409.75  
872.035	386.47  
872.414	358.53  
872.794	430.71  
873.173	398.11  
873.552	374.83  
873.931	400.44  
874.31	409.75   
874.689	495.9   
875.068	465.63  
875.447	458.64  
875.826	384.14  
876.205	453.99  
876.583	472.61  
876.962	449.33  
877.341	458.64  
877.719	407.43  
878.097	428.38  
878.476	465.63  
878.854	440.02  
879.232	407.43  
879.61	460.97   
879.988	435.36  
880.366	416.74  
880.744	444.68  
881.122	372.5   
881.5	447       
881.878	507.54  
882.255	437.69  
882.633	442.35  
883.011	449.33  
883.388	421.39  
883.765	447     
884.143	486.58  
884.52	423.72   
884.897	398.11  
885.274	430.71  
885.651	491.24  
886.028	495.9   
886.405	437.69  
886.782	344.57  
887.159	416.74  
887.536	442.35  
887.912	435.36  
888.289	407.43  
888.665	412.08  
889.042	428.38  
889.418	405.1   
889.794	386.47  
890.171	419.07  
890.547	440.02  
890.923	453.99  
891.299	414.41  
891.675	419.07  
892.051	463.3   
892.427	356.21  
892.803	395.78  
893.178	405.1   
893.554	374.83  
893.929	428.38  
894.305	407.43  
894.68	474.94   
895.056	460.97  
895.431	370.18  
895.806	472.61  
896.181	414.41  
896.557	412.08  
896.932	367.85  
897.307	395.78  
897.681	409.75  
898.056	386.47  
898.431	421.39  
898.806	423.72  
899.18	428.38   
899.555	407.43  
899.929	437.69  
900.304	402.77  
900.678	386.47  
901.052	379.49  
901.427	400.44  
901.801	440.02  
902.175	398.11  
902.549	437.69  
902.923	372.5   
903.297	407.43  
903.67	412.08   
904.044	386.47  
904.418	402.77  
904.791	481.93  
905.165	381.82  
905.538	393.46  
905.912	409.75  
906.285	384.14  
906.658	414.41  
907.032	370.18  
907.405	407.43  
907.778	426.05  
908.151	332.92  
908.524	400.44  
908.896	381.82  
909.269	405.1   
909.642	400.44  
910.015	423.72  
910.387	365.52  
910.76	393.46   
911.132	391.13  
911.504	393.46  
911.877	474.94  
912.249	407.43  
912.621	453.99  
912.993	360.86  
913.365	444.68  
913.737	374.83  
914.109	358.53  
914.481	409.75  
914.853	377.16  
915.224	405.1   
915.596	370.18  
915.968	381.82  
916.339	365.52  
916.71	330.6    
917.082	395.78  
917.453	400.44  
917.824	384.14  
918.195	370.18  
918.566	377.16  
918.937	447     
919.308	416.74  
919.679	412.08  
920.05	437.69   
920.421	386.47  
920.791	351.55  
921.162	377.16  
921.532	402.77  
921.903	416.74  
922.273	335.25  
922.644	405.1   
923.014	395.78  
923.384	393.46  
923.754	414.41  
924.124	416.74  
924.494	433.04  
924.864	419.07  
925.234	463.3   
925.604	400.44  
925.973	460.97  
926.343	363.19  
926.712	388.8   
927.082	363.19  
927.451	412.08  
927.821	433.04  
928.19	356.21   
928.559	363.19  
928.928	435.36  
929.297	360.86  
929.666	367.85  
930.035	421.39  
930.404	407.43  
930.773	451.66  
931.142	381.82  
931.51	465.63   
931.879	412.08  
932.247	419.07  
932.616	423.72  
932.984	370.18  
933.353	393.46  
933.721	444.68  
934.089	360.86  
934.457	423.72  
934.825	423.72  
935.193	360.86  
935.561	363.19  
935.929	372.5   
936.296	307.32  
936.664	428.38  
937.032	428.38  
937.399	360.86  
937.767	370.18  
938.134	426.05  
938.501	421.39  
938.869	430.71  
939.236	381.82  
939.603	386.47  
939.97	349.22   
940.337	412.08  
940.704	444.68  
941.071	407.43  
941.438	419.07  
941.804	381.82  
942.171	337.58  
942.538	405.1   
942.904	381.82  
943.27	393.46   
943.637	388.8   
944.003	398.11  
944.369	367.85  
944.735	393.46  
945.102	402.77  
945.468	460.97  
945.833	414.41  
946.199	339.91  
946.565	332.92  
946.931	416.74  
947.296	442.35  
947.662	386.47  
948.028	414.41  
948.393	456.32  
948.758	447     
949.124	400.44  
949.489	456.32  
949.854	442.35  
950.219	332.92  
950.584	416.74  
950.949	374.83  
951.314	356.21  
951.679	391.13  
952.044	423.72  
952.408	451.66  
952.773	398.11  
953.137	426.05  
953.502	402.77  
953.866	386.47  
954.231	349.22  
954.595	400.44  
954.959	381.82  
955.323	421.39  
955.687	409.75  
956.051	381.82  
956.415	360.86  
956.779	398.11  
957.143	444.68  
957.506	412.08  
957.87	398.11   
958.234	395.78  
958.597	414.41  
958.961	479.6   
959.324	370.18  
959.687	367.85  
960.05	386.47   
960.413	386.47  
960.776	414.41  
961.139	381.82  
961.502	395.78  
961.865	447     
962.228	400.44  
962.591	484.25  
962.953	491.24  
963.316	367.85  
963.678	449.33  
964.041	374.83  
964.403	463.3   
964.765	367.85  
965.128	349.22  
965.49	379.49   
965.852	384.14  
966.214	400.44  
966.576	423.72  
966.938	353.88  
967.299	419.07  
967.661	356.21  
968.023	412.08  
968.384	391.13  
968.746	318.96  
969.107	342.24  
969.469	402.77  
969.83	416.74   
970.191	346.89  
970.552	426.05  
970.913	367.85  
971.274	416.74  
971.635	372.5   
971.996	332.92  
972.357	372.5   
972.718	423.72  
973.078	311.97  
973.439	393.46  
973.8	395.78    
974.16	398.11   
974.52	400.44   
974.881	353.88  
975.241	384.14  
975.601	367.85  
975.961	419.07  
976.321	421.39  
976.681	384.14  
977.041	416.74  
977.401	363.19  
977.76	398.11   
978.12	426.05   
978.48	379.49   
978.839	419.07  
979.199	388.8   
979.558	433.04  
979.917	428.38  
980.277	377.16  
980.636	360.86  
980.995	409.75  
981.354	447     
981.713	356.21  
982.072	409.75  
982.43	335.25   
982.789	435.36  
983.148	370.18  
983.506	351.55  
983.865	393.46  
984.223	477.27  
984.582	423.72  
984.94	386.47   
985.298	419.07  
985.656	472.61  
986.015	384.14  
986.373	330.6   
986.731	349.22  
987.088	384.14  
987.446	437.69  
987.804	337.58  
988.162	372.5   
988.519	381.82  
988.877	346.89  
989.234	379.49  
989.591	388.8   
989.949	393.46  
990.306	374.83  
990.663	416.74  
991.02	330.6    
991.377	405.1   
991.734	463.3   
992.091	314.3   
992.448	391.13  
992.805	451.66  
993.161	381.82  
993.518	428.38  
993.874	405.1   
994.231	370.18  
994.587	456.32  
994.943	393.46  
995.3	407.43    
995.656	339.91  
996.012	400.44  
996.368	393.46  
996.724	430.71  
997.08	321.28   
997.435	423.72  
997.791	449.33  
998.147	407.43  
998.502	402.77  
998.858	339.91  
999.213	414.41  
999.569	402.77  
999.924	325.94  
1000.279	407.43 
1000.634	381.82 
1000.989	330.6  
1001.344	328.27 
1001.699	449.33 
1002.054	395.78 
1002.409	374.83 
1002.764	386.47 
1003.118	430.71 
1003.473	295.67 
1003.827	428.38 
1004.182	426.05 
1004.536	330.6  
1004.89	388.8   
1005.245	414.41 
1005.599	402.77 
1005.953	437.69 
1006.307	386.47 
1006.661	386.47 
1007.015	353.88 
1007.368	402.77 
1007.722	388.8  
1008.076	363.19 
1008.429	372.5  
1008.783	416.74 
1009.136	314.3  
1009.489	391.13 
1009.843	393.46 
1010.196	365.52 
1010.549	405.1  
1010.902	405.1  
1011.255	407.43 
1011.608	407.43 
1011.961	360.86 
1012.313	419.07 
1012.666	395.78 
1013.019	447    
1013.371	414.41 
1013.724	367.85 
1014.076	449.33 
1014.428	330.6  
1014.781	458.64 
1015.133	377.16 
1015.485	391.13 
1015.837	365.52 
1016.189	428.38 
1016.541	412.08 
1016.893	405.1  
1017.244	421.39 
1017.596	435.36 
1017.947	398.11 
1018.299	370.18 
1018.65	423.72  
1019.002	351.55 
1019.353	381.82 
1019.704	344.57 
1020.055	423.72 
1020.407	372.5  
1020.758	339.91 
1021.108	360.86 
1021.459	384.14 
1021.81	400.44  
1022.161	272.39 
1022.511	358.53 
1022.862	423.72 
1023.213	370.18 
1023.563	374.83 
1023.913	360.86 
1024.264	344.57 
1024.614	367.85 
1024.964	456.32 
1025.314	388.8  
1025.664	391.13 
1026.014	370.18 
1026.364	372.5  
1026.713	412.08 
1027.063	339.91 
1027.413	360.86 
1027.762	419.07 
1028.112	421.39 
1028.461	342.24 
1028.81	344.57  
1029.16	335.25  
1029.509	370.18 
1029.858	332.92 
1030.207	442.35 
1030.556	360.86 
1030.905	332.92 
1031.254	405.1  
1031.602	325.94 
1031.951	377.16 
1032.3	349.22   
1032.648	405.1  
1032.996	405.1  
1033.345	405.1  