187.879	19.93   
188.346	19.93   
188.813	19.93   
189.28	-140.71  
189.747	-82.5   
190.214	-66.21  
190.681	-49.91  
191.148	-68.53  
191.614	-70.86  
192.081	-42.93  
192.548	-61.55  
193.014	-35.94  
193.481	-63.88  
193.948	15.28   
194.414	-21.97  
194.881	47.87   
195.347	-33.61  
195.813	96.76   
196.28	94.44    
196.746	141     
197.212	120.05  
197.678	182.91  
198.145	210.84  
198.611	175.92  
199.077	180.58  
199.543	301.64  
200.009	345.88  
200.475	317.94  
200.941	306.3   
201.407	317.94  
201.873	262.06  
202.338	385.45  
202.804	348.2   
203.27	408.74   
203.735	418.05  
204.201	348.2   
204.667	355.19  
205.132	378.47  
205.598	450.64  
206.063	338.89  
206.529	331.91  
206.994	408.74  
207.459	355.19  
207.925	355.19  
208.39	373.81   
208.855	341.22  
209.32	413.39   
209.785	478.58  
210.25	394.77   
210.715	408.74  
211.18	345.88   
211.645	378.47  
212.11	313.28   
212.575	364.5   
213.04	380.8    
213.504	450.64  
213.969	439     
214.434	406.41  
214.899	459.95  
215.363	399.42  
215.828	359.84  
216.292	362.17  
216.757	313.28  
217.221	364.5   
217.685	464.61  
218.15	299.31   
218.614	394.77  
219.078	411.06  
219.542	436.67  
220.007	362.17  
220.471	376.14  
220.935	336.56  
221.399	352.86  
221.863	366.83  
222.327	306.3   
222.791	378.47  
223.254	390.11  
223.718	394.77  
224.182	341.22  
224.646	390.11  
225.109	387.78  
225.573	320.27  
226.037	331.91  
226.5	336.56    
226.964	380.8   
227.427	411.06  
227.89	350.53   
228.354	364.5   
228.817	343.55  
229.28	338.89   
229.744	366.83  
230.207	364.5   
230.67	445.99   
231.133	283.02  
231.596	406.41  
232.059	303.97  
232.522	320.27  
232.985	390.11  
233.448	364.5   
233.911	420.38  
234.374	369.16  
234.836	425.03  
235.299	385.45  
235.762	366.83  
236.224	418.05  
236.687	401.75  
237.149	411.06  
237.612	355.19  
238.074	355.19  
238.537	385.45  
238.999	366.83  
239.461	422.7   
239.924	427.36  
240.386	338.89  
240.848	327.25  
241.31	350.53   
241.772	336.56  
242.234	352.86  
242.696	378.47  
243.158	334.23  
243.62	383.13   
244.082	362.17  
244.544	408.74  
245.006	373.81  
245.468	259.73  
245.929	432.02  
246.391	362.17  
246.852	352.86  
247.314	315.61  
247.776	422.7   
248.237	434.34  
248.698	324.92  
249.16	352.86   
249.621	436.67  
250.082	373.81  
250.544	434.34  
251.005	371.48  
251.466	408.74  
251.927	343.55  
252.388	376.14  
252.849	378.47  
253.31	394.77   
253.771	413.39  
254.232	380.8   
254.693	434.34  
255.154	369.16  
255.615	415.72  
256.075	476.25  
256.536	394.77  
256.997	341.22  
257.457	383.13  
257.918	392.44  
258.378	371.48  
258.839	415.72  
259.299	345.88  
259.759	399.42  
260.22	404.08   
260.68	380.8    
261.14	443.66   
261.6	422.7     
262.06	362.17   
262.521	355.19  
262.981	427.36  
263.441	317.94  
263.901	331.91  
264.36	408.74   
264.82	338.89   
265.28	413.39   
265.74	352.86   
266.2	411.06    
266.659	422.7   
267.119	350.53  
267.579	443.66  
268.038	380.8   
268.498	399.42  
268.957	383.13  
269.416	341.22  
269.876	406.41  
270.335	422.7   
270.794	385.45  
271.254	418.05  
271.713	369.16  
272.172	341.22  
272.631	457.63  
273.09	383.13   
273.549	404.08  
274.008	373.81  
274.467	406.41  
274.926	380.8   
275.385	432.02  
275.843	397.09  
276.302	371.48  
276.761	443.66  
277.22	436.67   
277.678	327.25  
278.137	383.13  
278.595	418.05  
279.054	373.81  
279.512	418.05  
279.97	483.24   
280.429	408.74  
280.887	376.14  
281.345	343.55  
281.803	404.08  
282.262	469.27  
282.72	394.77   
283.178	383.13  
283.636	394.77  
284.094	406.41  
284.552	439     
285.01	439      
285.467	418.05  
285.925	350.53  
286.383	387.78  
286.841	413.39  
287.298	418.05  
287.756	385.45  
288.213	411.06  
288.671	397.09  
289.128	341.22  
289.586	422.7   
290.043	415.72  
290.5	385.45    
290.958	411.06  
291.415	425.03  
291.872	317.94  
292.329	415.72  
292.786	392.44  
293.243	427.36  
293.7	443.66    
294.157	394.77  
294.614	397.09  
295.071	408.74  
295.528	418.05  
295.985	392.44  
296.441	429.69  
296.898	383.13  
297.355	455.3   
297.811	385.45  
298.268	408.74  
298.724	324.92  
299.181	404.08  
299.637	380.8   
300.094	341.22  
300.55	376.14   
301.006	445.99  
301.462	397.09  
301.919	390.11  
302.375	373.81  
302.831	364.5   
303.287	385.45  
303.743	331.91  
304.199	418.05  
304.655	399.42  
305.11	343.55   
305.566	429.69  
306.022	429.69  
306.478	394.77  
306.933	394.77  
307.389	366.83  
307.845	427.36  
308.3	404.08    
308.756	415.72  
309.211	387.78  
309.666	359.84  
310.122	352.86  
310.577	415.72  
311.032	397.09  
311.487	452.97  
311.943	373.81  
312.398	422.7   
312.853	401.75  
313.308	383.13  
313.763	392.44  
314.218	394.77  
314.672	420.38  
315.127	399.42  
315.582	432.02  
316.037	320.27  
316.492	448.31  
316.946	334.23  
317.401	352.86  
317.855	411.06  
318.31	387.78   
318.764	376.14  
319.219	343.55  
319.673	450.64  
320.127	473.92  
320.582	397.09  
321.036	406.41  
321.49	436.67   
321.944	420.38  
322.398	357.52  
322.852	411.06  
323.306	434.34  
323.76	380.8    
324.214	362.17  
324.668	369.16  
325.122	422.7   
325.575	490.22  
326.029	408.74  
326.483	348.2   
326.936	429.69  
327.39	383.13   
327.843	406.41  
328.297	390.11  
328.75	401.75   
329.204	413.39  
329.657	478.58  
330.11	411.06   
330.564	418.05  
331.017	478.58  
331.47	443.66   
331.923	439     
332.376	376.14  
332.829	385.45  
333.282	392.44  
333.735	429.69  
334.188	376.14  
334.641	415.72  
335.093	355.19  
335.546	380.8   
335.999	380.8   
336.451	452.97  
336.904	411.06  
337.356	441.33  
337.809	432.02  
338.261	348.2   
338.714	387.78  
339.166	376.14  
339.618	448.31  
340.07	322.59   
340.523	448.31  
340.975	490.22  
341.427	429.69  
341.879	459.95  
342.331	425.03  
342.783	376.14  
343.235	406.41  
343.687	436.67  
344.138	350.53  
344.59	439      
345.042	406.41  
345.494	420.38  
345.945	408.74  
346.397	345.88  
346.848	432.02  
347.3	327.25    
347.751	376.14  
348.203	399.42  
348.654	422.7   
349.105	350.53  
349.556	436.67  
350.008	443.66  
350.459	436.67  
350.91	364.5    
351.361	355.19  
351.812	324.92  
352.263	341.22  
352.714	445.99  
353.165	478.58  
353.615	371.48  
354.066	432.02  
354.517	392.44  
354.968	418.05  
355.418	494.88  
355.869	376.14  
356.319	429.69  
356.77	408.74   
357.22	413.39   
357.671	352.86  
358.121	411.06  
358.571	399.42  
359.021	376.14  
359.472	415.72  
359.922	376.14  
360.372	418.05  
360.822	459.95  
361.272	429.69  
361.722	452.97  
362.172	411.06  
362.622	432.02  
363.071	439     
363.521	371.48  
363.971	373.81  
364.42	371.48   
364.87	378.47   
365.32	399.42   
365.769	399.42  
366.219	404.08  
366.668	450.64  
367.117	434.34  
367.567	432.02  
368.016	422.7   
368.465	392.44  
368.914	457.63  
369.363	373.81  
369.812	411.06  
370.261	392.44  
370.71	422.7    
371.159	436.67  
371.608	418.05  
372.057	352.86  
372.506	436.67  
372.955	420.38  
373.403	413.39  
373.852	436.67  
374.301	404.08  
374.749	408.74  
375.198	459.95  
375.646	452.97  
376.094	432.02  
376.543	411.06  
376.991	390.11  
377.439	499.53  
377.887	359.84  
378.336	383.13  
378.784	380.8   
379.232	390.11  
379.68	350.53   
380.128	471.6   
380.576	483.24  
381.023	441.33  
381.471	366.83  
381.919	401.75  
382.367	415.72  
382.814	441.33  
383.262	411.06  
383.71	443.66   
384.157	371.48  
384.605	392.44  
385.052	364.5   
385.499	404.08  
385.947	420.38  
386.394	399.42  
386.841	371.48  
387.288	366.83  
387.735	420.38  
388.182	422.7   
388.63	399.42   
389.076	399.42  
389.523	439     
389.97	427.36   
390.417	425.03  
390.864	478.58  
391.311	376.14  
391.757	404.08  
392.204	432.02  
392.651	397.09  
393.097	434.34  
393.544	443.66  
393.99	485.56   
394.436	480.91  
394.883	364.5   
395.329	420.38  
395.775	397.09  
396.221	450.64  
396.668	429.69  
397.114	492.55  
397.56	357.52   
398.006	448.31  
398.452	373.81  
398.897	404.08  
399.343	520.49  
399.789	406.41  
400.235	362.17  
400.681	390.11  
401.126	411.06  
401.572	459.95  
402.017	378.47  
402.463	385.45  
402.908	394.77  
403.354	413.39  
403.799	401.75  
404.244	378.47  
404.689	439     
405.135	359.84  
405.58	406.41   
406.025	436.67  
406.47	397.09   
406.915	483.24  
407.36	359.84   
407.805	425.03  
408.25	469.27   
408.694	350.53  
409.139	413.39  
409.584	401.75  
410.029	383.13  
410.473	359.84  
410.918	420.38  
411.362	429.69  
411.807	408.74  
412.251	390.11  
412.695	406.41  
413.14	450.64   
413.584	427.36  
414.028	441.33  
414.472	399.42  
414.916	457.63  
415.36	462.28   
415.804	376.14  
416.248	406.41  
416.692	380.8   
417.136	436.67  
417.58	387.78   
418.024	392.44  
418.467	406.41  
418.911	469.27  
419.355	436.67  
419.798	485.56  
420.242	320.27  
420.685	341.22  
421.128	434.34  
421.572	371.48  
422.015	450.64  
422.458	392.44  
422.902	401.75  
423.345	378.47  
423.788	301.64  
424.231	383.13  
424.674	348.2   
425.117	459.95  
425.56	439      
426.003	373.81  
426.445	408.74  
426.888	364.5   
427.331	378.47  
427.773	385.45  
428.216	483.24  
428.659	394.77  
429.101	366.83  
429.543	383.13  
429.986	415.72  
430.428	418.05  
430.87	448.31   
431.313	373.81  
431.755	394.77  
432.197	448.31  
432.639	441.33  
433.081	385.45  
433.523	455.3   
433.965	387.78  
434.407	413.39  
434.849	350.53  
435.291	322.59  
435.732	278.36  
436.174	345.88  
436.616	406.41  
437.057	317.94  
437.499	401.75  
437.94	348.2    
438.382	432.02  
438.823	369.16  
439.264	366.83  
439.706	357.52  
440.147	392.44  
440.588	369.16  
441.029	457.63  
441.47	392.44   
441.911	434.34  
442.352	408.74  
442.793	322.59  
443.234	394.77  
443.675	422.7   
444.116	443.66  
444.556	473.92  
444.997	425.03  
445.438	429.69  
445.878	429.69  
446.319	387.78  
446.759	376.14  
447.199	387.78  
447.64	459.95   
448.08	390.11   
448.52	373.81   
448.961	406.41  
449.401	434.34  
449.841	411.06  
450.281	404.08  
450.721	436.67  
451.161	415.72  
451.601	378.47  
452.041	394.77  
452.48	336.56   
452.92	497.2    
453.36	401.75   
453.799	425.03  
454.239	429.69  
454.679	432.02  
455.118	327.25  
455.557	432.02  
455.997	406.41  
456.436	380.8   
456.875	420.38  
457.315	394.77  
457.754	429.69  
458.193	439     
458.632	404.08  
459.071	483.24  
459.51	425.03   
459.949	366.83  
460.388	380.8   
460.827	401.75  
461.265	432.02  
461.704	373.81  
462.143	364.5   
462.581	376.14  
463.02	455.3    
463.458	364.5   
463.897	399.42  
464.335	473.92  
464.774	345.88  
465.212	315.61  
465.65	348.2    
466.088	394.77  
466.527	418.05  
466.965	385.45  
467.403	413.39  
467.841	434.34  
468.279	425.03  
468.716	459.95  
469.154	457.63  
469.592	499.53  
470.03	369.16   
470.467	411.06  
470.905	452.97  
471.343	394.77  
471.78	471.6    
472.218	397.09  
472.655	432.02  
473.092	406.41  
473.53	466.94   
473.967	359.84  
474.404	397.09  
474.841	415.72  
475.278	392.44  
475.716	473.92  
476.153	434.34  
476.589	397.09  
477.026	452.97  
477.463	380.8   
477.9	422.7     
478.337	415.72  
478.773	420.38  
479.21	378.47   
479.647	348.2   
480.083	415.72  
480.52	369.16   
480.956	385.45  
481.392	420.38  
481.829	415.72  
482.265	462.28  
482.701	341.22  
483.137	429.69  
483.574	366.83  
484.01	378.47   
484.446	411.06  
484.882	429.69  
485.317	511.17  
485.753	387.78  
486.189	513.5   
486.625	390.11  
487.061	399.42  
487.496	357.52  
487.932	406.41  
488.367	441.33  
488.803	422.7   
489.238	394.77  
489.674	466.94  
490.109	406.41  
490.544	434.34  
490.979	373.81  
491.415	303.97  
491.85	348.2    
492.285	373.81  
492.72	420.38   
493.155	422.7   
493.59	397.09   
494.024	378.47  
494.459	362.17  
494.894	343.55  
495.329	439     
495.763	341.22  
496.198	434.34  
496.632	343.55  
497.067	427.36  
497.501	427.36  
497.936	448.31  
498.37	415.72   
498.804	441.33  
499.238	362.17  
499.673	422.7   
500.107	413.39  
500.541	397.09  
500.975	397.09  
501.409	422.7   
501.843	331.91  
502.277	355.19  
502.71	462.28   
503.144	448.31  
503.578	364.5   
504.011	411.06  
504.445	399.42  
504.878	439     
505.312	390.11  
505.745	455.3   
506.179	385.45  
506.612	390.11  
507.045	418.05  
507.479	376.14  
507.912	436.67  
508.345	355.19  
508.778	441.33  
509.211	348.2   
509.644	369.16  
510.077	343.55  
510.509	413.39  
510.942	425.03  
511.375	369.16  
511.808	355.19  
512.24	432.02   
512.673	401.75  
513.105	415.72  
513.538	420.38  
513.97	441.33   
514.403	443.66  
514.835	376.14  
515.267	359.84  
515.699	408.74  
516.131	397.09  
516.564	406.41  
516.996	406.41  
517.428	350.53  
517.859	432.02  
518.291	387.78  
518.723	457.63  
519.155	383.13  
519.587	457.63  
520.018	425.03  
520.45	425.03   
520.881	362.17  
521.313	436.67  
521.744	469.27  
522.176	373.81  
522.607	411.06  
523.038	445.99  
523.47	390.11   
523.901	443.66  
524.332	352.86  
524.763	394.77  
525.194	464.61  
525.625	422.7   
526.056	359.84  
526.487	352.86  
526.917	415.72  
527.348	376.14  
527.779	415.72  
528.21	429.69   
528.64	418.05   
529.071	420.38  
529.501	457.63  
529.932	373.81  
530.362	357.52  
530.792	380.8   
531.222	366.83  
531.653	394.77  
532.083	413.39  
532.513	383.13  
532.943	366.83  
533.373	429.69  
533.803	387.78  
534.233	429.69  
534.663	427.36  
535.092	373.81  
535.522	404.08  
535.952	387.78  
536.381	432.02  
536.811	441.33  
537.24	343.55   
537.67	420.38   
538.099	383.13  
538.529	345.88  
538.958	406.41  
539.387	413.39  
539.816	352.86  
540.245	422.7   
540.674	390.11  
541.103	415.72  
541.532	448.31  
541.961	427.36  
542.39	434.34   
542.819	445.99  
543.248	401.75  
543.676	501.86  
544.105	450.64  
544.534	373.81  
544.962	445.99  
545.391	436.67  
545.819	408.74  
546.247	471.6   
546.676	445.99  
547.104	399.42  
547.532	418.05  
547.96	394.77   
548.388	392.44  
548.816	352.86  
549.244	376.14  
549.672	366.83  
550.1	345.88    
550.528	427.36  
550.956	436.67  
551.383	452.97  
551.811	397.09  
552.238	413.39  
552.666	376.14  
553.094	418.05  
553.521	420.38  
553.948	443.66  
554.376	397.09  
554.803	429.69  
555.23	422.7    
555.657	390.11  
556.084	387.78  
556.511	415.72  
556.938	455.3   
557.365	541.44  
557.792	432.02  
558.219	369.16  
558.646	387.78  
559.072	436.67  
559.499	450.64  
559.926	429.69  
560.352	420.38  
560.779	401.75  
561.205	399.42  
561.632	411.06  
562.058	450.64  
562.484	455.3   
562.91	408.74   
563.337	422.7   
563.763	408.74  
564.189	425.03  
564.615	450.64  
565.041	418.05  
565.466	392.44  
565.892	515.83  
566.318	397.09  
566.744	494.88  
567.169	366.83  
567.595	408.74  
568.021	466.94  
568.446	429.69  
568.872	487.89  
569.297	429.69  
569.722	487.89  
570.148	455.3   
570.573	525.14  
570.998	564.72  
571.423	483.24  
571.848	536.78  
572.273	562.39  
572.698	508.85  
573.123	601.97  
573.548	501.86  
573.973	527.47  
574.397	518.16  
574.822	504.19  
575.247	592.66  
575.671	567.05  
576.096	555.41  
576.52	601.97   
576.944	585.67  
577.369	583.35  
577.793	557.74  
578.217	671.82  
578.641	657.85  
579.065	669.49  
579.49	634.57   
579.914	725.36  
580.337	636.89  
580.761	676.47  
581.185	711.39  
581.609	636.89  
582.033	762.61  
582.456	769.6   
582.88	848.75   
583.303	732.35  
583.727	806.85  
584.15	785.9    
584.574	778.91  
584.997	799.86  
585.42	820.82   
585.844	834.79  
586.267	872.04  
586.69	899.97   
587.113	958.18  
587.536	944.21  
587.959	993.1   
588.382	993.1   
588.804	1011.73 
589.227	1069.93 
589.65	1035.01  
590.073	1044.32 
590.495	1128.13 
590.918	1132.79 
591.34	1200.31  
591.763	1195.65 
592.185	1293.43 
592.607	1256.18 
593.03	1300.42  
593.452	1386.56 
593.874	1421.48 
594.296	1489    
594.718	1554.18 
595.14	1542.54  
595.562	1675.25 
595.984	1631.01 
596.406	1703.18 
596.827	1689.22 
597.249	1775.36 
597.671	1917.37 
598.092	2126.91 
598.514	2187.44 
598.935	2254.96 
599.357	2264.27 
599.778	2378.35 
600.199	2254.96 
600.621	2359.72 
601.042	2457.5  
601.463	2522.69 
601.884	2557.61 
602.305	2722.91 
602.726	3116.37 
603.147	3239.76 
603.568	3379.45 
603.988	3311.93 
604.409	3665.81 
604.83	3535.44  
605.25	3570.36  
605.671	3677.45 
606.092	3754.28 
606.512	3689.09 
606.932	3842.75 
607.353	4094.19 
607.773	4357.27 
608.193	4501.62 
608.613	4850.84 
609.034	5011.48 
609.454	5137.2  
609.874	5195.4  
610.293	5207.05 
610.713	5321.12 
611.133	5432.88 
611.553	5449.17 
611.973	5465.47 
612.392	5679.66 
612.812	6147.62 
613.231	6487.53 
613.651	6955.48 
614.07	7523.55  
614.49	7844.84  
614.909	8212.68 
615.328	8568.89 
615.747	8482.75 
616.167	8417.56 
616.586	8652.7  
617.005	8971.66 
617.424	9036.85 
617.843	9525.76 
618.261	10014.67
618.68	10722.42 
619.099	11516.32
619.518	12354.46
619.936	13190.26
620.355	13895.69
620.773	14375.29
621.192	14761.76
621.61	14854.89 
622.029	14961.98
622.447	15206.44
622.865	15148.23
623.283	15592.91
623.701	16077.16
624.119	16656.87
624.537	17483.36
624.955	18859.3 
625.373	20353.97
625.791	21452.85
626.209	22053.51
626.627	22686.77
627.044	23126.79
627.462	22849.74
627.879	22691.43
628.297	22535.44
628.714	22353.85
629.132	22328.24
629.549	22826.46
629.966	23343.31
630.383	24528.33
630.8	25811.14  
631.217	27021.78
631.634	28332.53
632.051	29522.21
632.468	30101.92
632.885	30099.59
633.302	29675.87
633.719	29126.42
634.135	27592.18
634.552	26677.21
634.969	25780.88
635.385	25289.64
635.801	24446.85
636.218	24318.8 
636.634	24502.72
637.05	24474.79 
637.467	25080.11
637.883	24849.62
638.299	25000.95
638.715	24225.68
639.131	23201.29
639.547	21557.62
639.963	20312.06
640.378	18258.64
640.794	16708.09
641.21	15376.39 
641.626	14093.58
642.041	13045.92
642.457	12200.8 
642.872	11607.12
643.287	10731.74
643.703	10184.62
644.118	10005.36
644.533	9507.13 
644.948	8699.27 
645.364	8098.6  
645.779	7600.38 
646.194	6757.59 
646.609	6303.6  
647.023	5763.47 
647.438	5244.3  
647.853	4906.71 
648.268	4531.88 
648.682	4124.46 
649.097	3928.89 
649.511	3775.24 
649.926	3626.23 
650.34	3377.12  
650.755	3225.79 
651.169	3048.85 
651.583	2846.3  
651.997	2669.37 
652.411	2413.27 
652.825	2292.21 
653.239	2091.99 
653.653	2003.52 
654.067	1826.58 
654.481	1707.84 
654.895	1596.09 
655.309	1603.07 
655.722	1442.43 
656.136	1409.84 
656.549	1370.26 
656.963	1346.98 
657.376	1209.62 
657.79	1177.02  
658.203	1151.41 
658.616	1167.71 
659.029	1072.26 
659.442	939.55  
659.855	974.47  
660.268	946.54  
660.681	927.91  
661.094	804.52  
661.507	855.74  
661.92	848.75   
662.333	797.54  
662.745	741.66  
663.158	806.85  
663.57	636.89   
663.983	669.49  
664.395	713.72  
664.808	653.19  
665.22	629.91   
665.632	723.04  
666.044	567.05  
666.456	634.57  
666.868	576.36  
667.28	574.03   
667.692	513.5   
668.104	557.74  
668.516	585.67  
668.928	581.02  
669.34	532.13   
669.751	511.17  
670.163	459.95  
670.574	529.8   
670.986	522.81  
671.397	478.58  
671.809	464.61  
672.22	513.5    
672.631	497.2   
673.042	473.92  
673.453	480.91  
673.864	511.17  
674.275	473.92  
674.686	415.72  
675.097	459.95  
675.508	457.63  
675.919	436.67  
676.33	436.67   
676.74	387.78   
677.151	480.91  
677.561	455.3   
677.972	483.24  
678.382	413.39  
678.792	471.6   
679.203	425.03  
679.613	459.95  
680.023	404.08  
680.433	462.28  
680.843	443.66  
681.253	434.34  
681.663	452.97  
682.073	397.09  
682.483	420.38  
682.893	364.5   
683.302	406.41  
683.712	452.97  
684.122	392.44  
684.531	441.33  
684.94	473.92   
685.35	401.75   
685.759	401.75  
686.168	455.3   
686.578	406.41  
686.987	464.61  
687.396	394.77  
687.805	483.24  
688.214	455.3   
688.623	434.34  
689.032	459.95  
689.44	434.34   
689.849	450.64  
690.258	366.83  
690.666	406.41  
691.075	406.41  
691.484	383.13  
691.892	401.75  
692.3	397.09    
692.709	364.5   
693.117	425.03  
693.525	404.08  
693.933	427.36  
694.341	406.41  
694.749	436.67  
695.157	425.03  
695.565	355.19  
695.973	376.14  
696.381	317.94  
696.788	399.42  
697.196	397.09  
697.604	329.58  
698.011	411.06  
698.419	436.67  
698.826	348.2   
699.234	406.41  
699.641	425.03  
700.048	404.08  
700.455	427.36  
700.862	392.44  
701.269	434.34  
701.676	443.66  
702.083	345.88  
702.49	357.52   
702.897	366.83  
703.304	406.41  
703.71	383.13   
704.117	399.42  
704.524	401.75  
704.93	448.31   
705.337	439     
705.743	366.83  
706.149	422.7   
706.556	371.48  
706.962	366.83  
707.368	445.99  
707.774	415.72  
708.18	401.75   
708.586	445.99  
708.992	378.47  
709.398	334.23  
709.804	448.31  
710.209	394.77  
710.615	445.99  
711.021	387.78  
711.426	404.08  
711.832	422.7   
712.237	420.38  
712.642	371.48  
713.048	364.5   
713.453	345.88  
713.858	415.72  
714.263	385.45  
714.668	362.17  
715.073	390.11  
715.478	366.83  
715.883	415.72  
716.288	383.13  
716.693	436.67  
717.097	464.61  
717.502	425.03  
717.906	406.41  
718.311	348.2   
718.715	357.52  
719.12	413.39   
719.524	359.84  
719.928	401.75  
720.333	406.41  
720.737	373.81  
721.141	420.38  
721.545	401.75  
721.949	445.99  
722.353	434.34  
722.757	334.23  
723.16	380.8    
723.564	422.7   
723.968	352.86  
724.371	406.41  
724.775	399.42  
725.178	329.58  
725.582	392.44  
725.985	399.42  
726.388	411.06  
726.792	343.55  
727.195	355.19  
727.598	450.64  
728.001	338.89  
728.404	366.83  
728.807	408.74  
729.21	385.45   
729.612	345.88  
730.015	359.84  
730.418	373.81  
730.82	450.64   
731.223	355.19  
731.625	385.45  
732.028	415.72  
732.43	385.45   
732.833	462.28  
733.235	464.61  
733.637	411.06  
734.039	383.13  
734.441	392.44  
734.843	387.78  
735.245	371.48  
735.647	404.08  
736.049	394.77  
736.451	362.17  
736.852	411.06  
737.254	445.99  
737.655	439     
738.057	397.09  
738.458	315.61  
738.86	436.67   
739.261	418.05  
739.662	343.55  
740.064	411.06  
740.465	427.36  
740.866	376.14  
741.267	399.42  
741.668	394.77  
742.069	352.86  
742.469	418.05  
742.87	420.38   
743.271	320.27  
743.672	420.38  
744.072	413.39  
744.473	418.05  
744.873	404.08  
745.274	331.91  
745.674	380.8   
746.074	392.44  
746.474	376.14  
746.875	439     
747.275	434.34  
747.675	376.14  
748.075	352.86  
748.474	387.78  
748.874	432.02  
749.274	434.34  
749.674	401.75  
750.073	366.83  
750.473	364.5   
750.873	401.75  
751.272	397.09  
751.671	436.67  
752.071	411.06  
752.47	376.14   
752.869	483.24  
753.268	355.19  
753.668	352.86  
754.067	357.52  
754.466	397.09  
754.864	455.3   
755.263	450.64  
755.662	376.14  
756.061	383.13  
756.459	406.41  
756.858	413.39  
757.257	434.34  
757.655	415.72  
758.053	362.17  
758.452	327.25  
758.85	359.84   
759.248	373.81  
759.646	378.47  
760.045	385.45  
760.443	376.14  
760.841	397.09  
761.238	366.83  
761.636	425.03  
762.034	341.22  
762.432	457.63  
762.829	373.81  
763.227	355.19  
763.625	378.47  
764.022	452.97  
764.419	329.58  
764.817	413.39  
765.214	404.08  
765.611	425.03  
766.008	336.56  
766.406	415.72  
766.803	355.19  
767.199	448.31  
767.596	387.78  
767.993	413.39  
768.39	401.75   
768.787	413.39  
769.183	418.05  
769.58	415.72   
769.977	387.78  
770.373	432.02  
770.769	425.03  
771.166	390.11  
771.562	420.38  
771.958	420.38  
772.354	466.94  
772.75	429.69   
773.146	436.67  
773.542	459.95  
773.938	348.2   
774.334	366.83  
774.73	315.61   
775.126	385.45  
775.521	420.38  
775.917	425.03  
776.312	387.78  
776.708	324.92  
777.103	415.72  
777.499	376.14  
777.894	448.31  
778.289	345.88  
778.684	404.08  
779.079	411.06  
779.474	387.78  
779.869	408.74  
780.264	380.8   
780.659	392.44  
781.054	394.77  
781.448	387.78  
781.843	376.14  
782.238	427.36  
782.632	445.99  
783.027	355.19  
783.421	439     
783.815	378.47  
784.21	445.99   
784.604	445.99  
784.998	366.83  
785.392	404.08  
785.786	378.47  
786.18	357.52   
786.574	441.33  
786.968	411.06  
787.361	369.16  
787.755	387.78  
788.149	392.44  
788.542	355.19  
788.936	459.95  
789.329	364.5   
789.722	485.56  
790.116	418.05  
790.509	436.67  
790.902	401.75  
791.295	343.55  
791.688	427.36  
792.081	366.83  
792.474	371.48  
792.867	357.52  
793.26	478.58   
793.653	404.08  
794.045	327.25  
794.438	436.67  
794.83	434.34   
795.223	434.34  
795.615	439     
796.008	348.2   
796.4	413.39    
796.792	397.09  
797.184	364.5   
797.576	404.08  
797.968	378.47  
798.36	406.41   
798.752	401.75  
799.144	450.64  
799.536	387.78  
799.928	387.78  
800.319	425.03  
800.711	362.17  
801.102	387.78  
801.494	429.69  
801.885	462.28  
802.276	439     
802.668	418.05  
803.059	504.19  
803.45	366.83   
803.841	373.81  
804.232	366.83  
804.623	404.08  
805.014	432.02  
805.405	448.31  
805.795	464.61  
806.186	434.34  
806.577	443.66  
806.967	392.44  
807.358	418.05  
807.748	450.64  
808.139	452.97  
808.529	457.63  
808.919	348.2   
809.309	436.67  
809.699	434.34  
810.089	401.75  
810.479	455.3   
810.869	411.06  
811.259	413.39  
811.649	392.44  
812.039	380.8   
812.428	422.7   
812.818	380.8   
813.207	415.72  
813.597	427.36  
813.986	427.36  
814.376	373.81  
814.765	357.52  
815.154	364.5   
815.543	413.39  
815.932	390.11  
816.321	394.77  
816.71	401.75   
817.099	422.7   
817.488	471.6   
817.877	362.17  
818.265	420.38  
818.654	399.42  
819.043	397.09  
819.431	355.19  
819.819	371.48  
820.208	385.45  
820.596	422.7   
820.984	397.09  
821.372	404.08  
821.761	445.99  
822.149	448.31  
822.537	387.78  
822.924	439     
823.312	429.69  
823.7	394.77    
824.088	390.11  
824.475	420.38  
824.863	445.99  
825.251	408.74  
825.638	420.38  
826.025	432.02  
826.413	404.08  
826.8	390.11    
827.187	408.74  
827.574	464.61  
827.961	415.72  
828.348	434.34  
828.735	394.77  
829.122	445.99  
829.509	362.17  
829.896	369.16  
830.282	401.75  
830.669	420.38  
831.055	385.45  
831.442	385.45  
831.828	387.78  
832.215	394.77  
832.601	357.52  
832.987	359.84  
833.373	392.44  
833.759	387.78  
834.145	452.97  
834.531	411.06  
834.917	401.75  
835.303	366.83  
835.689	355.19  
836.074	383.13  
836.46	362.17   
836.846	445.99  
837.231	392.44  
837.617	408.74  
838.002	408.74  
838.387	413.39  
838.772	366.83  
839.158	376.14  
839.543	404.08  
839.928	352.86  
840.313	448.31  
840.698	406.41  
841.082	425.03  
841.467	425.03  
841.852	464.61  
842.237	394.77  
842.621	452.97  
843.006	434.34  
843.39	355.19   
843.774	376.14  
844.159	387.78  
844.543	369.16  
844.927	448.31  
845.311	394.77  
845.695	415.72  
846.079	406.41  
846.463	406.41  
846.847	436.67  
847.231	317.94  
847.615	411.06  
847.998	443.66  
848.382	439     
848.765	352.86  
849.149	450.64  
849.532	455.3   
849.916	345.88  
850.299	436.67  
850.682	459.95  
851.065	406.41  
851.448	362.17  
851.831	436.67  
852.214	376.14  
852.597	452.97  
852.98	448.31   
853.363	380.8   
853.745	404.08  
854.128	378.47  
854.51	401.75   
854.893	413.39  
855.275	418.05  
855.658	429.69  
856.04	401.75   
856.422	455.3   
856.804	387.78  
857.186	478.58  
857.568	450.64  
857.95	441.33   
858.332	450.64  
858.714	401.75  
859.096	504.19  
859.477	457.63  
859.859	471.6   
860.24	457.63   
860.622	515.83  
861.003	418.05  
861.385	478.58  
861.766	439     
862.147	432.02  
862.528	401.75  
862.909	459.95  
863.29	434.34   
863.671	390.11  
864.052	397.09  
864.433	408.74  
864.814	387.78  
865.194	466.94  
865.575	436.67  
865.955	494.88  
866.336	432.02  
866.716	425.03  
867.097	418.05  
867.477	399.42  
867.857	473.92  
868.237	420.38  
868.617	434.34  
868.997	427.36  
869.377	408.74  
869.757	427.36  
870.137	418.05  
870.517	494.88  
870.896	418.05  
871.276	399.42  
871.655	366.83  
872.035	385.45  
872.414	376.14  
872.794	455.3   
873.173	473.92  
873.552	476.25  
873.931	443.66  
874.31	420.38   
874.689	343.55  
875.068	418.05  
875.447	413.39  
875.826	513.5   
876.205	445.99  
876.583	450.64  
876.962	390.11  
877.341	415.72  
877.719	404.08  
878.097	399.42  
878.476	443.66  
878.854	385.45  
879.232	397.09  
879.61	499.53   
879.988	343.55  
880.366	466.94  
880.744	439     
881.122	336.56  
881.5	373.81    
881.878	399.42  
882.255	408.74  
882.633	441.33  
883.011	385.45  
883.388	324.92  
883.765	455.3   
884.143	497.2   
884.52	443.66   
884.897	303.97  
885.274	441.33  
885.651	418.05  
886.028	387.78  
886.405	452.97  
886.782	434.34  
887.159	462.28  
887.536	473.92  
887.912	480.91  
888.289	485.56  
888.665	429.69  
889.042	429.69  
889.418	413.39  
889.794	406.41  
890.171	404.08  
890.547	413.39  
890.923	445.99  
891.299	336.56  
891.675	452.97  
892.051	411.06  
892.427	387.78  
892.803	427.36  
893.178	399.42  
893.554	425.03  
893.929	399.42  
894.305	397.09  
894.68	432.02   
895.056	371.48  
895.431	415.72  
895.806	362.17  
896.181	359.84  
896.557	373.81  
896.932	385.45  
897.307	392.44  
897.681	371.48  
898.056	364.5   
898.431	408.74  
898.806	359.84  
899.18	399.42   
899.555	427.36  
899.929	394.77  
900.304	441.33  
900.678	336.56  
901.052	501.86  
901.427	450.64  
901.801	425.03  
902.175	425.03  
902.549	408.74  
902.923	404.08  
903.297	397.09  
903.67	443.66   
904.044	411.06  
904.418	436.67  
904.791	513.5   
905.165	439     
905.538	448.31  
905.912	413.39  
906.285	352.86  
906.658	469.27  
907.032	455.3   
907.405	432.02  
907.778	341.22  
908.151	450.64  
908.524	429.69  
908.896	357.52  
909.269	401.75  
909.642	397.09  
910.015	448.31  
910.387	427.36  
910.76	420.38   
911.132	441.33  
911.504	369.16  
911.877	427.36  
912.249	371.48  
912.621	427.36  
912.993	345.88  
913.365	397.09  
913.737	385.45  
914.109	343.55  
914.481	432.02  
914.853	436.67  
915.224	364.5   
915.596	373.81  
915.968	497.2   
916.339	411.06  
916.71	334.23   
917.082	469.27  
917.453	408.74  
917.824	364.5   
918.195	371.48  
918.566	404.08  
918.937	429.69  
919.308	362.17  
919.679	390.11  
920.05	432.02   
920.421	420.38  
920.791	436.67  
921.162	385.45  
921.532	418.05  
921.903	355.19  
922.273	348.2   
922.644	432.02  
923.014	401.75  
923.384	441.33  
923.754	436.67  
924.124	401.75  
924.494	406.41  
924.864	366.83  
925.234	425.03  
925.604	366.83  
925.973	432.02  
926.343	411.06  
926.712	411.06  
927.082	387.78  
927.451	303.97  
927.821	383.13  
928.19	390.11   
928.559	404.08  
928.928	359.84  
929.297	387.78  
929.666	394.77  
930.035	348.2   
930.404	378.47  
930.773	373.81  
931.142	415.72  
931.51	406.41   
931.879	401.75  
932.247	369.16  
932.616	357.52  
932.984	373.81  
933.353	373.81  
933.721	320.27  
934.089	443.66  
934.457	448.31  
934.825	371.48  
935.193	376.14  
935.561	448.31  
935.929	397.09  
936.296	427.36  
936.664	376.14  
937.032	401.75  
937.399	399.42  
937.767	415.72  
938.134	376.14  
938.501	415.72  
938.869	371.48  
939.236	394.77  
939.603	350.53  
939.97	350.53   
940.337	378.47  
940.704	404.08  
941.071	415.72  
941.438	448.31  
941.804	341.22  
942.171	317.94  
942.538	434.34  
942.904	308.62  
943.27	404.08   
943.637	322.59  
944.003	390.11  
944.369	336.56  
944.735	390.11  
945.102	336.56  
945.468	369.16  
945.833	413.39  
946.199	380.8   
946.565	455.3   
946.931	352.86  
947.296	425.03  
947.662	331.91  
948.028	399.42  
948.393	404.08  
948.758	366.83  
949.124	369.16  
949.489	392.44  
949.854	422.7   
950.219	466.94  
950.584	392.44  
950.949	345.88  
951.314	343.55  
951.679	415.72  
952.044	357.52  
952.408	445.99  
952.773	362.17  
953.137	292.33  
953.502	373.81  
953.866	317.94  
954.231	422.7   
954.595	380.8   
954.959	448.31  
955.323	324.92  
955.687	436.67  
956.051	369.16  
956.415	432.02  
956.779	404.08  
957.143	427.36  
957.506	418.05  
957.87	350.53   
958.234	392.44  
958.597	387.78  
958.961	399.42  
959.324	320.27  
959.687	355.19  
960.05	334.23   
960.413	425.03  
960.776	371.48  
961.139	341.22  
961.502	432.02  
961.865	385.45  
962.228	378.47  
962.591	376.14  
962.953	350.53  
963.316	392.44  
963.678	350.53  
964.041	392.44  
964.403	355.19  
964.765	373.81  
965.128	371.48  
965.49	345.88   
965.852	432.02  
966.214	404.08  
966.576	315.61  
966.938	324.92  
967.299	445.99  
967.661	373.81  
968.023	331.91  
968.384	348.2   
968.746	432.02  
969.107	408.74  
969.469	432.02  
969.83	373.81   
970.191	397.09  
970.552	350.53  
970.913	404.08  
971.274	299.31  
971.635	366.83  
971.996	411.06  
972.357	415.72  
972.718	457.63  
973.078	385.45  
973.439	350.53  
973.8	390.11    
974.16	420.38   
974.52	329.58   
974.881	364.5   
975.241	373.81  
975.601	338.89  
975.961	436.67  
976.321	485.56  
976.681	408.74  
977.041	418.05  
977.401	434.34  
977.76	408.74   
978.12	399.42   
978.48	348.2    
978.839	418.05  
979.199	355.19  
979.558	413.39  
979.917	399.42  
980.277	429.69  
980.636	399.42  
980.995	334.23  
981.354	415.72  
981.713	366.83  
982.072	418.05  
982.43	320.27   
982.789	394.77  
983.148	387.78  
983.506	397.09  
983.865	301.64  
984.223	359.84  
984.582	420.38  
984.94	294.66   
985.298	411.06  
985.656	378.47  
986.015	322.59  
986.373	329.58  
986.731	369.16  
987.088	394.77  
987.446	369.16  
987.804	350.53  
988.162	341.22  
988.519	364.5   
988.877	378.47  
989.234	355.19  
989.591	392.44  
989.949	406.41  
990.306	301.64  
990.663	397.09  
991.02	371.48   
991.377	376.14  
991.734	434.34  
992.091	406.41  
992.448	327.25  
992.805	422.7   
993.161	411.06  
993.518	411.06  
993.874	359.84  
994.231	445.99  
994.587	387.78  
994.943	394.77  
995.3	432.02    
995.656	369.16  
996.012	413.39  
996.368	317.94  
996.724	369.16  
997.08	383.13   
997.435	387.78  
997.791	397.09  
998.147	380.8   
998.502	290     
998.858	343.55  
999.213	415.72  
999.569	341.22  
999.924	390.11  
1000.279	380.8  
1000.634	329.58 
1000.989	373.81 
1001.344	350.53 
1001.699	385.45 
1002.054	366.83 
1002.409	392.44 
1002.764	413.39 
1003.118	420.38 
1003.473	397.09 
1003.827	425.03 
1004.182	418.05 
1004.536	397.09 
1004.89	436.67  
1005.245	345.88 
1005.599	406.41 
1005.953	450.64 
1006.307	336.56 
1006.661	315.61 
1007.015	408.74 
1007.368	429.69 
1007.722	359.84 
1008.076	399.42 
1008.429	366.83 
1008.783	348.2  
1009.136	455.3  
1009.489	369.16 
1009.843	371.48 
1010.196	392.44 
1010.549	443.66 
1010.902	371.48 
1011.255	392.44 
1011.608	357.52 
1011.961	413.39 
1012.313	387.78 
1012.666	362.17 
1013.019	338.89 
1013.371	387.78 
1013.724	355.19 
1014.076	387.78 
1014.428	445.99 
1014.781	401.75 
1015.133	415.72 
1015.485	343.55 
1015.837	369.16 
1016.189	334.23 
1016.541	376.14 
1016.893	397.09 
1017.244	413.39 
1017.596	364.5  
1017.947	404.08 
1018.299	387.78 
1018.65	378.47  
1019.002	350.53 
1019.353	385.45 
1019.704	383.13 
1020.055	392.44 
1020.407	401.75 
1020.758	462.28 
1021.108	303.97 
1021.459	404.08 
1021.81	348.2   
1022.161	371.48 
1022.511	452.97 
1022.862	331.91 
1023.213	350.53 
1023.563	420.38 
1023.913	455.3  
1024.264	345.88 
1024.614	359.84 
1024.964	327.25 
1025.314	436.67 
1025.664	394.77 
1026.014	441.33 
1026.364	383.13 
1026.713	366.83 
1027.063	469.27 
1027.413	401.75 
1027.762	411.06 
1028.112	408.74 
1028.461	373.81 
1028.81	457.63  
1029.16	380.8   
1029.509	348.2  
1029.858	418.05 
1030.207	366.83 
1030.556	441.33 
1030.905	371.48 
1031.254	383.13 
1031.602	418.05 
1031.951	383.13 
1032.3	345.88   
1032.648	385.45 
1032.996	385.45 
1033.345	385.45 