187.879	21.83   
188.346	21.83   
188.813	21.83   
189.28	-50.35   
189.747	-110.88 
190.214	-89.92  
190.681	-43.36  
191.148	-48.02  
191.614	-48.02  
192.081	-106.22 
192.548	-71.3   
193.014	-66.64  
193.481	-3.78   
193.948	14.84   
194.414	21.83   
194.881	49.76   
195.347	42.78   
195.813	12.51   
196.28	77.7     
196.746	105.64  
197.212	152.2   
197.678	170.83  
198.145	156.86  
198.611	236.02  
199.077	301.2   
199.543	315.17  
200.009	301.2   
200.475	345.44  
200.941	333.8   
201.407	268.61  
201.873	284.91  
202.338	398.99  
202.804	415.28  
203.27	336.13   
203.735	364.06  
204.201	398.99  
204.667	405.97  
205.132	389.67  
205.598	382.69  
206.063	429.25  
206.529	429.25  
206.994	389.67  
207.459	401.31  
207.925	410.63  
208.39	396.66   
208.855	392     
209.32	438.56   
209.785	438.56  
210.25	373.38   
210.715	366.39  
211.18	382.69   
211.645	415.28  
212.11	405.97   
212.575	419.94  
213.04	385.02   
213.504	368.72  
213.969	426.92  
214.434	440.89  
214.899	415.28  
215.363	417.61  
215.828	389.67  
216.292	461.85  
216.757	408.3   
217.221	380.36  
217.685	410.63  
218.15	326.81   
218.614	440.89  
219.078	392     
219.542	392     
220.007	350.1   
220.471	429.25  
220.935	394.33  
221.399	401.31  
221.863	340.78  
222.327	408.3   
222.791	364.06  
223.254	380.36  
223.718	410.63  
224.182	371.05  
224.646	364.06  
225.109	364.06  
225.573	364.06  
226.037	378.03  
226.5	317.5     
226.964	336.13  
227.427	317.5   
227.89	387.35   
228.354	398.99  
228.817	350.1   
229.28	345.44   
229.744	373.38  
230.207	408.3   
230.67	354.75   
231.133	329.14  
231.596	415.28  
232.059	312.84  
232.522	433.91  
232.985	317.5   
233.448	357.08  
233.911	408.3   
234.374	436.24  
234.836	324.49  
235.299	373.38  
235.762	398.99  
236.224	387.35  
236.687	392     
237.149	317.5   
237.612	415.28  
238.074	424.6   
238.537	398.99  
238.999	443.22  
239.461	378.03  
239.924	417.61  
240.386	385.02  
240.848	419.94  
241.31	403.64   
241.772	422.27  
242.234	378.03  
242.696	380.36  
243.158	331.47  
243.62	398.99   
244.082	440.89  
244.544	417.61  
245.006	378.03  
245.468	361.74  
245.929	447.88  
246.391	385.02  
246.852	373.38  
247.314	398.99  
247.776	373.38  
248.237	387.35  
248.698	436.24  
249.16	364.06   
249.621	457.19  
250.082	401.31  
250.544	380.36  
251.005	368.72  
251.466	433.91  
251.927	419.94  
252.388	415.28  
252.849	396.66  
253.31	371.05   
253.771	338.45  
254.232	331.47  
254.693	440.89  
255.154	468.83  
255.615	424.6   
256.075	445.55  
256.536	445.55  
256.997	361.74  
257.457	417.61  
257.918	412.96  
258.378	415.28  
258.839	382.69  
259.299	364.06  
259.759	452.53  
260.22	417.61   
260.68	389.67   
261.14	433.91   
261.6	405.97    
262.06	361.74   
262.521	364.06  
262.981	429.25  
263.441	426.92  
263.901	371.05  
264.36	401.31   
264.82	452.53   
265.28	401.31   
265.74	382.69   
266.2	350.1     
266.659	415.28  
267.119	385.02  
267.579	392     
268.038	415.28  
268.498	440.89  
268.957	408.3   
269.416	403.64  
269.876	382.69  
270.335	473.49  
270.794	426.92  
271.254	392     
271.713	478.14  
272.172	475.81  
272.631	433.91  
273.09	415.28   
273.549	392     
274.008	380.36  
274.467	392     
274.926	440.89  
275.385	436.24  
275.843	457.19  
276.302	457.19  
276.761	378.03  
277.22	450.21   
277.678	387.35  
278.137	401.31  
278.595	410.63  
279.054	398.99  
279.512	380.36  
279.97	431.58   
280.429	373.38  
280.887	461.85  
281.345	419.94  
281.803	378.03  
282.262	417.61  
282.72	452.53   
283.178	380.36  
283.636	410.63  
284.094	422.27  
284.552	461.85  
285.01	459.52   
285.467	438.56  
285.925	485.13  
286.383	422.27  
286.841	412.96  
287.298	394.33  
287.756	452.53  
288.213	424.6   
288.671	366.39  
289.128	422.27  
289.586	380.36  
290.043	478.14  
290.5	417.61    
290.958	385.02  
291.415	450.21  
291.872	443.22  
292.329	422.27  
292.786	396.66  
293.243	440.89  
293.7	436.24    
294.157	464.17  
294.614	394.33  
295.071	403.64  
295.528	403.64  
295.985	433.91  
296.441	382.69  
296.898	403.64  
297.355	394.33  
297.811	436.24  
298.268	417.61  
298.724	392     
299.181	389.67  
299.637	366.39  
300.094	429.25  
300.55	387.35   
301.006	415.28  
301.462	429.25  
301.919	375.7   
302.375	410.63  
302.831	492.11  
303.287	380.36  
303.743	405.97  
304.199	431.58  
304.655	382.69  
305.11	368.72   
305.566	405.97  
306.022	408.3   
306.478	468.83  
306.933	401.31  
307.389	454.86  
307.845	417.61  
308.3	424.6     
308.756	403.64  
309.211	419.94  
309.666	415.28  
310.122	410.63  
310.577	422.27  
311.032	417.61  
311.487	447.88  
311.943	473.49  
312.398	424.6   
312.853	436.24  
313.308	471.16  
313.763	471.16  
314.218	387.35  
314.672	417.61  
315.127	392     
315.582	380.36  
316.037	417.61  
316.492	426.92  
316.946	461.85  
317.401	419.94  
317.855	396.66  
318.31	433.91   
318.764	433.91  
319.219	426.92  
319.673	466.5   
320.127	459.52  
320.582	459.52  
321.036	506.08  
321.49	429.25   
321.944	443.22  
322.398	459.52  
322.852	473.49  
323.306	459.52  
323.76	438.56   
324.214	385.02  
324.668	450.21  
325.122	396.66  
325.575	431.58  
326.029	466.5   
326.483	408.3   
326.936	385.02  
327.39	482.8    
327.843	543.33  
328.297	401.31  
328.75	405.97   
329.204	431.58  
329.657	433.91  
330.11	445.55   
330.564	443.22  
331.017	459.52  
331.47	431.58   
331.923	371.05  
332.376	410.63  
332.829	445.55  
333.282	398.99  
333.735	440.89  
334.188	424.6   
334.641	429.25  
335.093	452.53  
335.546	410.63  
335.999	450.21  
336.451	450.21  
336.904	410.63  
337.356	464.17  
337.809	471.16  
338.261	506.08  
338.714	403.64  
339.166	419.94  
339.618	405.97  
340.07	403.64   
340.523	352.42  
340.975	417.61  
341.427	387.35  
341.879	487.46  
342.331	431.58  
342.783	461.85  
343.235	419.94  
343.687	394.33  
344.138	468.83  
344.59	445.55   
345.042	426.92  
345.494	415.28  
345.945	403.64  
346.397	371.05  
346.848	410.63  
347.3	368.72    
347.751	464.17  
348.203	440.89  
348.654	424.6   
349.105	489.78  
349.556	445.55  
350.008	419.94  
350.459	492.11  
350.91	506.08   
351.361	389.67  
351.812	378.03  
352.263	471.16  
352.714	419.94  
353.165	422.27  
353.615	438.56  
354.066	398.99  
354.517	464.17  
354.968	433.91  
355.418	454.86  
355.869	452.53  
356.319	438.56  
356.77	433.91   
357.22	454.86   
357.671	494.44  
358.121	385.02  
358.571	410.63  
359.021	403.64  
359.472	508.41  
359.922	415.28  
360.372	515.39  
360.822	461.85  
361.272	417.61  
361.722	422.27  
362.172	333.8   
362.622	417.61  
363.071	361.74  
363.521	443.22  
363.971	408.3   
364.42	387.35   
364.87	396.66   
365.32	494.44   
365.769	394.33  
366.219	452.53  
366.668	478.14  
367.117	431.58  
367.567	466.5   
368.016	445.55  
368.465	510.74  
368.914	357.08  
369.363	371.05  
369.812	443.22  
370.261	382.69  
370.71	419.94   
371.159	487.46  
371.608	447.88  
372.057	440.89  
372.506	419.94  
372.955	452.53  
373.403	375.7   
373.852	447.88  
374.301	440.89  
374.749	354.75  
375.198	445.55  
375.646	454.86  
376.094	466.5   
376.543	440.89  
376.991	410.63  
377.439	471.16  
377.887	405.97  
378.336	433.91  
378.784	431.58  
379.232	457.19  
379.68	440.89   
380.128	459.52  
380.576	454.86  
381.023	436.24  
381.471	429.25  
381.919	403.64  
382.367	403.64  
382.814	443.22  
383.262	382.69  
383.71	457.19   
384.157	464.17  
384.605	394.33  
385.052	398.99  
385.499	378.03  
385.947	419.94  
386.394	405.97  
386.841	389.67  
387.288	405.97  
387.735	436.24  
388.182	396.66  
388.63	426.92   
389.076	415.28  
389.523	464.17  
389.97	447.88   
390.417	464.17  
390.864	368.72  
391.311	422.27  
391.757	452.53  
392.204	461.85  
392.651	452.53  
393.097	412.96  
393.544	422.27  
393.99	431.58   
394.436	366.39  
394.883	473.49  
395.329	450.21  
395.775	412.96  
396.221	375.7   
396.668	478.14  
397.114	452.53  
397.56	412.96   
398.006	394.33  
398.452	394.33  
398.897	385.02  
399.343	440.89  
399.789	426.92  
400.235	412.96  
400.681	459.52  
401.126	357.08  
401.572	431.58  
402.017	429.25  
402.463	501.42  
402.908	380.36  
403.354	426.92  
403.799	417.61  
404.244	457.19  
404.689	471.16  
405.135	447.88  
405.58	438.56   
406.025	396.66  
406.47	382.69   
406.915	464.17  
407.36	457.19   
407.805	457.19  
408.25	436.24   
408.694	419.94  
409.139	438.56  
409.584	480.47  
410.029	475.81  
410.473	419.94  
410.918	433.91  
411.362	410.63  
411.807	394.33  
412.251	396.66  
412.695	461.85  
413.14	408.3    
413.584	503.75  
414.028	473.49  
414.472	431.58  
414.916	408.3   
415.36	401.31   
415.804	475.81  
416.248	494.44  
416.692	398.99  
417.136	424.6   
417.58	382.69   
418.024	466.5   
418.467	438.56  
418.911	438.56  
419.355	412.96  
419.798	513.07  
420.242	513.07  
420.685	466.5   
421.128	392     
421.572	403.64  
422.015	429.25  
422.458	378.03  
422.902	378.03  
423.345	350.1   
423.788	468.83  
424.231	480.47  
424.674	464.17  
425.117	426.92  
425.56	385.02   
426.003	380.36  
426.445	408.3   
426.888	396.66  
427.331	364.06  
427.773	426.92  
428.216	424.6   
428.659	438.56  
429.101	403.64  
429.543	429.25  
429.986	438.56  
430.428	366.39  
430.87	438.56   
431.313	422.27  
431.755	494.44  
432.197	405.97  
432.639	473.49  
433.081	452.53  
433.523	454.86  
433.965	410.63  
434.407	459.52  
434.849	461.85  
435.291	408.3   
435.732	392     
436.174	364.06  
436.616	436.24  
437.057	371.05  
437.499	429.25  
437.94	373.38   
438.382	392     
438.823	405.97  
439.264	433.91  
439.706	503.75  
440.147	419.94  
440.588	419.94  
441.029	468.83  
441.47	394.33   
441.911	405.97  
442.352	396.66  
442.793	359.41  
443.234	412.96  
443.675	389.67  
444.116	426.92  
444.556	422.27  
444.997	380.36  
445.438	450.21  
445.878	489.78  
446.319	447.88  
446.759	436.24  
447.199	429.25  
447.64	464.17   
448.08	361.74   
448.52	378.03   
448.961	415.28  
449.401	485.13  
449.841	424.6   
450.281	405.97  
450.721	385.02  
451.161	422.27  
451.601	443.22  
452.041	352.42  
452.48	510.74   
452.92	398.99   
453.36	468.83   
453.799	468.83  
454.239	438.56  
454.679	382.69  
455.118	443.22  
455.557	445.55  
455.997	510.74  
456.436	387.35  
456.875	405.97  
457.315	464.17  
457.754	475.81  
458.193	443.22  
458.632	385.02  
459.071	464.17  
459.51	438.56   
459.949	382.69  
460.388	459.52  
460.827	380.36  
461.265	382.69  
461.704	471.16  
462.143	461.85  
462.581	450.21  
463.02	489.78   
463.458	405.97  
463.897	371.05  
464.335	412.96  
464.774	492.11  
465.212	417.61  
465.65	417.61   
466.088	457.19  
466.527	487.46  
466.965	429.25  
467.403	350.1   
467.841	475.81  
468.279	443.22  
468.716	464.17  
469.154	359.41  
469.592	375.7   
470.03	396.66   
470.467	473.49  
470.905	466.5   
471.343	426.92  
471.78	422.27   
472.218	440.89  
472.655	447.88  
473.092	429.25  
473.53	480.47   
473.967	464.17  
474.404	450.21  
474.841	419.94  
475.278	433.91  
475.716	473.49  
476.153	405.97  
476.589	380.36  
477.026	471.16  
477.463	357.08  
477.9	396.66    
478.337	394.33  
478.773	527.03  
479.21	380.36   
479.647	366.39  
480.083	366.39  
480.52	487.46   
480.956	403.64  
481.392	405.97  
481.829	459.52  
482.265	417.61  
482.701	440.89  
483.137	380.36  
483.574	473.49  
484.01	375.7    
484.446	387.35  
484.882	450.21  
485.317	368.72  
485.753	480.47  
486.189	431.58  
486.625	506.08  
487.061	482.8   
487.496	468.83  
487.932	436.24  
488.367	473.49  
488.803	422.27  
489.238	419.94  
489.674	389.67  
490.109	433.91  
490.544	438.56  
490.979	436.24  
491.415	447.88  
491.85	433.91   
492.285	426.92  
492.72	461.85   
493.155	419.94  
493.59	392      
494.024	422.27  
494.459	405.97  
494.894	426.92  
495.329	401.31  
495.763	382.69  
496.198	473.49  
496.632	478.14  
497.067	438.56  
497.501	424.6   
497.936	382.69  
498.37	438.56   
498.804	436.24  
499.238	457.19  
499.673	380.36  
500.107	429.25  
500.541	447.88  
500.975	387.35  
501.409	378.03  
501.843	438.56  
502.277	387.35  
502.71	443.22   
503.144	408.3   
503.578	454.86  
504.011	443.22  
504.445	371.05  
504.878	431.58  
505.312	387.35  
505.745	401.31  
506.179	487.46  
506.612	438.56  
507.045	459.52  
507.479	431.58  
507.912	419.94  
508.345	422.27  
508.778	447.88  
509.211	445.55  
509.644	445.55  
510.077	447.88  
510.509	431.58  
510.942	443.22  
511.375	457.19  
511.808	326.81  
512.24	382.69   
512.673	454.86  
513.105	431.58  
513.538	466.5   
513.97	392      
514.403	396.66  
514.835	410.63  
515.267	380.36  
515.699	438.56  
516.131	443.22  
516.564	431.58  
516.996	438.56  
517.428	466.5   
517.859	419.94  
518.291	394.33  
518.723	398.99  
519.155	443.22  
519.587	382.69  
520.018	443.22  
520.45	478.14   
520.881	438.56  
521.313	375.7   
521.744	387.35  
522.176	380.36  
522.607	450.21  
523.038	447.88  
523.47	417.61   
523.901	454.86  
524.332	513.07  
524.763	398.99  
525.194	433.91  
525.625	433.91  
526.056	443.22  
526.487	466.5   
526.917	415.28  
527.348	403.64  
527.779	440.89  
528.21	473.49   
528.64	499.1    
529.071	450.21  
529.501	403.64  
529.932	408.3   
530.362	438.56  
530.792	454.86  
531.222	445.55  
531.653	371.05  
532.083	401.31  
532.513	461.85  
532.943	485.13  
533.373	331.47  
533.803	410.63  
534.233	485.13  
534.663	440.89  
535.092	480.47  
535.522	403.64  
535.952	433.91  
536.381	419.94  
536.811	445.55  
537.24	506.08   
537.67	440.89   
538.099	436.24  
538.529	429.25  
538.958	443.22  
539.387	478.14  
539.816	440.89  
540.245	489.78  
540.674	457.19  
541.103	426.92  
541.532	445.55  
541.961	375.7   
542.39	445.55   
542.819	433.91  
543.248	433.91  
543.676	457.19  
544.105	417.61  
544.534	405.97  
544.962	468.83  
545.391	398.99  
545.819	517.72  
546.247	443.22  
546.676	417.61  
547.104	412.96  
547.532	419.94  
547.96	394.33   
548.388	426.92  
548.816	443.22  
549.244	506.08  
549.672	401.31  
550.1	515.39    
550.528	471.16  
550.956	450.21  
551.383	478.14  
551.811	494.44  
552.238	440.89  
552.666	426.92  
553.094	389.67  
553.521	385.02  
553.948	410.63  
554.376	487.46  
554.803	485.13  
555.23	466.5    
555.657	445.55  
556.084	475.81  
556.511	436.24  
556.938	545.66  
557.365	489.78  
557.792	480.47  
558.219	433.91  
558.646	475.81  
559.072	445.55  
559.499	492.11  
559.926	436.24  
560.352	422.27  
560.779	522.38  
561.205	415.28  
561.632	447.88  
562.058	508.41  
562.484	473.49  
562.91	392      
563.337	473.49  
563.763	517.72  
564.189	487.46  
564.615	447.88  
565.041	554.97  
565.466	447.88  
565.892	538.67  
566.318	440.89  
566.744	489.78  
567.169	515.39  
567.595	494.44  
568.021	443.22  
568.446	524.71  
568.872	571.27  
569.297	529.36  
569.722	508.41  
570.148	566.61  
570.573	561.96  
570.998	580.58  
571.423	554.97  
571.848	506.08  
572.273	578.25  
572.698	571.27  
573.123	608.52  
573.548	506.08  
573.973	585.24  
574.397	541     
574.822	617.83  
575.247	659.74  
575.671	603.86  
576.096	601.53  
576.52	629.47   
576.944	664.39  
577.369	662.07  
577.793	652.75  
578.217	683.02  
578.641	664.39  
579.065	734.24  
579.49	741.22   
579.914	703.97  
580.337	687.68  
580.761	729.58  
581.185	727.25  
581.609	766.83  
582.033	780.8   
582.456	764.51  
582.88	776.15   
583.303	871.6   
583.727	971.71  
584.15	960.07   
584.574	913.51  
584.997	929.8   
585.42	967.05   
585.844	934.46  
586.267	983.35  
586.69	1001.98  
587.113	1067.16 
587.536	1062.51 
587.959	1139.34 
588.382	1218.49 
588.804	1209.18 
589.227	1292.99 
589.65	1304.64  
590.073	1302.31 
590.495	1318.6  
590.918	1272.04 
591.34	1383.79  
591.763	1379.14 
592.185	1435.01 
592.607	1502.53 
593.03	1502.53  
593.452	1660.84 
593.874	1774.92 
594.296	1719.05 
594.718	1795.87 
595.14	2014.72  
595.562	1930.91 
595.984	1949.53 
596.406	2019.38 
596.827	1951.86 
597.249	2131.13 
597.671	2247.53 
598.092	2270.82 
598.514	2464.05 
598.935	2643.32 
599.357	2738.77 
599.778	2852.85 
600.199	2799.31 
600.621	2852.85 
601.042	2920.37 
601.463	3004.18 
601.884	3025.14 
602.305	3169.48 
602.726	3374.36 
603.147	3732.89 
603.568	3788.77 
603.988	4075.13 
604.409	4254.4  
604.83	4179.9   
605.25	4233.44  
605.671	4224.13 
606.092	4282.33 
606.512	4140.32 
606.932	4335.88 
607.353	4631.56 
607.773	4659.49 
608.193	4959.83 
608.613	5185.66 
609.034	5474.35 
609.454	5600.07 
609.874	5860.82 
610.293	5986.54 
610.713	6203.06 
611.133	6095.96 
611.553	6079.66 
611.973	6210.04 
612.392	6361.37 
612.812	6393.96 
613.231	6908.48 
613.651	7097.06 
614.07	7693.07  
614.49	8289.08  
614.909	8682.53 
615.328	9127.21 
615.747	9397.27 
616.167	9648.71 
616.586	9644.06 
617.005	9581.2  
617.424	9713.9  
617.843	10100.37
618.261	10314.56
618.68	10689.39 
619.099	11553.14
619.518	12200.36
619.936	12957.01
620.355	14041.93
620.773	14696.13
621.192	15559.88
621.61	15902.11 
622.029	16374.73
622.447	16009.21
622.865	16297.9 
623.283	16200.12
623.701	16565.64
624.119	16803.11
624.537	17713.41
624.955	18355.98
625.373	19894.89
625.791	21331.35
626.209	22507.07
626.627	23291.65
627.044	24371.91
627.462	24700.18
627.879	24490.65
628.297	24316.04
628.714	24069.25
629.132	23910.94
629.549	24076.24
629.966	23738.66
630.383	24674.57
630.8	25789.75  
631.217	26963.14
631.634	28746.5 
632.051	30057.25
632.468	31381.96
632.885	31866.22
633.302	32411   
633.719	31919.76
634.135	31652.03
634.552	31468.1 
634.969	29992.06
635.385	29072.44
635.801	28611.47
636.218	28641.73
636.634	28297.17
637.05	28821    
637.467	29670.77
637.883	29929.2 
638.299	30706.8 
638.715	31274.87
639.131	31146.82
639.547	30657.91
639.963	29344.83
640.378	27708.15
640.794	26357.82
641.21	24537.21 
641.626	22951.74
642.041	21038.01
642.457	19880.92
642.872	18851.88
643.287	18151.1 
643.703	17138.36
644.118	17163.97
644.533	16381.71
644.948	15350.34
645.364	14537.82
645.779	14111.77
646.194	12987.28
646.609	11962.89
647.023	10815.11
647.438	9671.99 
647.853	8999.16 
648.268	8198.28 
648.682	7648.83 
649.097	7239.08 
649.511	6657.04 
649.926	6326.45 
650.34	5967.91  
650.755	5790.97 
651.169	5395.19 
651.583	5066.92 
651.997	4747.96 
652.411	4442.98 
652.825	4214.82 
653.239	4082.11 
653.653	3679.34 
654.067	3325.47 
654.481	3157.84 
654.895	3020.48 
655.309	2755.07 
655.722	2547.87 
656.136	2356.96 
656.549	2356.96 
656.963	2252.19 
657.376	2207.96 
657.79	1972.81  
658.203	1937.89 
658.616	1914.61 
659.029	1788.89 
659.442	1644.54 
659.855	1565.39 
660.268	1397.76 
660.681	1469.93 
661.094	1341.89 
661.507	1260.4  
661.92	1216.17  
662.333	1141.66 
662.745	1071.82 
663.158	1039.23 
663.57	999.65   
663.983	1092.77 
664.395	929.8   
664.808	946.1   
665.22	878.58   
665.632	845.99  
666.044	822.71  
666.456	857.63  
666.868	845.99  
667.28	818.05   
667.692	722.6   
668.104	687.68  
668.516	703.97  
668.928	703.97  
669.34	690      
669.751	692.33  
670.163	615.5   
670.574	645.77  
670.986	627.14  
671.397	620.16  
671.809	589.89  
672.22	587.57   
672.631	622.49  
673.042	571.27  
673.453	683.02  
673.864	547.99  
674.275	587.57  
674.686	578.25  
675.097	538.67  
675.508	534.02  
675.919	513.07  
676.33	536.35   
676.74	471.16   
677.151	503.75  
677.561	496.77  
677.972	494.44  
678.382	529.36  
678.792	454.86  
679.203	461.85  
679.613	450.21  
680.023	447.88  
680.433	545.66  
680.843	541     
681.253	478.14  
681.663	468.83  
682.073	503.75  
682.483	440.89  
682.893	401.31  
683.302	450.21  
683.712	431.58  
684.122	392     
684.531	468.83  
684.94	513.07   
685.35	468.83   
685.759	464.17  
686.168	429.25  
686.578	417.61  
686.987	415.28  
687.396	436.24  
687.805	452.53  
688.214	480.47  
688.623	396.66  
689.032	408.3   
689.44	373.38   
689.849	468.83  
690.258	459.52  
690.666	445.55  
691.075	354.75  
691.484	410.63  
691.892	431.58  
692.3	515.39    
692.709	457.19  
693.117	466.5   
693.525	475.81  
693.933	394.33  
694.341	431.58  
694.749	396.66  
695.157	429.25  
695.565	471.16  
695.973	366.39  
696.381	436.24  
696.788	431.58  
697.196	429.25  
697.604	422.27  
698.011	440.89  
698.419	396.66  
698.826	445.55  
699.234	415.28  
699.641	380.36  
700.048	440.89  
700.455	487.46  
700.862	461.85  
701.269	412.96  
701.676	419.94  
702.083	459.52  
702.49	450.21   
702.897	412.96  
703.304	459.52  
703.71	471.16   
704.117	478.14  
704.524	417.61  
704.93	408.3    
705.337	426.92  
705.743	436.24  
706.149	450.21  
706.556	452.53  
706.962	419.94  
707.368	350.1   
707.774	424.6   
708.18	398.99   
708.586	375.7   
708.992	452.53  
709.398	408.3   
709.804	338.45  
710.209	410.63  
710.615	459.52  
711.021	445.55  
711.426	438.56  
711.832	394.33  
712.237	410.63  
712.642	492.11  
713.048	503.75  
713.453	415.28  
713.858	431.58  
714.263	443.22  
714.668	382.69  
715.073	405.97  
715.478	450.21  
715.883	426.92  
716.288	408.3   
716.693	429.25  
717.097	445.55  
717.502	398.99  
717.906	429.25  
718.311	382.69  
718.715	457.19  
719.12	433.91   
719.524	378.03  
719.928	452.53  
720.333	447.88  
720.737	457.19  
721.141	464.17  
721.545	436.24  
721.949	338.45  
722.353	368.72  
722.757	350.1   
723.16	396.66   
723.564	387.35  
723.968	436.24  
724.371	389.67  
724.775	426.92  
725.178	459.52  
725.582	422.27  
725.985	419.94  
726.388	447.88  
726.792	326.81  
727.195	380.36  
727.598	398.99  
728.001	433.91  
728.404	387.35  
728.807	405.97  
729.21	443.22   
729.612	471.16  
730.015	403.64  
730.418	398.99  
730.82	403.64   
731.223	403.64  
731.625	385.02  
732.028	464.17  
732.43	401.31   
732.833	440.89  
733.235	450.21  
733.637	403.64  
734.039	433.91  
734.441	350.1   
734.843	389.67  
735.245	412.96  
735.647	412.96  
736.049	445.55  
736.451	436.24  
736.852	359.41  
737.254	412.96  
737.655	394.33  
738.057	373.38  
738.458	466.5   
738.86	464.17   
739.261	422.27  
739.662	398.99  
740.064	326.81  
740.465	443.22  
740.866	405.97  
741.267	385.02  
741.668	401.31  
742.069	359.41  
742.469	431.58  
742.87	464.17   
743.271	417.61  
743.672	424.6   
744.072	371.05  
744.473	380.36  
744.873	326.81  
745.274	433.91  
745.674	417.61  
746.074	415.28  
746.474	443.22  
746.875	443.22  
747.275	366.39  
747.675	424.6   
748.075	431.58  
748.474	371.05  
748.874	445.55  
749.274	426.92  
749.674	440.89  
750.073	375.7   
750.473	480.47  
750.873	447.88  
751.272	392     
751.671	464.17  
752.071	431.58  
752.47	436.24   
752.869	457.19  
753.268	410.63  
753.668	387.35  
754.067	366.39  
754.466	457.19  
754.864	433.91  
755.263	354.75  
755.662	412.96  
756.061	417.61  
756.459	429.25  
756.858	454.86  
757.257	387.35  
757.655	403.64  
758.053	415.28  
758.452	387.35  
758.85	378.03   
759.248	440.89  
759.646	394.33  
760.045	440.89  
760.443	375.7   
760.841	450.21  
761.238	464.17  
761.636	436.24  
762.034	450.21  
762.432	347.77  
762.829	385.02  
763.227	438.56  
763.625	354.75  
764.022	487.46  
764.419	375.7   
764.817	515.39  
765.214	438.56  
765.611	415.28  
766.008	440.89  
766.406	431.58  
766.803	357.08  
767.199	466.5   
767.596	408.3   
767.993	473.49  
768.39	361.74   
768.787	436.24  
769.183	475.81  
769.58	373.38   
769.977	461.85  
770.373	368.72  
770.769	410.63  
771.166	387.35  
771.562	415.28  
771.958	450.21  
772.354	375.7   
772.75	410.63   
773.146	375.7   
773.542	403.64  
773.938	431.58  
774.334	408.3   
774.73	429.25   
775.126	496.77  
775.521	473.49  
775.917	403.64  
776.312	433.91  
776.708	396.66  
777.103	426.92  
777.499	336.13  
777.894	398.99  
778.289	436.24  
778.684	385.02  
779.079	387.35  
779.474	419.94  
779.869	392     
780.264	382.69  
780.659	403.64  
781.054	417.61  
781.448	471.16  
781.843	392     
782.238	522.38  
782.632	422.27  
783.027	378.03  
783.421	422.27  
783.815	438.56  
784.21	410.63   
784.604	403.64  
784.998	426.92  
785.392	412.96  
785.786	461.85  
786.18	424.6    
786.574	385.02  
786.968	447.88  
787.361	450.21  
787.755	440.89  
788.149	389.67  
788.542	431.58  
788.936	350.1   
789.329	412.96  
789.722	473.49  
790.116	424.6   
790.509	347.77  
790.902	436.24  
791.295	389.67  
791.688	396.66  
792.081	422.27  
792.474	459.52  
792.867	471.16  
793.26	475.81   
793.653	445.55  
794.045	394.33  
794.438	389.67  
794.83	440.89   
795.223	401.31  
795.615	471.16  
796.008	380.36  
796.4	438.56    
796.792	445.55  
797.184	354.75  
797.576	529.36  
797.968	461.85  
798.36	489.78   
798.752	429.25  
799.144	429.25  
799.536	438.56  
799.928	431.58  
800.319	426.92  
800.711	452.53  
801.102	461.85  
801.494	410.63  
801.885	394.33  
802.276	396.66  
802.668	361.74  
803.059	380.36  
803.45	452.53   
803.841	487.46  
804.232	468.83  
804.623	433.91  
805.014	401.31  
805.405	450.21  
805.795	426.92  
806.186	473.49  
806.577	431.58  
806.967	415.28  
807.358	436.24  
807.748	378.03  
808.139	471.16  
808.529	422.27  
808.919	445.55  
809.309	461.85  
809.699	417.61  
810.089	557.3   
810.479	408.3   
810.869	419.94  
811.259	454.86  
811.649	480.47  
812.039	503.75  
812.428	508.41  
812.818	461.85  
813.207	475.81  
813.597	487.46  
813.986	438.56  
814.376	385.02  
814.765	408.3   
815.154	587.57  
815.543	468.83  
815.932	475.81  
816.321	464.17  
816.71	382.69   
817.099	396.66  
817.488	478.14  
817.877	392     
818.265	461.85  
818.654	429.25  
819.043	459.52  
819.431	380.36  
819.819	466.5   
820.208	357.08  
820.596	475.81  
820.984	478.14  
821.372	447.88  
821.761	401.31  
822.149	417.61  
822.537	517.72  
822.924	394.33  
823.312	424.6   
823.7	419.94    
824.088	429.25  
824.475	426.92  
824.863	482.8   
825.251	478.14  
825.638	433.91  
826.025	471.16  
826.413	475.81  
826.8	475.81    
827.187	412.96  
827.574	468.83  
827.961	459.52  
828.348	457.19  
828.735	401.31  
829.122	426.92  
829.509	403.64  
829.896	403.64  
830.282	457.19  
830.669	452.53  
831.055	461.85  
831.442	459.52  
831.828	450.21  
832.215	471.16  
832.601	450.21  
832.987	450.21  
833.373	464.17  
833.759	347.77  
834.145	431.58  
834.531	450.21  
834.917	468.83  
835.303	433.91  
835.689	380.36  
836.074	422.27  
836.46	431.58   
836.846	431.58  
837.231	468.83  
837.617	405.97  
838.002	459.52  
838.387	450.21  
838.772	473.49  
839.158	436.24  
839.543	398.99  
839.928	440.89  
840.313	436.24  
840.698	466.5   
841.082	457.19  
841.467	550.32  
841.852	478.14  
842.237	513.07  
842.621	429.25  
843.006	452.53  
843.39	447.88   
843.774	408.3   
844.159	461.85  
844.543	438.56  
844.927	426.92  
845.311	433.91  
845.695	410.63  
846.079	436.24  
846.463	410.63  
846.847	494.44  
847.231	459.52  
847.615	452.53  
847.998	471.16  
848.382	461.85  
848.765	438.56  
849.149	464.17  
849.532	375.7   
849.916	454.86  
850.299	496.77  
850.682	401.31  
851.065	438.56  
851.448	296.55  
851.831	392     
852.214	454.86  
852.597	447.88  
852.98	419.94   
853.363	392     
853.745	429.25  
854.128	541     
854.51	429.25   
854.893	424.6   
855.275	466.5   
855.658	433.91  
856.04	452.53   
856.422	415.28  
856.804	343.11  
857.186	443.22  
857.568	468.83  
857.95	482.8    
858.332	417.61  
858.714	461.85  
859.096	506.08  
859.477	454.86  
859.859	461.85  
860.24	410.63   
860.622	426.92  
861.003	510.74  
861.385	466.5   
861.766	464.17  
862.147	429.25  
862.528	429.25  
862.909	457.19  
863.29	443.22   
863.671	429.25  
864.052	499.1   
864.433	382.69  
864.814	480.47  
865.194	468.83  
865.575	466.5   
865.955	408.3   
866.336	429.25  
866.716	552.64  
867.097	501.42  
867.477	489.78  
867.857	392     
868.237	419.94  
868.617	487.46  
868.997	392     
869.377	375.7   
869.757	503.75  
870.137	447.88  
870.517	426.92  
870.896	485.13  
871.276	473.49  
871.655	517.72  
872.035	429.25  
872.414	452.53  
872.794	405.97  
873.173	527.03  
873.552	417.61  
873.931	336.13  
874.31	468.83   
874.689	496.77  
875.068	450.21  
875.447	485.13  
875.826	499.1   
876.205	450.21  
876.583	454.86  
876.962	343.11  
877.341	485.13  
877.719	375.7   
878.097	487.46  
878.476	494.44  
878.854	424.6   
879.232	466.5   
879.61	501.42   
879.988	487.46  
880.366	447.88  
880.744	431.58  
881.122	429.25  
881.5	443.22    
881.878	506.08  
882.255	405.97  
882.633	464.17  
883.011	433.91  
883.388	431.58  
883.765	403.64  
884.143	389.67  
884.52	466.5    
884.897	426.92  
885.274	366.39  
885.651	403.64  
886.028	443.22  
886.405	424.6   
886.782	466.5   
887.159	482.8   
887.536	496.77  
887.912	492.11  
888.289	464.17  
888.665	410.63  
889.042	424.6   
889.418	468.83  
889.794	508.41  
890.171	438.56  
890.547	396.66  
890.923	468.83  
891.299	464.17  
891.675	398.99  
892.051	424.6   
892.427	412.96  
892.803	431.58  
893.178	387.35  
893.554	471.16  
893.929	375.7   
894.305	403.64  
894.68	482.8    
895.056	431.58  
895.431	375.7   
895.806	492.11  
896.181	380.36  
896.557	373.38  
896.932	450.21  
897.307	440.89  
897.681	471.16  
898.056	461.85  
898.431	433.91  
898.806	408.3   
899.18	473.49   
899.555	417.61  
899.929	450.21  
900.304	464.17  
900.678	471.16  
901.052	424.6   
901.427	447.88  
901.801	445.55  
902.175	429.25  
902.549	482.8   
902.923	450.21  
903.297	475.81  
903.67	382.69   
904.044	419.94  
904.418	471.16  
904.791	394.33  
905.165	424.6   
905.538	378.03  
905.912	387.35  
906.285	417.61  
906.658	482.8   
907.032	394.33  
907.405	412.96  
907.778	450.21  
908.151	452.53  
908.524	485.13  
908.896	468.83  
909.269	398.99  
909.642	464.17  
910.015	403.64  
910.387	387.35  
910.76	371.05   
911.132	424.6   
911.504	503.75  
911.877	408.3   
912.249	450.21  
912.621	415.28  
912.993	394.33  
913.365	433.91  
913.737	457.19  
914.109	436.24  
914.481	450.21  
914.853	422.27  
915.224	371.05  
915.596	433.91  
915.968	350.1   
916.339	417.61  
916.71	385.02   
917.082	475.81  
917.453	366.39  
917.824	408.3   
918.195	382.69  
918.566	431.58  
918.937	494.44  
919.308	380.36  
919.679	433.91  
920.05	392      
920.421	417.61  
920.791	405.97  
921.162	340.78  
921.532	371.05  
921.903	396.66  
922.273	378.03  
922.644	454.86  
923.014	403.64  
923.384	392     
923.754	426.92  
924.124	408.3   
924.494	382.69  
924.864	417.61  
925.234	452.53  
925.604	322.16  
925.973	378.03  
926.343	354.75  
926.712	401.31  
927.082	426.92  
927.451	482.8   
927.821	408.3   
928.19	410.63   
928.559	392     
928.928	354.75  
929.297	452.53  
929.666	401.31  
930.035	392     
930.404	345.44  
930.773	447.88  
931.142	426.92  
931.51	359.41   
931.879	410.63  
932.247	433.91  
932.616	401.31  
932.984	438.56  
933.353	357.08  
933.721	359.41  
934.089	375.7   
934.457	415.28  
934.825	378.03  
935.193	394.33  
935.561	417.61  
935.929	426.92  
936.296	361.74  
936.664	408.3   
937.032	361.74  
937.399	433.91  
937.767	438.56  
938.134	419.94  
938.501	415.28  
938.869	485.13  
939.236	389.67  
939.603	359.41  
939.97	326.81   
940.337	459.52  
940.704	443.22  
941.071	447.88  
941.438	408.3   
941.804	396.66  
942.171	478.14  
942.538	501.42  
942.904	457.19  
943.27	419.94   
943.637	431.58  
944.003	478.14  
944.369	368.72  
944.735	410.63  
945.102	447.88  
945.468	412.96  
945.833	473.49  
946.199	436.24  
946.565	438.56  
946.931	392     
947.296	380.36  
947.662	429.25  
948.028	382.69  
948.393	387.35  
948.758	429.25  
949.124	429.25  
949.489	396.66  
949.854	392     
950.219	310.52  
950.584	373.38  
950.949	405.97  
951.314	366.39  
951.679	452.53  
952.044	347.77  
952.408	405.97  
952.773	347.77  
953.137	329.14  
953.502	398.99  
953.866	408.3   
954.231	473.49  
954.595	431.58  
954.959	371.05  
955.323	429.25  
955.687	373.38  
956.051	438.56  
956.415	403.64  
956.779	447.88  
957.143	401.31  
957.506	401.31  
957.87	382.69   
958.234	403.64  
958.597	489.78  
958.961	396.66  
959.324	336.13  
959.687	396.66  
960.05	445.55   
960.413	371.05  
960.776	426.92  
961.139	364.06  
961.502	403.64  
961.865	433.91  
962.228	350.1   
962.591	405.97  
962.953	429.25  
963.316	408.3   
963.678	375.7   
964.041	445.55  
964.403	403.64  
964.765	419.94  
965.128	354.75  
965.49	422.27   
965.852	354.75  
966.214	366.39  
966.576	433.91  
966.938	340.78  
967.299	431.58  
967.661	419.94  
968.023	412.96  
968.384	408.3   
968.746	375.7   
969.107	398.99  
969.469	387.35  
969.83	366.39   
970.191	322.16  
970.552	408.3   
970.913	396.66  
971.274	394.33  
971.635	352.42  
971.996	380.36  
972.357	424.6   
972.718	403.64  
973.078	398.99  
973.439	392     
973.8	447.88    
974.16	412.96   
974.52	408.3    
974.881	480.47  
975.241	364.06  
975.601	433.91  
975.961	426.92  
976.321	415.28  
976.681	394.33  
977.041	424.6   
977.401	366.39  
977.76	392      
978.12	403.64   
978.48	394.33   
978.839	398.99  
979.199	417.61  
979.558	373.38  
979.917	468.83  
980.277	417.61  
980.636	443.22  
980.995	438.56  
981.354	405.97  
981.713	394.33  
982.072	424.6   
982.43	501.42   
982.789	405.97  
983.148	385.02  
983.506	403.64  
983.865	468.83  
984.223	405.97  
984.582	436.24  
984.94	422.27   
985.298	380.36  
985.656	375.7   
986.015	361.74  
986.373	429.25  
986.731	389.67  
987.088	415.28  
987.446	366.39  
987.804	378.03  
988.162	345.44  
988.519	415.28  
988.877	375.7   
989.234	394.33  
989.591	380.36  
989.949	424.6   
990.306	338.45  
990.663	380.36  
991.02	389.67   
991.377	331.47  
991.734	389.67  
992.091	417.61  
992.448	424.6   
992.805	401.31  
993.161	366.39  
993.518	378.03  
993.874	443.22  
994.231	436.24  
994.587	387.35  
994.943	412.96  
995.3	431.58    
995.656	403.64  
996.012	489.78  
996.368	343.11  
996.724	464.17  
997.08	366.39   
997.435	440.89  
997.791	464.17  
998.147	345.44  
998.502	382.69  
998.858	440.89  
999.213	417.61  
999.569	438.56  
999.924	354.75  
1000.279	392    
1000.634	464.17 
1000.989	415.28 
1001.344	410.63 
1001.699	415.28 
1002.054	433.91 
1002.409	410.63 
1002.764	436.24 
1003.118	461.85 
1003.473	473.49 
1003.827	408.3  
1004.182	443.22 
1004.536	405.97 
1004.89	454.86  
1005.245	405.97 
1005.599	382.69 
1005.953	347.77 
1006.307	375.7  
1006.661	396.66 
1007.015	454.86 
1007.368	419.94 
1007.722	468.83 
1008.076	445.55 
1008.429	380.36 
1008.783	387.35 
1009.136	373.38 
1009.489	385.02 
1009.843	401.31 
1010.196	447.88 
1010.549	375.7  
1010.902	298.88 
1011.255	380.36 
1011.608	373.38 
1011.961	429.25 
1012.313	366.39 
1012.666	457.19 
1013.019	438.56 
1013.371	405.97 
1013.724	471.16 
1014.076	426.92 
1014.428	378.03 
1014.781	424.6  
1015.133	394.33 
1015.485	343.11 
1015.837	401.31 
1016.189	398.99 
1016.541	436.24 
1016.893	408.3  
1017.244	405.97 
1017.596	405.97 
1017.947	410.63 
1018.299	354.75 
1018.65	429.25  
1019.002	371.05 
1019.353	450.21 
1019.704	429.25 
1020.055	350.1  
1020.407	447.88 
1020.758	410.63 
1021.108	380.36 
1021.459	396.66 
1021.81	436.24  
1022.161	447.88 
1022.511	345.44 
1022.862	368.72 
1023.213	422.27 
1023.563	405.97 
1023.913	378.03 
1024.264	345.44 
1024.614	361.74 
1024.964	310.52 
1025.314	347.77 
1025.664	417.61 
1026.014	405.97 
1026.364	387.35 
1026.713	408.3  
1027.063	366.39 
1027.413	419.94 
1027.762	440.89 
1028.112	431.58 
1028.461	392    
1028.81	412.96  
1029.16	424.6   
1029.509	464.17 
1029.858	492.11 
1030.207	396.66 
1030.556	459.52 
1030.905	450.21 
1031.254	433.91 
1031.602	373.38 
1031.951	468.83 
1032.3	403.64   
1032.648	436.24 
1032.996	436.24 
1033.345	436.24 