187.879	-2.18   
188.346	-2.18   
188.813	-2.18   
189.28	-134.89  
189.747	-27.79  
190.214	-92.98  
190.681	-111.61 
191.148	-39.43  
191.614	-86     
192.081	-23.14  
192.548	-55.73  
193.014	-55.73  
193.481	-37.1   
193.948	-4.51   
194.414	21.1    
194.881	46.71   
195.347	9.46    
195.813	32.74   
196.28	76.97    
196.746	146.82  
197.212	172.43  
197.678	153.8   
198.145	165.44  
198.611	184.07  
199.077	265.55  
199.543	328.41  
200.009	258.57  
200.475	377.31  
200.941	265.55  
201.407	333.07  
201.873	388.95  
202.338	349.37  
202.804	379.63  
203.27	426.2    
203.735	367.99  
204.201	349.37  
204.667	421.54  
205.132	428.52  
205.598	405.24  
206.063	351.7   
206.529	328.41  
206.994	407.57  
207.459	409.9   
207.925	472.76  
208.39	381.96   
208.855	412.23  
209.32	419.21   
209.785	405.24  
210.25	391.27   
210.715	428.52  
211.18	416.88   
211.645	335.4   
212.11	347.04   
212.575	372.65  
213.04	381.96   
213.504	419.21  
213.969	409.9   
214.434	319.1   
214.899	395.93  
215.363	367.99  
215.828	344.71  
216.292	395.93  
216.757	365.66  
217.221	365.66  
217.685	454.13  
218.15	358.68   
218.614	361.01  
219.078	402.91  
219.542	342.38  
220.007	349.37  
220.471	412.23  
220.935	316.77  
221.399	291.16  
221.863	372.65  
222.327	309.79  
222.791	305.13  
223.254	260.9   
223.718	337.73  
224.182	381.96  
224.646	347.04  
225.109	367.99  
225.573	377.31  
226.037	393.6   
226.5	391.27    
226.964	323.76  
227.427	412.23  
227.89	393.6    
228.354	314.45  
228.817	395.93  
229.28	330.74   
229.744	347.04  
230.207	328.41  
230.67	298.15   
231.133	314.45  
231.596	361.01  
232.059	356.35  
232.522	347.04  
232.985	349.37  
233.448	437.84  
233.911	344.71  
234.374	361.01  
234.836	412.23  
235.299	351.7   
235.762	340.05  
236.224	419.21  
236.687	367.99  
237.149	402.91  
237.612	363.34  
238.074	374.98  
238.537	344.71  
238.999	398.26  
239.461	342.38  
239.924	367.99  
240.386	407.57  
240.848	330.74  
241.31	312.12   
241.772	442.49  
242.234	356.35  
242.696	377.31  
243.158	468.1   
243.62	384.29   
244.082	347.04  
244.544	384.29  
245.006	412.23  
245.468	388.95  
245.929	402.91  
246.391	356.35  
246.852	337.73  
247.314	333.07  
247.776	344.71  
248.237	333.07  
248.698	430.85  
249.16	416.88   
249.621	349.37  
250.082	405.24  
250.544	391.27  
251.005	412.23  
251.466	381.96  
251.927	412.23  
252.388	388.95  
252.849	391.27  
253.31	342.38   
253.771	354.02  
254.232	388.95  
254.693	465.77  
255.154	363.34  
255.615	451.81  
256.075	381.96  
256.536	400.59  
256.997	340.05  
257.457	386.62  
257.918	347.04  
258.378	423.87  
258.839	395.93  
259.299	351.7   
259.759	430.85  
260.22	388.95   
260.68	305.13   
261.14	361.01   
261.6	395.93    
262.06	365.66   
262.521	358.68  
262.981	381.96  
263.441	442.49  
263.901	472.76  
264.36	398.26   
264.82	388.95   
265.28	381.96   
265.74	412.23   
266.2	437.84    
266.659	363.34  
267.119	400.59  
267.579	367.99  
268.038	440.17  
268.498	391.27  
268.957	409.9   
269.416	414.56  
269.876	416.88  
270.335	374.98  
270.794	391.27  
271.254	386.62  
271.713	421.54  
272.172	358.68  
272.631	402.91  
273.09	405.24   
273.549	379.63  
274.008	356.35  
274.467	379.63  
274.926	365.66  
275.385	370.32  
275.843	386.62  
276.302	388.95  
276.761	419.21  
277.22	449.48   
277.678	405.24  
278.137	374.98  
278.595	363.34  
279.054	367.99  
279.512	370.32  
279.97	388.95   
280.429	412.23  
280.887	470.43  
281.345	421.54  
281.803	465.77  
282.262	461.12  
282.72	454.13   
283.178	435.51  
283.636	374.98  
284.094	475.09  
284.552	393.6   
285.01	358.68   
285.467	386.62  
285.925	430.85  
286.383	358.68  
286.841	454.13  
287.298	361.01  
287.756	365.66  
288.213	449.48  
288.671	421.54  
289.128	400.59  
289.586	367.99  
290.043	388.95  
290.5	398.26    
290.958	412.23  
291.415	386.62  
291.872	402.91  
292.329	400.59  
292.786	451.81  
293.243	426.2   
293.7	426.2     
294.157	426.2   
294.614	386.62  
295.071	416.88  
295.528	414.56  
295.985	391.27  
296.441	381.96  
296.898	430.85  
297.355	414.56  
297.811	370.32  
298.268	433.18  
298.724	498.37  
299.181	347.04  
299.637	379.63  
300.094	377.31  
300.55	361.01   
301.006	435.51  
301.462	468.1   
301.919	395.93  
302.375	412.23  
302.831	307.46  
303.287	451.81  
303.743	398.26  
304.199	421.54  
304.655	468.1   
305.11	344.71   
305.566	347.04  
306.022	340.05  
306.478	426.2   
306.933	416.88  
307.389	358.68  
307.845	370.32  
308.3	370.32    
308.756	391.27  
309.211	423.87  
309.666	384.29  
310.122	428.52  
310.577	451.81  
311.032	447.15  
311.487	426.2   
311.943	430.85  
312.398	423.87  
312.853	402.91  
313.308	400.59  
313.763	461.12  
314.218	449.48  
314.672	435.51  
315.127	416.88  
315.582	344.71  
316.037	388.95  
316.492	435.51  
316.946	405.24  
317.401	428.52  
317.855	354.02  
318.31	465.77   
318.764	405.24  
319.219	356.35  
319.673	330.74  
320.127	409.9   
320.582	391.27  
321.036	393.6   
321.49	463.45   
321.944	407.57  
322.398	405.24  
322.852	386.62  
323.306	374.98  
323.76	437.84   
324.214	419.21  
324.668	407.57  
325.122	384.29  
325.575	486.73  
326.029	428.52  
326.483	465.77  
326.936	358.68  
327.39	361.01   
327.843	370.32  
328.297	349.37  
328.75	470.43   
329.204	421.54  
329.657	377.31  
330.11	414.56   
330.564	458.79  
331.017	426.2   
331.47	416.88   
331.923	426.2   
332.376	388.95  
332.829	430.85  
333.282	405.24  
333.735	423.87  
334.188	433.18  
334.641	433.18  
335.093	412.23  
335.546	393.6   
335.999	398.26  
336.451	421.54  
336.904	388.95  
337.356	435.51  
337.809	333.07  
338.261	465.77  
338.714	421.54  
339.166	433.18  
339.618	419.21  
340.07	354.02   
340.523	400.59  
340.975	384.29  
341.427	393.6   
341.879	395.93  
342.331	419.21  
342.783	386.62  
343.235	430.85  
343.687	421.54  
344.138	416.88  
344.59	465.77   
345.042	528.63  
345.494	444.82  
345.945	440.17  
346.397	363.34  
346.848	442.49  
347.3	447.15    
347.751	358.68  
348.203	388.95  
348.654	386.62  
349.105	421.54  
349.556	428.52  
350.008	384.29  
350.459	433.18  
350.91	440.17   
351.361	421.54  
351.812	395.93  
352.263	365.66  
352.714	500.7   
353.165	388.95  
353.615	449.48  
354.066	458.79  
354.517	374.98  
354.968	377.31  
355.418	456.46  
355.869	337.73  
356.319	407.57  
356.77	477.42   
357.22	477.42   
357.671	470.43  
358.121	449.48  
358.571	433.18  
359.021	407.57  
359.472	416.88  
359.922	426.2   
360.372	435.51  
360.822	486.73  
361.272	363.34  
361.722	465.77  
362.172	354.02  
362.622	386.62  
363.071	421.54  
363.521	363.34  
363.971	405.24  
364.42	414.56   
364.87	426.2    
365.32	421.54   
365.769	428.52  
366.219	402.91  
366.668	449.48  
367.117	409.9   
367.567	393.6   
368.016	372.65  
368.465	407.57  
368.914	421.54  
369.363	451.81  
369.812	440.17  
370.261	344.71  
370.71	395.93   
371.159	416.88  
371.608	388.95  
372.057	458.79  
372.506	414.56  
372.955	374.98  
373.403	447.15  
373.852	409.9   
374.301	379.63  
374.749	333.07  
375.198	426.2   
375.646	470.43  
376.094	330.74  
376.543	530.96  
376.991	372.65  
377.439	316.77  
377.887	440.17  
378.336	416.88  
378.784	437.84  
379.232	386.62  
379.68	451.81   
380.128	356.35  
380.576	419.21  
381.023	451.81  
381.471	435.51  
381.919	361.01  
382.367	402.91  
382.814	405.24  
383.262	458.79  
383.71	414.56   
384.157	405.24  
384.605	388.95  
385.052	351.7   
385.499	384.29  
385.947	374.98  
386.394	444.82  
386.841	395.93  
387.288	395.93  
387.735	458.79  
388.182	426.2   
388.63	372.65   
389.076	454.13  
389.523	393.6   
389.97	393.6    
390.417	405.24  
390.864	400.59  
391.311	433.18  
391.757	370.32  
392.204	398.26  
392.651	430.85  
393.097	367.99  
393.544	435.51  
393.99	400.59   
394.436	405.24  
394.883	430.85  
395.329	379.63  
395.775	349.37  
396.221	428.52  
396.668	398.26  
397.114	426.2   
397.56	367.99   
398.006	449.48  
398.452	414.56  
398.897	377.31  
399.343	414.56  
399.789	365.66  
400.235	430.85  
400.681	421.54  
401.126	444.82  
401.572	374.98  
402.017	398.26  
402.463	398.26  
402.908	449.48  
403.354	456.46  
403.799	374.98  
404.244	456.46  
404.689	489.06  
405.135	416.88  
405.58	400.59   
406.025	440.17  
406.47	344.71   
406.915	430.85  
407.36	405.24   
407.805	461.12  
408.25	468.1    
408.694	372.65  
409.139	416.88  
409.584	407.57  
410.029	361.01  
410.473	370.32  
410.918	423.87  
411.362	391.27  
411.807	395.93  
412.251	409.9   
412.695	307.46  
413.14	379.63   
413.584	414.56  
414.028	374.98  
414.472	414.56  
414.916	479.74  
415.36	475.09   
415.804	454.13  
416.248	388.95  
416.692	384.29  
417.136	416.88  
417.58	423.87   
418.024	409.9   
418.467	451.81  
418.911	468.1   
419.355	433.18  
419.798	426.2   
420.242	419.21  
420.685	412.23  
421.128	463.45  
421.572	449.48  
422.015	367.99  
422.458	363.34  
422.902	402.91  
423.345	405.24  
423.788	430.85  
424.231	421.54  
424.674	437.84  
425.117	486.73  
425.56	393.6    
426.003	430.85  
426.445	430.85  
426.888	363.34  
427.331	449.48  
427.773	393.6   
428.216	356.35  
428.659	388.95  
429.101	414.56  
429.543	421.54  
429.986	393.6   
430.428	388.95  
430.87	447.15   
431.313	384.29  
431.755	388.95  
432.197	398.26  
432.639	447.15  
433.081	475.09  
433.523	384.29  
433.965	372.65  
434.407	405.24  
434.849	381.96  
435.291	465.77  
435.732	402.91  
436.174	447.15  
436.616	421.54  
437.057	437.84  
437.499	326.09  
437.94	374.98   
438.382	386.62  
438.823	323.76  
439.264	456.46  
439.706	405.24  
440.147	440.17  
440.588	486.73  
441.029	437.84  
441.47	335.4    
441.911	407.57  
442.352	412.23  
442.793	416.88  
443.234	442.49  
443.675	381.96  
444.116	423.87  
444.556	393.6   
444.997	437.84  
445.438	416.88  
445.878	400.59  
446.319	496.04  
446.759	402.91  
447.199	400.59  
447.64	354.02   
448.08	423.87   
448.52	379.63   
448.961	430.85  
449.401	391.27  
449.841	451.81  
450.281	430.85  
450.721	405.24  
451.161	347.04  
451.601	377.31  
452.041	356.35  
452.48	444.82   
452.92	421.54   
453.36	402.91   
453.799	347.04  
454.239	435.51  
454.679	475.09  
455.118	319.1   
455.557	412.23  
455.997	412.23  
456.436	423.87  
456.875	391.27  
457.315	430.85  
457.754	426.2   
458.193	379.63  
458.632	505.35  
459.071	386.62  
459.51	402.91   
459.949	419.21  
460.388	395.93  
460.827	454.13  
461.265	472.76  
461.704	500.7   
462.143	451.81  
462.581	454.13  
463.02	484.4    
463.458	405.24  
463.897	498.37  
464.335	393.6   
464.774	428.52  
465.212	442.49  
465.65	384.29   
466.088	416.88  
466.527	402.91  
466.965	419.21  
467.403	412.23  
467.841	407.57  
468.279	456.46  
468.716	374.98  
469.154	433.18  
469.592	365.66  
470.03	419.21   
470.467	461.12  
470.905	444.82  
471.343	440.17  
471.78	421.54   
472.218	437.84  
472.655	426.2   
473.092	419.21  
473.53	421.54   
473.967	393.6   
474.404	423.87  
474.841	419.21  
475.278	344.71  
475.716	370.32  
476.153	482.07  
476.589	440.17  
477.026	330.74  
477.463	349.37  
477.9	372.65    
478.337	344.71  
478.773	384.29  
479.21	356.35   
479.647	412.23  
480.083	391.27  
480.52	461.12   
480.956	430.85  
481.392	407.57  
481.829	370.32  
482.265	395.93  
482.701	449.48  
483.137	468.1   
483.574	386.62  
484.01	367.99   
484.446	412.23  
484.882	412.23  
485.317	384.29  
485.753	426.2   
486.189	440.17  
486.625	384.29  
487.061	393.6   
487.496	365.66  
487.932	349.37  
488.367	426.2   
488.803	430.85  
489.238	402.91  
489.674	356.35  
490.109	463.45  
490.544	437.84  
490.979	407.57  
491.415	393.6   
491.85	407.57   
492.285	395.93  
492.72	395.93   
493.155	354.02  
493.59	416.88   
494.024	400.59  
494.459	361.01  
494.894	416.88  
495.329	330.74  
495.763	335.4   
496.198	437.84  
496.632	349.37  
497.067	428.52  
497.501	370.32  
497.936	433.18  
498.37	372.65   
498.804	407.57  
499.238	433.18  
499.673	358.68  
500.107	402.91  
500.541	442.49  
500.975	414.56  
501.409	416.88  
501.843	412.23  
502.277	351.7   
502.71	379.63   
503.144	421.54  
503.578	451.81  
504.011	407.57  
504.445	419.21  
504.878	377.31  
505.312	426.2   
505.745	351.7   
506.179	372.65  
506.612	437.84  
507.045	472.76  
507.479	400.59  
507.912	409.9   
508.345	456.46  
508.778	372.65  
509.211	358.68  
509.644	377.31  
510.077	428.52  
510.509	465.77  
510.942	395.93  
511.375	388.95  
511.808	421.54  
512.24	409.9    
512.673	428.52  
513.105	421.54  
513.538	363.34  
513.97	412.23   
514.403	409.9   
514.835	447.15  
515.267	435.51  
515.699	377.31  
516.131	435.51  
516.564	409.9   
516.996	400.59  
517.428	391.27  
517.859	398.26  
518.291	381.96  
518.723	395.93  
519.155	461.12  
519.587	428.52  
520.018	423.87  
520.45	381.96   
520.881	416.88  
521.313	421.54  
521.744	367.99  
522.176	388.95  
522.607	419.21  
523.038	419.21  
523.47	412.23   
523.901	384.29  
524.332	409.9   
524.763	423.87  
525.194	442.49  
525.625	342.38  
526.056	435.51  
526.487	321.43  
526.917	398.26  
527.348	407.57  
527.779	447.15  
528.21	395.93   
528.64	412.23   
529.071	400.59  
529.501	419.21  
529.932	377.31  
530.362	500.7   
530.792	407.57  
531.222	423.87  
531.653	465.77  
532.083	384.29  
532.513	414.56  
532.943	489.06  
533.373	402.91  
533.803	456.46  
534.233	407.57  
534.663	370.32  
535.092	370.32  
535.522	328.41  
535.952	437.84  
536.381	456.46  
536.811	381.96  
537.24	451.81   
537.67	449.48   
538.099	423.87  
538.529	381.96  
538.958	423.87  
539.387	444.82  
539.816	407.57  
540.245	407.57  
540.674	475.09  
541.103	351.7   
541.532	367.99  
541.961	381.96  
542.39	395.93   
542.819	400.59  
543.248	414.56  
543.676	458.79  
544.105	442.49  
544.534	454.13  
544.962	377.31  
545.391	454.13  
545.819	482.07  
546.247	412.23  
546.676	377.31  
547.104	337.73  
547.532	442.49  
547.96	451.81   
548.388	361.01  
548.816	402.91  
549.244	361.01  
549.672	421.54  
550.1	407.57    
550.528	419.21  
550.956	421.54  
551.383	437.84  
551.811	402.91  
552.238	461.12  
552.666	451.81  
553.094	407.57  
553.521	423.87  
553.948	384.29  
554.376	491.38  
554.803	449.48  
555.23	437.84   
555.657	426.2   
556.084	421.54  
556.511	433.18  
556.938	472.76  
557.365	447.15  
557.792	367.99  
558.219	379.63  
558.646	514.67  
559.072	479.74  
559.499	470.43  
559.926	482.07  
560.352	456.46  
560.779	454.13  
561.205	449.48  
561.632	426.2   
562.058	461.12  
562.484	442.49  
562.91	493.71   
563.337	416.88  
563.763	419.21  
564.189	472.76  
564.615	402.91  
565.041	456.46  
565.466	568.21  
565.892	526.31  
566.318	484.4   
566.744	468.1   
567.169	493.71  
567.595	512.34  
568.021	486.73  
568.446	540.28  
568.872	449.48  
569.297	470.43  
569.722	516.99  
570.148	486.73  
570.573	554.24  
570.998	565.89  
571.423	561.23  
571.848	603.14  
572.273	612.45  
572.698	654.35  
573.123	572.87  
573.548	593.82  
573.973	582.18  
574.397	558.9   
574.822	621.76  
575.247	621.76  
575.671	605.46  
576.096	570.54  
576.52	619.43   
576.944	642.71  
577.369	679.96  
577.793	745.15  
578.217	589.17  
578.641	752.14  
579.065	703.25  
579.49	642.71   
579.914	754.47  
580.337	747.48  
580.761	773.09  
581.185	728.86  
581.609	856.9   
582.033	773.09  
582.456	868.54  
582.88	903.47   
583.303	919.76  
583.727	870.87  
584.15	940.72   
584.574	980.3   
584.997	987.28  
585.42	1029.19  
585.844	970.98  
586.267	1043.16 
586.69	970.98   
587.113	1085.06 
587.536	1147.92 
587.959	1199.14 
588.382	1224.75 
588.804	1250.36 
589.227	1255.02 
589.65	1264.33  
590.073	1294.6  
590.495	1408.67 
590.918	1390.05 
591.34	1350.47  
591.763	1424.97 
592.185	1480.85 
592.607	1525.08 
593.03	1525.08  
593.452	1620.54 
593.874	1820.76 
594.296	1774.19 
594.718	1951.13 
595.14	1862.66  
595.562	2048.91 
595.984	2037.27 
596.406	2083.84 
596.827	2079.18 
597.249	2211.88 
597.671	2216.54 
598.092	2346.92 
598.514	2505.23 
598.935	2507.56 
599.357	2749.69 
599.778	2882.39 
600.199	2901.02 
600.621	3026.74 
601.042	3187.38 
601.463	3168.75 
601.884	3219.97 
602.305	3285.16 
602.726	3576.18 
603.147	3736.82 
603.568	3913.76 
603.988	3953.34 
604.409	4204.78 
604.83	4446.91  
605.25	4500.45  
605.671	4449.23 
606.092	4463.2  
606.512	4528.39 
606.932	4588.92 
607.353	4677.39 
607.773	4782.16 
608.193	5021.96 
608.613	5226.83 
609.034	5704.1  
609.454	5818.18 
609.874	6046.34 
610.293	6311.75 
610.713	6311.75 
611.133	6339.69 
611.553	6244.23 
611.973	6260.53 
612.392	6449.11 
612.812	6458.42 
613.231	6924.05 
613.651	7177.82 
614.07	7568.95  
614.49	8118.39  
614.909	8700.43 
615.328	9422.15 
615.747	9554.86 
616.167	9722.49 
616.586	9778.36 
617.005	9869.16 
617.424	10053.08
617.843	10290.55
618.261	10337.12
618.68	10658.4  
619.099	11138   
619.518	12174.02
619.936	12730.45
620.355	13908.49
620.773	14464.92
621.192	15351.94
621.61	15675.56 
622.029	16101.61
622.447	16211.03
622.865	16150.5 
623.283	15973.56
623.701	16429.88
624.119	16851.27
624.537	17209.81
624.955	18241.17
625.373	19391.28
625.791	20727.64
626.209	21677.52
626.627	23081.39
627.044	23961.43
627.462	24517.86
627.879	24548.12
628.297	24259.43
628.714	24233.82
629.132	24040.59
629.549	23845.02
629.966	24073.18
630.383	24524.84
630.8	25439.8   
631.217	26394.34
631.634	28079.92
632.051	29399.98
632.468	31292.76
632.885	31984.22
633.302	32759.5 
633.719	33239.1 
634.135	32831.67
634.552	31921.36
634.969	31101.86
635.385	30098.43
635.801	29677.03
636.218	29043.77
636.634	29074.04
637.05	29264.95 
637.467	30349.87
637.883	31183.34
638.299	32040.1 
638.715	32338.1 
639.131	32540.65
639.547	32584.89
639.963	32028.46
640.378	30631.57
640.794	29518.72
641.21	27283.7  
641.626	25656.32
642.041	23921.85
642.457	22571.53
642.872	21363.22
643.287	20897.59
643.703	20040.83
644.118	19896.49
644.533	18788.29
644.948	18457.69
645.364	17982.75
645.779	16855.93
646.194	15601.06
646.609	14618.58
647.023	13666.37
647.438	12227.57
647.853	11217.16
648.268	10046.1 
648.682	9317.39 
649.097	8677.15 
649.511	8223.16 
649.926	7680.7  
650.34	7296.56  
650.755	7005.54 
651.169	6546.89 
651.583	6211.64 
651.997	6062.64 
652.411	5603.99 
652.825	5184.93 
653.239	4810.1  
653.653	4512.09 
654.067	4200.12 
654.481	3795.02 
654.895	3580.84 
655.309	3373.63 
655.722	3015.1  
656.136	2994.14 
656.549	2889.38 
656.963	2703.12 
657.376	2470.31 
657.79	2547.14  
658.203	2386.5  
658.616	2204.9  
659.029	2116.43 
659.442	2013.99 
659.855	1911.55 
660.268	1785.83 
660.681	1681.07 
661.094	1669.43 
661.507	1506.46 
661.92	1357.46  
662.333	1299.25 
662.745	1231.74 
663.158	1161.89 
663.57	1238.72  
663.983	1173.53 
664.395	1082.73 
664.808	1082.73 
665.22	1015.22  
665.632	1005.9  
666.044	982.62  
666.456	938.39  
666.868	863.89  
667.28	894.15   
667.692	842.93  
668.104	882.51  
668.516	838.28  
668.928	759.12  
669.34	787.06   
669.751	724.2   
670.163	698.59  
670.574	763.78  
670.986	607.79  
671.397	724.2   
671.809	647.37  
672.22	670.65   
672.631	619.43  
673.042	617.1   
673.453	638.06  
673.864	607.79  
674.275	558.9   
674.686	551.92  
675.097	584.51  
675.508	547.26  
675.919	510.01  
676.33	516.99   
676.74	505.35   
677.151	484.4   
677.561	512.34  
677.972	512.34  
678.382	505.35  
678.792	444.82  
679.203	516.99  
679.613	489.06  
680.023	498.37  
680.433	482.07  
680.843	498.37  
681.253	468.1   
681.663	430.85  
682.073	482.07  
682.483	470.43  
682.893	388.95  
683.302	449.48  
683.712	510.01  
684.122	461.12  
684.531	510.01  
684.94	470.43   
685.35	468.1    
685.759	507.68  
686.168	444.82  
686.578	433.18  
686.987	505.35  
687.396	440.17  
687.805	407.57  
688.214	433.18  
688.623	407.57  
689.032	430.85  
689.44	468.1    
689.849	521.65  
690.258	472.76  
690.666	442.49  
691.075	393.6   
691.484	426.2   
691.892	461.12  
692.3	395.93    
692.709	374.98  
693.117	449.48  
693.525	405.24  
693.933	421.54  
694.341	435.51  
694.749	477.42  
695.157	393.6   
695.565	426.2   
695.973	370.32  
696.381	414.56  
696.788	468.1   
697.196	463.45  
697.604	395.93  
698.011	386.62  
698.419	379.63  
698.826	351.7   
699.234	442.49  
699.641	416.88  
700.048	393.6   
700.455	372.65  
700.862	400.59  
701.269	361.01  
701.676	442.49  
702.083	444.82  
702.49	391.27   
702.897	400.59  
703.304	451.81  
703.71	407.57   
704.117	381.96  
704.524	381.96  
704.93	451.81   
705.337	435.51  
705.743	349.37  
706.149	381.96  
706.556	447.15  
706.962	361.01  
707.368	363.34  
707.774	421.54  
708.18	400.59   
708.586	409.9   
708.992	461.12  
709.398	461.12  
709.804	454.13  
710.209	377.31  
710.615	470.43  
711.021	463.45  
711.426	407.57  
711.832	433.18  
712.237	440.17  
712.642	388.95  
713.048	354.02  
713.453	414.56  
713.858	384.29  
714.263	370.32  
714.668	470.43  
715.073	386.62  
715.478	277.19  
715.883	449.48  
716.288	400.59  
716.693	430.85  
717.097	444.82  
717.502	437.84  
717.906	388.95  
718.311	423.87  
718.715	333.07  
719.12	354.02   
719.524	363.34  
719.928	447.15  
720.333	430.85  
720.737	428.52  
721.141	349.37  
721.545	419.21  
721.949	377.31  
722.353	407.57  
722.757	377.31  
723.16	426.2    
723.564	437.84  
723.968	407.57  
724.371	354.02  
724.775	435.51  
725.178	414.56  
725.582	386.62  
725.985	377.31  
726.388	409.9   
726.792	358.68  
727.195	402.91  
727.598	379.63  
728.001	454.13  
728.404	330.74  
728.807	370.32  
729.21	384.29   
729.612	437.84  
730.015	349.37  
730.418	328.41  
730.82	479.74   
731.223	393.6   
731.625	395.93  
732.028	458.79  
732.43	388.95   
732.833	421.54  
733.235	416.88  
733.637	398.26  
734.039	402.91  
734.441	395.93  
734.843	421.54  
735.245	386.62  
735.647	372.65  
736.049	342.38  
736.451	444.82  
736.852	384.29  
737.254	416.88  
737.655	475.09  
738.057	461.12  
738.458	433.18  
738.86	374.98   
739.261	456.46  
739.662	386.62  
740.064	416.88  
740.465	388.95  
740.866	361.01  
741.267	395.93  
741.668	388.95  
742.069	405.24  
742.469	456.46  
742.87	428.52   
743.271	402.91  
743.672	433.18  
744.072	388.95  
744.473	377.31  
744.873	386.62  
745.274	319.1   
745.674	384.29  
746.074	437.84  
746.474	407.57  
746.875	314.45  
747.275	440.17  
747.675	421.54  
748.075	423.87  
748.474	409.9   
748.874	386.62  
749.274	361.01  
749.674	440.17  
750.073	374.98  
750.473	363.34  
750.873	421.54  
751.272	423.87  
751.671	435.51  
752.071	444.82  
752.47	414.56   
752.869	398.26  
753.268	416.88  
753.668	354.02  
754.067	405.24  
754.466	472.76  
754.864	405.24  
755.263	358.68  
755.662	433.18  
756.061	402.91  
756.459	349.37  
756.858	347.04  
757.257	421.54  
757.655	426.2   
758.053	412.23  
758.452	393.6   
758.85	370.32   
759.248	370.32  
759.646	475.09  
760.045	482.07  
760.443	286.51  
760.841	330.74  
761.238	447.15  
761.636	372.65  
762.034	344.71  
762.432	433.18  
762.829	421.54  
763.227	381.96  
763.625	423.87  
764.022	419.21  
764.419	393.6   
764.817	472.76  
765.214	381.96  
765.611	361.01  
766.008	307.46  
766.406	458.79  
766.803	372.65  
767.199	419.21  
767.596	354.02  
767.993	405.24  
768.39	393.6    
768.787	447.15  
769.183	335.4   
769.58	423.87   
769.977	444.82  
770.373	444.82  
770.769	498.37  
771.166	423.87  
771.562	421.54  
771.958	372.65  
772.354	372.65  
772.75	365.66   
773.146	384.29  
773.542	449.48  
773.938	419.21  
774.334	367.99  
774.73	361.01   
775.126	421.54  
775.521	342.38  
775.917	363.34  
776.312	374.98  
776.708	414.56  
777.103	440.17  
777.499	437.84  
777.894	423.87  
778.289	379.63  
778.684	416.88  
779.079	472.76  
779.474	409.9   
779.869	412.23  
780.264	433.18  
780.659	367.99  
781.054	433.18  
781.448	381.96  
781.843	449.48  
782.238	440.17  
782.632	347.04  
783.027	426.2   
783.421	377.31  
783.815	449.48  
784.21	347.04   
784.604	426.2   
784.998	400.59  
785.392	468.1   
785.786	430.85  
786.18	365.66   
786.574	391.27  
786.968	461.12  
787.361	379.63  
787.755	402.91  
788.149	361.01  
788.542	321.43  
788.936	384.29  
789.329	405.24  
789.722	416.88  
790.116	340.05  
790.509	435.51  
790.902	416.88  
791.295	458.79  
791.688	423.87  
792.081	361.01  
792.474	409.9   
792.867	470.43  
793.26	458.79   
793.653	449.48  
794.045	437.84  
794.438	433.18  
794.83	412.23   
795.223	412.23  
795.615	444.82  
796.008	414.56  
796.4	412.23    
796.792	468.1   
797.184	412.23  
797.576	400.59  
797.968	412.23  
798.36	393.6    
798.752	351.7   
799.144	421.54  
799.536	391.27  
799.928	370.32  
800.319	440.17  
800.711	512.34  
801.102	421.54  
801.494	419.21  
801.885	451.81  
802.276	514.67  
802.668	470.43  
803.059	416.88  
803.45	409.9    
803.841	477.42  
804.232	402.91  
804.623	379.63  
805.014	428.52  
805.405	451.81  
805.795	463.45  
806.186	374.98  
806.577	475.09  
806.967	437.84  
807.358	500.7   
807.748	465.77  
808.139	412.23  
808.529	409.9   
808.919	465.77  
809.309	465.77  
809.699	349.37  
810.089	412.23  
810.479	423.87  
810.869	391.27  
811.259	377.31  
811.649	356.35  
812.039	449.48  
812.428	416.88  
812.818	498.37  
813.207	426.2   
813.597	402.91  
813.986	379.63  
814.376	465.77  
814.765	402.91  
815.154	423.87  
815.543	435.51  
815.932	442.49  
816.321	437.84  
816.71	412.23   
817.099	426.2   
817.488	447.15  
817.877	468.1   
818.265	405.24  
818.654	374.98  
819.043	423.87  
819.431	340.05  
819.819	379.63  
820.208	379.63  
820.596	393.6   
820.984	412.23  
821.372	323.76  
821.761	395.93  
822.149	405.24  
822.537	430.85  
822.924	416.88  
823.312	465.77  
823.7	412.23    
824.088	472.76  
824.475	482.07  
824.863	470.43  
825.251	377.31  
825.638	393.6   
826.025	400.59  
826.413	381.96  
826.8	486.73    
827.187	458.79  
827.574	435.51  
827.961	428.52  
828.348	423.87  
828.735	430.85  
829.122	444.82  
829.509	442.49  
829.896	484.4   
830.282	454.13  
830.669	426.2   
831.055	386.62  
831.442	430.85  
831.828	414.56  
832.215	409.9   
832.601	381.96  
832.987	416.88  
833.373	463.45  
833.759	412.23  
834.145	414.56  
834.531	414.56  
834.917	451.81  
835.303	465.77  
835.689	468.1   
836.074	491.38  
836.46	412.23   
836.846	472.76  
837.231	442.49  
837.617	426.2   
838.002	372.65  
838.387	477.42  
838.772	437.84  
839.158	421.54  
839.543	405.24  
839.928	442.49  
840.313	412.23  
840.698	423.87  
841.082	356.35  
841.467	468.1   
841.852	510.01  
842.237	458.79  
842.621	458.79  
843.006	402.91  
843.39	426.2    
843.774	423.87  
844.159	426.2   
844.543	384.29  
844.927	458.79  
845.311	405.24  
845.695	412.23  
846.079	405.24  
846.463	398.26  
846.847	416.88  
847.231	379.63  
847.615	393.6   
847.998	342.38  
848.382	340.05  
848.765	409.9   
849.149	465.77  
849.532	426.2   
849.916	447.15  
850.299	468.1   
850.682	512.34  
851.065	447.15  
851.448	414.56  
851.831	507.68  
852.214	482.07  
852.597	423.87  
852.98	470.43   
853.363	463.45  
853.745	458.79  
854.128	354.02  
854.51	398.26   
854.893	496.04  
855.275	489.06  
855.658	384.29  
856.04	414.56   
856.422	465.77  
856.804	486.73  
857.186	486.73  
857.568	500.7   
857.95	440.17   
858.332	428.52  
858.714	421.54  
859.096	407.57  
859.477	456.46  
859.859	435.51  
860.24	470.43   
860.622	482.07  
861.003	419.21  
861.385	484.4   
861.766	419.21  
862.147	500.7   
862.528	442.49  
862.909	419.21  
863.29	391.27   
863.671	423.87  
864.052	461.12  
864.433	426.2   
864.814	414.56  
865.194	419.21  
865.575	463.45  
865.955	416.88  
866.336	437.84  
866.716	458.79  
867.097	423.87  
867.477	433.18  
867.857	484.4   
868.237	470.43  
868.617	496.04  
868.997	500.7   
869.377	454.13  
869.757	461.12  
870.137	416.88  
870.517	407.57  
870.896	442.49  
871.276	447.15  
871.655	426.2   
872.035	456.46  
872.414	451.81  
872.794	463.45  
873.173	419.21  
873.552	386.62  
873.931	456.46  
874.31	402.91   
874.689	381.96  
875.068	470.43  
875.447	496.04  
875.826	423.87  
876.205	486.73  
876.583	409.9   
876.962	500.7   
877.341	444.82  
877.719	421.54  
878.097	510.01  
878.476	409.9   
878.854	391.27  
879.232	372.65  
879.61	435.51   
879.988	447.15  
880.366	377.31  
880.744	544.93  
881.122	326.09  
881.5	372.65    
881.878	437.84  
882.255	472.76  
882.633	458.79  
883.011	423.87  
883.388	395.93  
883.765	437.84  
884.143	395.93  
884.52	435.51   
884.897	365.66  
885.274	449.48  
885.651	414.56  
886.028	458.79  
886.405	419.21  
886.782	398.26  
887.159	440.17  
887.536	463.45  
887.912	463.45  
888.289	456.46  
888.665	433.18  
889.042	477.42  
889.418	465.77  
889.794	479.74  
890.171	386.62  
890.547	435.51  
890.923	402.91  
891.299	451.81  
891.675	393.6   
892.051	412.23  
892.427	419.21  
892.803	440.17  
893.178	449.48  
893.554	435.51  
893.929	440.17  
894.305	447.15  
894.68	412.23   
895.056	449.48  
895.431	428.52  
895.806	416.88  
896.181	437.84  
896.557	440.17  
896.932	430.85  
897.307	470.43  
897.681	437.84  
898.056	400.59  
898.431	398.26  
898.806	444.82  
899.18	444.82   
899.555	391.27  
899.929	395.93  
900.304	475.09  
900.678	442.49  
901.052	419.21  
901.427	344.71  
901.801	435.51  
902.175	475.09  
902.549	458.79  
902.923	461.12  
903.297	391.27  
903.67	419.21   
904.044	395.93  
904.418	486.73  
904.791	486.73  
905.165	433.18  
905.538	386.62  
905.912	402.91  
906.285	440.17  
906.658	356.35  
907.032	454.13  
907.405	416.88  
907.778	361.01  
908.151	430.85  
908.524	463.45  
908.896	423.87  
909.269	377.31  
909.642	419.21  
910.015	412.23  
910.387	456.46  
910.76	347.04   
911.132	384.29  
911.504	493.71  
911.877	319.1   
912.249	437.84  
912.621	458.79  
912.993	374.98  
913.365	419.21  
913.737	463.45  
914.109	447.15  
914.481	388.95  
914.853	416.88  
915.224	395.93  
915.596	479.74  
915.968	442.49  
916.339	386.62  
916.71	456.46   
917.082	458.79  
917.453	398.26  
917.824	370.32  
918.195	351.7   
918.566	349.37  
918.937	393.6   
919.308	391.27  
919.679	344.71  
920.05	363.34   
920.421	402.91  
920.791	430.85  
921.162	400.59  
921.532	354.02  
921.903	386.62  
922.273	356.35  
922.644	370.32  
923.014	428.52  
923.384	377.31  
923.754	384.29  
924.124	384.29  
924.494	381.96  
924.864	358.68  
925.234	407.57  
925.604	468.1   
925.973	416.88  
926.343	470.43  
926.712	430.85  
927.082	442.49  
927.451	416.88  
927.821	386.62  
928.19	374.98   
928.559	440.17  
928.928	430.85  
929.297	326.09  
929.666	393.6   
930.035	370.32  
930.404	374.98  
930.773	361.01  
931.142	479.74  
931.51	398.26   
931.879	461.12  
932.247	412.23  
932.616	423.87  
932.984	416.88  
933.353	433.18  
933.721	365.66  
934.089	365.66  
934.457	365.66  
934.825	372.65  
935.193	430.85  
935.561	319.1   
935.929	398.26  
936.296	351.7   
936.664	461.12  
937.032	398.26  
937.399	374.98  
937.767	326.09  
938.134	330.74  
938.501	393.6   
938.869	377.31  
939.236	393.6   
939.603	461.12  
939.97	365.66   
940.337	388.95  
940.704	374.98  
941.071	384.29  
941.438	351.7   
941.804	444.82  
942.171	395.93  
942.538	379.63  
942.904	384.29  
943.27	400.59   
943.637	400.59  
944.003	426.2   
944.369	395.93  
944.735	416.88  
945.102	409.9   
945.468	377.31  
945.833	451.81  
946.199	393.6   
946.565	391.27  
946.931	386.62  
947.296	379.63  
947.662	444.82  
948.028	333.07  
948.393	405.24  
948.758	444.82  
949.124	400.59  
949.489	335.4   
949.854	312.12  
950.219	398.26  
950.584	428.52  
950.949	405.24  
951.314	386.62  
951.679	426.2   
952.044	451.81  
952.408	340.05  
952.773	370.32  
953.137	351.7   
953.502	391.27  
953.866	356.35  
954.231	421.54  
954.595	451.81  
954.959	437.84  
955.323	395.93  
955.687	323.76  
956.051	281.85  
956.415	393.6   
956.779	335.4   
957.143	342.38  
957.506	367.99  
957.87	365.66   
958.234	444.82  
958.597	372.65  
958.961	372.65  
959.324	337.73  
959.687	370.32  
960.05	391.27   
960.413	400.59  
960.776	381.96  
961.139	365.66  
961.502	386.62  
961.865	358.68  
962.228	386.62  
962.591	386.62  
962.953	458.79  
963.316	407.57  
963.678	393.6   
964.041	328.41  
964.403	388.95  
964.765	351.7   
965.128	386.62  
965.49	500.7    
965.852	421.54  
966.214	372.65  
966.576	367.99  
966.938	402.91  
967.299	386.62  
967.661	416.88  
968.023	381.96  
968.384	440.17  
968.746	342.38  
969.107	412.23  
969.469	367.99  
969.83	405.24   
970.191	351.7   
970.552	298.15  
970.913	444.82  
971.274	496.04  
971.635	444.82  
971.996	400.59  
972.357	409.9   
972.718	302.8   
973.078	426.2   
973.439	391.27  
973.8	433.18    
974.16	414.56   
974.52	328.41   
974.881	372.65  
975.241	423.87  
975.601	412.23  
975.961	412.23  
976.321	351.7   
976.681	391.27  
977.041	402.91  
977.401	370.32  
977.76	374.98   
978.12	470.43   
978.48	423.87   
978.839	440.17  
979.199	395.93  
979.558	407.57  
979.917	342.38  
980.277	402.91  
980.636	384.29  
980.995	482.07  
981.354	447.15  
981.713	419.21  
982.072	384.29  
982.43	356.35   
982.789	349.37  
983.148	400.59  
983.506	428.52  
983.865	458.79  
984.223	421.54  
984.582	421.54  
984.94	428.52   
985.298	409.9   
985.656	393.6   
986.015	370.32  
986.373	393.6   
986.731	354.02  
987.088	335.4   
987.446	337.73  
987.804	405.24  
988.162	370.32  
988.519	386.62  
988.877	400.59  
989.234	384.29  
989.591	384.29  
989.949	358.68  
990.306	384.29  
990.663	405.24  
991.02	421.54   
991.377	384.29  
991.734	361.01  
992.091	374.98  
992.448	328.41  
992.805	328.41  
993.161	412.23  
993.518	419.21  
993.874	370.32  
994.231	374.98  
994.587	430.85  
994.943	388.95  
995.3	381.96    
995.656	414.56  
996.012	407.57  
996.368	379.63  
996.724	433.18  
997.08	433.18   
997.435	398.26  
997.791	414.56  
998.147	391.27  
998.502	379.63  
998.858	407.57  
999.213	409.9   
999.569	393.6   
999.924	363.34  
1000.279	354.02 
1000.634	377.31 
1000.989	400.59 
1001.344	393.6  
1001.699	395.93 
1002.054	270.21 
1002.409	384.29 
1002.764	428.52 
1003.118	421.54 
1003.473	398.26 
1003.827	363.34 
1004.182	370.32 
1004.536	372.65 
1004.89	393.6   
1005.245	381.96 
1005.599	381.96 
1005.953	377.31 
1006.307	409.9  
1006.661	412.23 
1007.015	391.27 
1007.368	349.37 
1007.722	370.32 
1008.076	344.71 
1008.429	379.63 
1008.783	400.59 
1009.136	365.66 
1009.489	400.59 
1009.843	447.15 
1010.196	391.27 
1010.549	414.56 
1010.902	412.23 
1011.255	395.93 
1011.608	372.65 
1011.961	414.56 
1012.313	398.26 
1012.666	347.04 
1013.019	444.82 
1013.371	372.65 
1013.724	398.26 
1014.076	419.21 
1014.428	402.91 
1014.781	442.49 
1015.133	451.81 
1015.485	293.49 
1015.837	354.02 
1016.189	393.6  
1016.541	370.32 
1016.893	496.04 
1017.244	361.01 
1017.596	419.21 
1017.947	393.6  
1018.299	340.05 
1018.65	402.91  
1019.002	377.31 
1019.353	358.68 
1019.704	435.51 
1020.055	412.23 
1020.407	347.04 
1020.758	440.17 
1021.108	407.57 
1021.459	442.49 
1021.81	435.51  
1022.161	384.29 
1022.511	412.23 
1022.862	358.68 
1023.213	333.07 
1023.563	367.99 
1023.913	388.95 
1024.264	374.98 
1024.614	337.73 
1024.964	414.56 
1025.314	295.82 
1025.664	391.27 
1026.014	430.85 
1026.364	384.29 
1026.713	416.88 
1027.063	363.34 
1027.413	405.24 
1027.762	398.26 
1028.112	342.38 
1028.461	377.31 
1028.81	395.93  
1029.16	361.01  
1029.509	461.12 
1029.858	358.68 
1030.207	361.01 
1030.556	458.79 
1030.905	470.43 
1031.254	454.13 
1031.602	412.23 
1031.951	442.49 
1032.3	379.63   
1032.648	328.41 
1032.996	328.41 
1033.345	328.41 