187.879	-81.78  
188.346	-81.78  
188.813	-81.78  
189.28	-181.89  
189.747	-107.39 
190.214	-137.65 
190.681	-74.79  
191.148	-30.56  
191.614	-51.51  
192.081	-46.85  
192.548	-67.81  
193.014	-21.24  
193.481	-28.23  
193.948	27.65   
194.414	-11.93  
194.881	-0.29   
195.347	69.55   
195.813	57.91   
196.28	99.82    
196.746	106.8   
197.212	109.13  
197.678	106.8   
198.145	137.07  
198.611	139.4   
199.077	265.12  
199.543	237.18  
200.009	279.09  
200.475	334.96  
200.941	351.26  
201.407	279.09  
201.873	302.37  
202.338	365.23  
202.804	346.6   
203.27	418.78   
203.735	374.54  
204.201	367.56  
204.667	411.79  
205.132	393.17  
205.598	416.45  
206.063	416.45  
206.529	320.99  
206.994	421.1   
207.459	416.45  
207.925	465.34  
208.39	381.53   
208.855	376.87  
209.32	439.73   
209.785	437.4   
210.25	402.48   
210.715	425.76  
211.18	390.84   
211.645	421.1   
212.11	388.51   
212.575	472.32  
213.04	400.15   
213.504	416.45  
213.969	430.42  
214.434	386.18  
214.899	390.84  
215.363	402.48  
215.828	400.15  
216.292	360.57  
216.757	358.24  
217.221	416.45  
217.685	486.29  
218.15	444.38   
218.614	334.96  
219.078	372.21  
219.542	465.34  
220.007	346.6   
220.471	442.06  
220.935	435.07  
221.399	337.29  
221.863	421.1   
222.327	383.85  
222.791	330.31  
223.254	418.78  
223.718	355.92  
224.182	360.57  
224.646	351.26  
225.109	311.68  
225.573	337.29  
226.037	453.7   
226.5	348.93    
226.964	339.62  
227.427	320.99  
227.89	351.26   
228.354	362.9   
228.817	376.87  
229.28	362.9    
229.744	367.56  
230.207	400.15  
230.67	323.32   
231.133	367.56  
231.596	346.6   
232.059	395.49  
232.522	276.76  
232.985	451.37  
233.448	381.53  
233.911	374.54  
234.374	353.59  
234.836	414.12  
235.299	395.49  
235.762	369.88  
236.224	374.54  
236.687	374.54  
237.149	358.24  
237.612	353.59  
238.074	353.59  
238.537	407.13  
238.999	402.48  
239.461	348.93  
239.924	332.63  
240.386	341.95  
240.848	348.93  
241.31	374.54   
241.772	353.59  
242.234	362.9   
242.696	372.21  
243.158	395.49  
243.62	388.51   
244.082	407.13  
244.544	435.07  
245.006	332.63  
245.468	414.12  
245.929	367.56  
246.391	367.56  
246.852	367.56  
247.314	381.53  
247.776	344.27  
248.237	362.9   
248.698	409.46  
249.16	390.84   
249.621	379.2   
250.082	262.79  
250.544	388.51  
251.005	411.79  
251.466	379.2   
251.927	395.49  
252.388	360.57  
252.849	353.59  
253.31	332.63   
253.771	442.06  
254.232	330.31  
254.693	362.9   
255.154	355.92  
255.615	353.59  
256.075	381.53  
256.536	344.27  
256.997	430.42  
257.457	388.51  
257.918	388.51  
258.378	416.45  
258.839	346.6   
259.299	402.48  
259.759	386.18  
260.22	344.27   
260.68	395.49   
261.14	341.95   
261.6	351.26    
262.06	362.9    
262.521	332.63  
262.981	395.49  
263.441	334.96  
263.901	390.84  
264.36	407.13   
264.82	311.68   
265.28	367.56   
265.74	416.45   
266.2	393.17    
266.659	437.4   
267.119	334.96  
267.579	404.81  
268.038	442.06  
268.498	416.45  
268.957	407.13  
269.416	360.57  
269.876	390.84  
270.335	372.21  
270.794	386.18  
271.254	428.09  
271.713	404.81  
272.172	379.2   
272.631	411.79  
273.09	400.15   
273.549	430.42  
274.008	376.87  
274.467	390.84  
274.926	341.95  
275.385	341.95  
275.843	439.73  
276.302	348.93  
276.761	369.88  
277.22	404.81   
277.678	432.74  
278.137	397.82  
278.595	469.99  
279.054	474.65  
279.512	353.59  
279.97	330.31   
280.429	367.56  
280.887	381.53  
281.345	383.85  
281.803	435.07  
282.262	353.59  
282.72	400.15   
283.178	407.13  
283.636	323.32  
284.094	432.74  
284.552	393.17  
285.01	425.76   
285.467	400.15  
285.925	362.9   
286.383	400.15  
286.841	402.48  
287.298	376.87  
287.756	346.6   
288.213	355.92  
288.671	355.92  
289.128	416.45  
289.586	404.81  
290.043	393.17  
290.5	397.82    
290.958	402.48  
291.415	414.12  
291.872	390.84  
292.329	421.1   
292.786	418.78  
293.243	355.92  
293.7	376.87    
294.157	351.26  
294.614	332.63  
295.071	421.1   
295.528	453.7   
295.985	409.46  
296.441	442.06  
296.898	483.96  
297.355	379.2   
297.811	428.09  
298.268	476.98  
298.724	451.37  
299.181	435.07  
299.637	423.43  
300.094	346.6   
300.55	355.92   
301.006	423.43  
301.462	479.31  
301.919	386.18  
302.375	383.85  
302.831	388.51  
303.287	418.78  
303.743	423.43  
304.199	414.12  
304.655	407.13  
305.11	414.12   
305.566	421.1   
306.022	404.81  
306.478	442.06  
306.933	376.87  
307.389	516.56  
307.845	397.82  
308.3	334.96    
308.756	418.78  
309.211	414.12  
309.666	395.49  
310.122	386.18  
310.577	388.51  
311.032	374.54  
311.487	348.93  
311.943	432.74  
312.398	451.37  
312.853	409.46  
313.308	397.82  
313.763	395.49  
314.218	474.65  
314.672	442.06  
315.127	430.42  
315.582	395.49  
316.037	409.46  
316.492	430.42  
316.946	432.74  
317.401	402.48  
317.855	409.46  
318.31	388.51   
318.764	388.51  
319.219	409.46  
319.673	453.7   
320.127	379.2   
320.582	446.71  
321.036	442.06  
321.49	393.17   
321.944	483.96  
322.398	442.06  
322.852	360.57  
323.306	474.65  
323.76	458.35   
324.214	421.1   
324.668	390.84  
325.122	469.99  
325.575	407.13  
326.029	407.13  
326.483	337.29  
326.936	421.1   
327.39	381.53   
327.843	390.84  
328.297	456.03  
328.75	388.51   
329.204	439.73  
329.657	458.35  
330.11	383.85   
330.564	383.85  
331.017	362.9   
331.47	453.7    
331.923	430.42  
332.376	402.48  
332.829	369.88  
333.282	393.17  
333.735	423.43  
334.188	360.57  
334.641	374.54  
335.093	432.74  
335.546	407.13  
335.999	442.06  
336.451	423.43  
336.904	314.01  
337.356	451.37  
337.809	353.59  
338.261	465.34  
338.714	507.24  
339.166	483.96  
339.618	465.34  
340.07	416.45   
340.523	355.92  
340.975	381.53  
341.427	397.82  
341.879	393.17  
342.331	409.46  
342.783	421.1   
343.235	449.04  
343.687	386.18  
344.138	430.42  
344.59	365.23   
345.042	430.42  
345.494	383.85  
345.945	423.43  
346.397	449.04  
346.848	430.42  
347.3	476.98    
347.751	425.76  
348.203	395.49  
348.654	430.42  
349.105	439.73  
349.556	393.17  
350.008	456.03  
350.459	381.53  
350.91	476.98   
351.361	430.42  
351.812	365.23  
352.263	421.1   
352.714	379.2   
353.165	430.42  
353.615	472.32  
354.066	421.1   
354.517	383.85  
354.968	367.56  
355.418	374.54  
355.869	376.87  
356.319	365.23  
356.77	374.54   
357.22	469.99   
357.671	425.76  
358.121	395.49  
358.571	458.35  
359.021	407.13  
359.472	442.06  
359.922	428.09  
360.372	418.78  
360.822	383.85  
361.272	390.84  
361.722	428.09  
362.172	430.42  
362.622	444.38  
363.071	365.23  
363.521	360.57  
363.971	397.82  
364.42	421.1    
364.87	372.21   
365.32	439.73   
365.769	423.43  
366.219	451.37  
366.668	421.1   
367.117	393.17  
367.567	407.13  
368.016	442.06  
368.465	460.68  
368.914	439.73  
369.363	383.85  
369.812	353.59  
370.261	414.12  
370.71	404.81   
371.159	439.73  
371.608	476.98  
372.057	449.04  
372.506	386.18  
372.955	400.15  
373.403	444.38  
373.852	449.04  
374.301	365.23  
374.749	367.56  
375.198	425.76  
375.646	414.12  
376.094	397.82  
376.543	393.17  
376.991	432.74  
377.439	381.53  
377.887	386.18  
378.336	432.74  
378.784	388.51  
379.232	442.06  
379.68	472.32   
380.128	386.18  
380.576	451.37  
381.023	418.78  
381.471	404.81  
381.919	376.87  
382.367	358.24  
382.814	418.78  
383.262	369.88  
383.71	442.06   
384.157	428.09  
384.605	353.59  
385.052	416.45  
385.499	395.49  
385.947	362.9   
386.394	397.82  
386.841	430.42  
387.288	432.74  
387.735	404.81  
388.182	374.54  
388.63	423.43   
389.076	421.1   
389.523	428.09  
389.97	418.78   
390.417	467.67  
390.864	330.31  
391.311	421.1   
391.757	411.79  
392.204	416.45  
392.651	388.51  
393.097	381.53  
393.544	402.48  
393.99	486.29   
394.436	442.06  
394.883	372.21  
395.329	453.7   
395.775	430.42  
396.221	402.48  
396.668	442.06  
397.114	379.2   
397.56	428.09   
398.006	393.17  
398.452	337.29  
398.897	432.74  
399.343	428.09  
399.789	416.45  
400.235	402.48  
400.681	416.45  
401.126	474.65  
401.572	383.85  
402.017	418.78  
402.463	388.51  
402.908	381.53  
403.354	416.45  
403.799	341.95  
404.244	388.51  
404.689	390.84  
405.135	369.88  
405.58	460.68   
406.025	428.09  
406.47	456.03   
406.915	388.51  
407.36	456.03   
407.805	442.06  
408.25	416.45   
408.694	379.2   
409.139	437.4   
409.584	407.13  
410.029	451.37  
410.473	386.18  
410.918	376.87  
411.362	449.04  
411.807	404.81  
412.251	367.56  
412.695	456.03  
413.14	414.12   
413.584	355.92  
414.028	376.87  
414.472	432.74  
414.916	374.54  
415.36	446.71   
415.804	486.29  
416.248	469.99  
416.692	437.4   
417.136	411.79  
417.58	425.76   
418.024	476.98  
418.467	404.81  
418.911	407.13  
419.355	421.1   
419.798	353.59  
420.242	379.2   
420.685	418.78  
421.128	423.43  
421.572	449.04  
422.015	393.17  
422.458	456.03  
422.902	449.04  
423.345	460.68  
423.788	425.76  
424.231	421.1   
424.674	458.35  
425.117	397.82  
425.56	423.43   
426.003	432.74  
426.445	346.6   
426.888	430.42  
427.331	400.15  
427.773	372.21  
428.216	358.24  
428.659	486.29  
429.101	458.35  
429.543	369.88  
429.986	430.42  
430.428	456.03  
430.87	472.32   
431.313	435.07  
431.755	418.78  
432.197	463.01  
432.639	374.54  
433.081	404.81  
433.523	358.24  
433.965	421.1   
434.407	386.18  
434.849	449.04  
435.291	386.18  
435.732	432.74  
436.174	397.82  
436.616	386.18  
437.057	369.88  
437.499	409.46  
437.94	451.37   
438.382	409.46  
438.823	474.65  
439.264	400.15  
439.706	411.79  
440.147	428.09  
440.588	439.73  
441.029	481.64  
441.47	458.35   
441.911	383.85  
442.352	481.64  
442.793	435.07  
443.234	483.96  
443.675	402.48  
444.116	383.85  
444.556	404.81  
444.997	414.12  
445.438	411.79  
445.878	463.01  
446.319	402.48  
446.759	381.53  
447.199	386.18  
447.64	383.85   
448.08	376.87   
448.52	449.04   
448.961	444.38  
449.401	418.78  
449.841	439.73  
450.281	390.84  
450.721	388.51  
451.161	381.53  
451.601	467.67  
452.041	439.73  
452.48	379.2    
452.92	381.53   
453.36	397.82   
453.799	435.07  
454.239	463.01  
454.679	442.06  
455.118	421.1   
455.557	465.34  
455.997	432.74  
456.436	418.78  
456.875	418.78  
457.315	383.85  
457.754	397.82  
458.193	414.12  
458.632	453.7   
459.071	397.82  
459.51	383.85   
459.949	432.74  
460.388	339.62  
460.827	456.03  
461.265	474.65  
461.704	388.51  
462.143	395.49  
462.581	362.9   
463.02	435.07   
463.458	411.79  
463.897	488.62  
464.335	465.34  
464.774	397.82  
465.212	376.87  
465.65	467.67   
466.088	428.09  
466.527	439.73  
466.965	497.93  
467.403	358.24  
467.841	463.01  
468.279	407.13  
468.716	393.17  
469.154	451.37  
469.592	465.34  
470.03	362.9    
470.467	400.15  
470.905	472.32  
471.343	456.03  
471.78	388.51   
472.218	337.29  
472.655	374.54  
473.092	423.43  
473.53	425.76   
473.967	460.68  
474.404	397.82  
474.841	486.29  
475.278	409.46  
475.716	404.81  
476.153	469.99  
476.589	442.06  
477.026	407.13  
477.463	416.45  
477.9	418.78    
478.337	442.06  
478.773	428.09  
479.21	386.18   
479.647	390.84  
480.083	360.57  
480.52	479.31   
480.956	374.54  
481.392	451.37  
481.829	500.26  
482.265	381.53  
482.701	372.21  
483.137	463.01  
483.574	404.81  
484.01	437.4    
484.446	360.57  
484.882	295.38  
485.317	400.15  
485.753	339.62  
486.189	416.45  
486.625	428.09  
487.061	474.65  
487.496	435.07  
487.932	372.21  
488.367	423.43  
488.803	425.76  
489.238	435.07  
489.674	469.99  
490.109	346.6   
490.544	456.03  
490.979	390.84  
491.415	372.21  
491.85	390.84   
492.285	490.95  
492.72	383.85   
493.155	379.2   
493.59	486.29   
494.024	402.48  
494.459	381.53  
494.894	402.48  
495.329	418.78  
495.763	449.04  
496.198	439.73  
496.632	407.13  
497.067	393.17  
497.501	458.35  
497.936	435.07  
498.37	402.48   
498.804	404.81  
499.238	383.85  
499.673	435.07  
500.107	302.37  
500.541	351.26  
500.975	418.78  
501.409	393.17  
501.843	395.49  
502.277	390.84  
502.71	320.99   
503.144	453.7   
503.578	449.04  
504.011	432.74  
504.445	337.29  
504.878	390.84  
505.312	418.78  
505.745	374.54  
506.179	451.37  
506.612	402.48  
507.045	449.04  
507.479	449.04  
507.912	449.04  
508.345	404.81  
508.778	407.13  
509.211	435.07  
509.644	374.54  
510.077	407.13  
510.509	423.43  
510.942	442.06  
511.375	381.53  
511.808	449.04  
512.24	432.74   
512.673	446.71  
513.105	446.71  
513.538	439.73  
513.97	397.82   
514.403	372.21  
514.835	369.88  
515.267	402.48  
515.699	397.82  
516.131	353.59  
516.564	411.79  
516.996	469.99  
517.428	337.29  
517.859	414.12  
518.291	397.82  
518.723	453.7   
519.155	423.43  
519.587	421.1   
520.018	372.21  
520.45	395.49   
520.881	442.06  
521.313	367.56  
521.744	421.1   
522.176	430.42  
522.607	465.34  
523.038	386.18  
523.47	376.87   
523.901	411.79  
524.332	397.82  
524.763	435.07  
525.194	395.49  
525.625	386.18  
526.056	393.17  
526.487	400.15  
526.917	372.21  
527.348	432.74  
527.779	400.15  
528.21	332.63   
528.64	449.04   
529.071	323.32  
529.501	395.49  
529.932	383.85  
530.362	404.81  
530.792	397.82  
531.222	414.12  
531.653	423.43  
532.083	444.38  
532.513	479.31  
532.943	414.12  
533.373	381.53  
533.803	428.09  
534.233	353.59  
534.663	432.74  
535.092	362.9   
535.522	379.2   
535.952	435.07  
536.381	388.51  
536.811	404.81  
537.24	458.35   
537.67	423.43   
538.099	404.81  
538.529	376.87  
538.958	456.03  
539.387	421.1   
539.816	418.78  
540.245	456.03  
540.674	432.74  
541.103	355.92  
541.532	383.85  
541.961	421.1   
542.39	393.17   
542.819	432.74  
543.248	397.82  
543.676	444.38  
544.105	351.26  
544.534	383.85  
544.962	469.99  
545.391	400.15  
545.819	460.68  
546.247	456.03  
546.676	351.26  
547.104	456.03  
547.532	476.98  
547.96	451.37   
548.388	407.13  
548.816	386.18  
549.244	481.64  
549.672	439.73  
550.1	414.12    
550.528	344.27  
550.956	418.78  
551.383	414.12  
551.811	402.48  
552.238	442.06  
552.666	407.13  
553.094	435.07  
553.521	437.4   
553.948	425.76  
554.376	428.09  
554.803	404.81  
555.23	451.37   
555.657	472.32  
556.084	432.74  
556.511	509.57  
556.938	446.71  
557.365	437.4   
557.792	432.74  
558.219	423.43  
558.646	511.9   
559.072	472.32  
559.499	421.1   
559.926	469.99  
560.352	456.03  
560.779	476.98  
561.205	456.03  
561.632	518.89  
562.058	521.21  
562.484	444.38  
562.91	463.01   
563.337	495.6   
563.763	442.06  
564.189	444.38  
564.615	428.09  
565.041	404.81  
565.466	486.29  
565.892	446.71  
566.318	535.18  
566.744	584.07  
567.169	511.9   
567.595	490.95  
568.021	439.73  
568.446	502.59  
568.872	488.62  
569.297	528.2   
569.722	544.5   
570.148	514.23  
570.573	574.76  
570.998	563.12  
571.423	511.9   
571.848	497.93  
572.273	607.36  
572.698	595.71  
573.123	539.84  
573.548	551.48  
573.973	577.09  
574.397	663.23  
574.822	574.76  
575.247	672.54  
575.671	616.67  
576.096	612.01  
576.52	653.92   
576.944	651.59  
577.369	593.39  
577.793	644.61  
578.217	698.15  
578.641	733.08  
579.065	742.39  
579.49	758.68   
579.914	774.98  
580.337	737.73  
580.761	735.4   
581.185	791.28  
581.609	768     
582.033	840.17  
582.456	816.89  
582.88	830.86   
583.303	942.61  
583.727	930.97  
584.15	947.26   
584.574	977.53  
584.997	1045.05 
585.42	1045.05  
585.844	998.48  
586.267	986.84  
586.69	1026.42  
587.113	1082.3  
587.536	1110.23 
587.959	1072.98 
588.382	1180.08 
588.804	1273.21 
589.227	1235.95 
589.65	1310.46  
590.073	1357.02 
590.495	1340.72 
590.918	1419.88 
591.34	1377.97  
591.763	1429.19 
592.185	1373.32 
592.607	1361.67 
593.03	1662.01  
593.452	1710.9  
593.874	1731.85 
594.296	1843.6  
594.718	1962.34 
595.14	1964.66  
595.562	2122.98 
595.984	2097.37 
596.406	2041.49 
596.827	2067.1  
597.249	2190.49 
597.671	2325.53 
598.092	2437.28 
598.514	2549.03 
598.935	2665.44 
599.357	2693.37 
599.778	3049.58 
600.199	2961.11 
600.621	3049.58 
601.042	3107.78 
601.463	3000.69 
601.884	3165.99 
602.305	3326.63 
602.726	3417.43 
603.147	3659.56 
603.568	3927.29 
603.988	4080.95 
604.409	4174.08 
604.83	4444.14  
605.25	4448.8   
605.671	4423.19 
606.092	4509.33 
606.512	4462.77 
606.932	4579.17 
607.353	4576.85 
607.773	4858.55 
608.193	5016.87 
608.613	5258.99 
609.034	5484.82 
609.454	5875.95 
609.874	6076.17 
610.293	6257.77 
610.713	6220.52 
611.133	6413.75 
611.553	6292.69 
611.973	6313.64 
612.392	6390.47 
612.812	6627.94 
613.231	6965.52 
613.651	7002.77 
614.07	7484.7   
614.49	8080.71  
614.909	8641.79 
615.328	9184.25 
615.747	9542.78 
616.167	9819.83 
616.586	9866.39 
617.005	10017.72
617.424	10134.13
617.843	10206.3 
618.261	10210.96
618.68	10760.4  
619.099	11416.94
619.518	11950.09
619.936	12862.72
620.355	13549.52
620.773	14522.69
621.192	15302.62
621.61	15726.34 
622.029	16103.5 
622.447	16308.38
622.865	16166.36
623.283	16178   
623.701	16645.96
624.119	17165.13
624.537	17262.92
624.955	18208.14
625.373	19255.81
625.791	20575.87
626.209	21905.24
626.627	23118.21
627.044	24172.86
627.462	24361.44
627.879	24515.09
628.297	24885.27
628.714	24366.09
629.132	24179.84
629.549	23963.32
629.966	24226.4 
630.383	24186.82
630.8	25511.54  
631.217	26321.73
631.634	27837.36
632.051	29404.2 
632.468	31050.2 
632.885	31899.97
633.302	32482.01
633.719	32777.69
634.135	32579.79
634.552	32265.49
634.969	31234.12
635.385	30240.01
635.801	29669.61
636.218	29269.17
636.634	28896.67
637.05	29439.12 
637.467	30477.48
637.883	30868.61
638.299	32055.96
638.715	32502.96
639.131	32912.72
639.547	32579.79
639.963	32142.1 
640.378	30836.01
640.794	29029.37
641.21	27213.42 
641.626	25911.98
642.041	24077.4 
642.457	22831.84
642.872	21593.27
643.287	21197.48
643.703	20017.11
644.118	19728.42
644.533	18899.6 
644.948	18257.03
645.364	17817.02
645.779	16976.55
646.194	15812.48
646.609	14541.31
647.023	13423.8 
647.438	12480.9 
647.853	11144.55
648.268	10269.16
648.682	9195.89 
649.097	8590.57 
649.511	8150.55 
649.926	7612.75 
650.34	7147.12  
650.755	6886.37 
651.169	6541.8  
651.583	6180.94 
651.997	5857.33 
652.411	5517.42 
652.825	5214.76 
653.239	4795.69 
653.653	4520.97 
654.067	4108.89 
654.481	3794.59 
654.895	3619.98 
655.309	3508.23 
655.722	3245.15 
656.136	3079.85 
656.549	2774.86 
656.963	2867.99 
657.376	2616.55 
657.79	2509.45  
658.203	2281.29 
658.616	2232.4  
659.029	2162.56 
659.442	1901.8  
659.855	1857.57 
660.268	1836.62 
660.681	1731.85 
661.094	1580.52 
661.507	1547.93 
661.92	1410.57  
662.333	1464.11 
662.745	1277.86 
663.158	1191.72 
663.57	1235.95  
663.983	1210.35 
664.395	1133.52 
664.808	1054.36 
665.22	1128.86  
665.632	1000.81 
666.044	965.89  
666.456	917     
666.868	835.51  
667.28	942.61   
667.692	842.5   
668.104	861.12  
668.516	781.97  
668.928	837.84  
669.34	709.79   
669.751	698.15  
670.163	716.78  
670.574	719.11  
670.986	649.26  
671.397	667.89  
671.809	625.98  
672.22	574.76   
672.631	612.01  
673.042	502.59  
673.453	581.75  
673.864	630.64  
674.275	577.09  
674.686	567.78  
675.097	509.57  
675.508	553.81  
675.919	539.84  
676.33	444.38   
676.74	551.48   
677.151	623.65  
677.561	502.59  
677.972	546.82  
678.382	414.12  
678.792	542.17  
679.203	495.6   
679.613	467.67  
680.023	423.43  
680.433	442.06  
680.843	495.6   
681.253	523.54  
681.663	430.42  
682.073	381.53  
682.483	465.34  
682.893	467.67  
683.302	449.04  
683.712	528.2   
684.122	476.98  
684.531	444.38  
684.94	467.67   
685.35	495.6    
685.759	367.56  
686.168	449.04  
686.578	507.24  
686.987	416.45  
687.396	472.32  
687.805	465.34  
688.214	397.82  
688.623	432.74  
689.032	376.87  
689.44	414.12   
689.849	383.85  
690.258	404.81  
690.666	432.74  
691.075	409.46  
691.484	400.15  
691.892	430.42  
692.3	437.4     
692.709	451.37  
693.117	458.35  
693.525	444.38  
693.933	341.95  
694.341	430.42  
694.749	474.65  
695.157	393.17  
695.565	432.74  
695.973	428.09  
696.381	463.01  
696.788	444.38  
697.196	318.67  
697.604	456.03  
698.011	407.13  
698.419	372.21  
698.826	348.93  
699.234	393.17  
699.641	355.92  
700.048	381.53  
700.455	388.51  
700.862	376.87  
701.269	458.35  
701.676	425.76  
702.083	467.67  
702.49	414.12   
702.897	418.78  
703.304	393.17  
703.71	479.31   
704.117	407.13  
704.524	414.12  
704.93	355.92   
705.337	379.2   
705.743	372.21  
706.149	372.21  
706.556	451.37  
706.962	402.48  
707.368	418.78  
707.774	481.64  
708.18	388.51   
708.586	409.46  
708.992	453.7   
709.398	397.82  
709.804	320.99  
710.209	409.46  
710.615	430.42  
711.021	442.06  
711.426	414.12  
711.832	414.12  
712.237	355.92  
712.642	383.85  
713.048	432.74  
713.453	451.37  
713.858	414.12  
714.263	374.54  
714.668	416.45  
715.073	428.09  
715.478	372.21  
715.883	446.71  
716.288	337.29  
716.693	400.15  
717.097	360.57  
717.502	439.73  
717.906	439.73  
718.311	411.79  
718.715	397.82  
719.12	367.56   
719.524	379.2   
719.928	411.79  
720.333	397.82  
720.737	367.56  
721.141	386.18  
721.545	432.74  
721.949	449.04  
722.353	414.12  
722.757	442.06  
723.16	404.81   
723.564	353.59  
723.968	332.63  
724.371	437.4   
724.775	386.18  
725.178	372.21  
725.582	346.6   
725.985	367.56  
726.388	402.48  
726.792	372.21  
727.195	351.26  
727.598	369.88  
728.001	460.68  
728.404	379.2   
728.807	351.26  
729.21	381.53   
729.612	456.03  
730.015	414.12  
730.418	418.78  
730.82	423.43   
731.223	327.98  
731.625	374.54  
732.028	442.06  
732.43	397.82   
732.833	344.27  
733.235	360.57  
733.637	369.88  
734.039	442.06  
734.441	372.21  
734.843	439.73  
735.245	334.96  
735.647	344.27  
736.049	437.4   
736.451	425.76  
736.852	444.38  
737.254	355.92  
737.655	421.1   
738.057	407.13  
738.458	376.87  
738.86	381.53   
739.261	458.35  
739.662	397.82  
740.064	432.74  
740.465	418.78  
740.866	365.23  
741.267	351.26  
741.668	437.4   
742.069	390.84  
742.469	449.04  
742.87	388.51   
743.271	451.37  
743.672	379.2   
744.072	509.57  
744.473	402.48  
744.873	372.21  
745.274	442.06  
745.674	376.87  
746.074	390.84  
746.474	407.13  
746.875	458.35  
747.275	404.81  
747.675	353.59  
748.075	341.95  
748.474	437.4   
748.874	304.7   
749.274	400.15  
749.674	388.51  
750.073	418.78  
750.473	346.6   
750.873	400.15  
751.272	341.95  
751.671	404.81  
752.071	435.07  
752.47	351.26   
752.869	411.79  
753.268	283.74  
753.668	395.49  
754.067	409.46  
754.466	348.93  
754.864	402.48  
755.263	418.78  
755.662	451.37  
756.061	435.07  
756.459	404.81  
756.858	379.2   
757.257	416.45  
757.655	414.12  
758.053	376.87  
758.452	423.43  
758.85	395.49   
759.248	344.27  
759.646	395.49  
760.045	432.74  
760.443	404.81  
760.841	414.12  
761.238	421.1   
761.636	386.18  
762.034	362.9   
762.432	390.84  
762.829	409.46  
763.227	393.17  
763.625	460.68  
764.022	365.23  
764.419	346.6   
764.817	472.32  
765.214	425.76  
765.611	344.27  
766.008	430.42  
766.406	374.54  
766.803	465.34  
767.199	372.21  
767.596	421.1   
767.993	500.26  
768.39	439.73   
768.787	402.48  
769.183	388.51  
769.58	439.73   
769.977	469.99  
770.373	337.29  
770.769	379.2   
771.166	511.9   
771.562	425.76  
771.958	456.03  
772.354	388.51  
772.75	353.59   
773.146	355.92  
773.542	390.84  
773.938	341.95  
774.334	353.59  
774.73	416.45   
775.126	341.95  
775.521	411.79  
775.917	409.46  
776.312	439.73  
776.708	376.87  
777.103	344.27  
777.499	458.35  
777.894	393.17  
778.289	449.04  
778.684	376.87  
779.079	304.7   
779.474	397.82  
779.869	453.7   
780.264	388.51  
780.659	414.12  
781.054	414.12  
781.448	367.56  
781.843	372.21  
782.238	386.18  
782.632	395.49  
783.027	362.9   
783.421	386.18  
783.815	393.17  
784.21	400.15   
784.604	376.87  
784.998	332.63  
785.392	432.74  
785.786	393.17  
786.18	411.79   
786.574	404.81  
786.968	437.4   
787.361	404.81  
787.755	407.13  
788.149	379.2   
788.542	372.21  
788.936	337.29  
789.329	372.21  
789.722	437.4   
790.116	456.03  
790.509	332.63  
790.902	374.54  
791.295	449.04  
791.688	402.48  
792.081	402.48  
792.474	414.12  
792.867	430.42  
793.26	355.92   
793.653	369.88  
794.045	444.38  
794.438	395.49  
794.83	416.45   
795.223	411.79  
795.615	446.71  
796.008	451.37  
796.4	456.03    
796.792	395.49  
797.184	369.88  
797.576	416.45  
797.968	460.68  
798.36	365.23   
798.752	400.15  
799.144	423.43  
799.536	381.53  
799.928	437.4   
800.319	444.38  
800.711	439.73  
801.102	339.62  
801.494	430.42  
801.885	421.1   
802.276	437.4   
802.668	369.88  
803.059	488.62  
803.45	421.1    
803.841	407.13  
804.232	369.88  
804.623	418.78  
805.014	456.03  
805.405	500.26  
805.795	428.09  
806.186	404.81  
806.577	337.29  
806.967	379.2   
807.358	423.43  
807.748	449.04  
808.139	428.09  
808.529	430.42  
808.919	446.71  
809.309	362.9   
809.699	444.38  
810.089	388.51  
810.479	421.1   
810.869	463.01  
811.259	425.76  
811.649	386.18  
812.039	446.71  
812.428	374.54  
812.818	474.65  
813.207	372.21  
813.597	414.12  
813.986	402.48  
814.376	476.98  
814.765	444.38  
815.154	379.2   
815.543	423.43  
815.932	486.29  
816.321	374.54  
816.71	414.12   
817.099	386.18  
817.488	446.71  
817.877	449.04  
818.265	453.7   
818.654	432.74  
819.043	362.9   
819.431	421.1   
819.819	365.23  
820.208	432.74  
820.596	432.74  
820.984	453.7   
821.372	379.2   
821.761	411.79  
822.149	386.18  
822.537	390.84  
822.924	474.65  
823.312	437.4   
823.7	425.76    
824.088	386.18  
824.475	388.51  
824.863	416.45  
825.251	402.48  
825.638	414.12  
826.025	437.4   
826.413	423.43  
826.8	428.09    
827.187	407.13  
827.574	362.9   
827.961	481.64  
828.348	367.56  
828.735	369.88  
829.122	423.43  
829.509	379.2   
829.896	418.78  
830.282	404.81  
830.669	400.15  
831.055	479.31  
831.442	456.03  
831.828	425.76  
832.215	414.12  
832.601	379.2   
832.987	395.49  
833.373	411.79  
833.759	479.31  
834.145	372.21  
834.531	432.74  
834.917	479.31  
835.303	425.76  
835.689	367.56  
836.074	416.45  
836.46	358.24   
836.846	390.84  
837.231	442.06  
837.617	428.09  
838.002	530.53  
838.387	376.87  
838.772	374.54  
839.158	423.43  
839.543	472.32  
839.928	490.95  
840.313	330.31  
840.698	393.17  
841.082	414.12  
841.467	456.03  
841.852	423.43  
842.237	334.96  
842.621	472.32  
843.006	460.68  
843.39	449.04   
843.774	376.87  
844.159	467.67  
844.543	446.71  
844.927	446.71  
845.311	416.45  
845.695	437.4   
846.079	453.7   
846.463	411.79  
846.847	393.17  
847.231	409.46  
847.615	397.82  
847.998	483.96  
848.382	490.95  
848.765	402.48  
849.149	416.45  
849.532	400.15  
849.916	388.51  
850.299	414.12  
850.682	416.45  
851.065	376.87  
851.448	383.85  
851.831	446.71  
852.214	428.09  
852.597	423.43  
852.98	465.34   
853.363	379.2   
853.745	407.13  
854.128	402.48  
854.51	367.56   
854.893	490.95  
855.275	446.71  
855.658	451.37  
856.04	490.95   
856.422	474.65  
856.804	451.37  
857.186	407.13  
857.568	423.43  
857.95	404.81   
858.332	481.64  
858.714	437.4   
859.096	442.06  
859.477	558.46  
859.859	451.37  
860.24	469.99   
860.622	435.07  
861.003	451.37  
861.385	458.35  
861.766	469.99  
862.147	465.34  
862.528	456.03  
862.909	390.84  
863.29	430.42   
863.671	446.71  
864.052	439.73  
864.433	411.79  
864.814	504.92  
865.194	458.35  
865.575	439.73  
865.955	481.64  
866.336	402.48  
866.716	458.35  
867.097	453.7   
867.477	439.73  
867.857	348.93  
868.237	444.38  
868.617	495.6   
868.997	432.74  
869.377	476.98  
869.757	442.06  
870.137	530.53  
870.517	463.01  
870.896	456.03  
871.276	453.7   
871.655	446.71  
872.035	476.98  
872.414	344.27  
872.794	421.1   
873.173	474.65  
873.552	458.35  
873.931	421.1   
874.31	379.2    
874.689	486.29  
875.068	467.67  
875.447	458.35  
875.826	421.1   
876.205	442.06  
876.583	402.48  
876.962	476.98  
877.341	421.1   
877.719	416.45  
878.097	432.74  
878.476	360.57  
878.854	435.07  
879.232	435.07  
879.61	451.37   
879.988	414.12  
880.366	418.78  
880.744	469.99  
881.122	456.03  
881.5	428.09    
881.878	465.34  
882.255	393.17  
882.633	451.37  
883.011	393.17  
883.388	458.35  
883.765	463.01  
884.143	411.79  
884.52	395.49   
884.897	439.73  
885.274	374.54  
885.651	442.06  
886.028	407.13  
886.405	460.68  
886.782	444.38  
887.159	365.23  
887.536	483.96  
887.912	418.78  
888.289	456.03  
888.665	395.49  
889.042	476.98  
889.418	407.13  
889.794	411.79  
890.171	444.38  
890.547	418.78  
890.923	425.76  
891.299	400.15  
891.675	402.48  
892.051	334.96  
892.427	374.54  
892.803	432.74  
893.178	435.07  
893.554	421.1   
893.929	421.1   
894.305	388.51  
894.68	488.62   
895.056	437.4   
895.431	490.95  
895.806	444.38  
896.181	414.12  
896.557	409.46  
896.932	453.7   
897.307	437.4   
897.681	451.37  
898.056	395.49  
898.431	444.38  
898.806	432.74  
899.18	444.38   
899.555	376.87  
899.929	437.4   
900.304	414.12  
900.678	400.15  
901.052	460.68  
901.427	404.81  
901.801	411.79  
902.175	451.37  
902.549	421.1   
902.923	442.06  
903.297	437.4   
903.67	430.42   
904.044	483.96  
904.418	351.26  
904.791	358.24  
905.165	495.6   
905.538	472.32  
905.912	379.2   
906.285	437.4   
906.658	469.99  
907.032	402.48  
907.405	344.27  
907.778	474.65  
908.151	435.07  
908.524	474.65  
908.896	425.76  
909.269	425.76  
909.642	393.17  
910.015	446.71  
910.387	495.6   
910.76	404.81   
911.132	358.24  
911.504	388.51  
911.877	402.48  
912.249	369.88  
912.621	423.43  
912.993	414.12  
913.365	381.53  
913.737	411.79  
914.109	400.15  
914.481	418.78  
914.853	437.4   
915.224	416.45  
915.596	421.1   
915.968	407.13  
916.339	416.45  
916.71	393.17   
917.082	516.56  
917.453	383.85  
917.824	409.46  
918.195	395.49  
918.566	407.13  
918.937	423.43  
919.308	397.82  
919.679	388.51  
920.05	404.81   
920.421	446.71  
920.791	437.4   
921.162	358.24  
921.532	451.37  
921.903	404.81  
922.273	435.07  
922.644	430.42  
923.014	390.84  
923.384	404.81  
923.754	390.84  
924.124	376.87  
924.494	383.85  
924.864	421.1   
925.234	390.84  
925.604	360.57  
925.973	381.53  
926.343	393.17  
926.712	397.82  
927.082	379.2   
927.451	409.46  
927.821	421.1   
928.19	402.48   
928.559	395.49  
928.928	376.87  
929.297	393.17  
929.666	407.13  
930.035	407.13  
930.404	353.59  
930.773	479.31  
931.142	407.13  
931.51	325.65   
931.879	409.46  
932.247	351.26  
932.616	386.18  
932.984	372.21  
933.353	416.45  
933.721	416.45  
934.089	409.46  
934.457	465.34  
934.825	393.17  
935.193	386.18  
935.561	362.9   
935.929	379.2   
936.296	453.7   
936.664	444.38  
937.032	432.74  
937.399	411.79  
937.767	353.59  
938.134	418.78  
938.501	372.21  
938.869	418.78  
939.236	383.85  
939.603	355.92  
939.97	397.82   
940.337	374.54  
940.704	369.88  
941.071	365.23  
941.438	421.1   
941.804	381.53  
942.171	327.98  
942.538	423.43  
942.904	453.7   
943.27	416.45   
943.637	355.92  
944.003	425.76  
944.369	316.34  
944.735	395.49  
945.102	390.84  
945.468	388.51  
945.833	358.24  
946.199	397.82  
946.565	390.84  
946.931	383.85  
947.296	362.9   
947.662	353.59  
948.028	423.43  
948.393	430.42  
948.758	416.45  
949.124	397.82  
949.489	374.54  
949.854	358.24  
950.219	365.23  
950.584	330.31  
950.949	451.37  
951.314	453.7   
951.679	395.49  
952.044	421.1   
952.408	432.74  
952.773	432.74  
953.137	311.68  
953.502	414.12  
953.866	449.04  
954.231	358.24  
954.595	348.93  
954.959	404.81  
955.323	451.37  
955.687	383.85  
956.051	395.49  
956.415	409.46  
956.779	404.81  
957.143	372.21  
957.506	449.04  
957.87	418.78   
958.234	351.26  
958.597	339.62  
958.961	300.04  
959.324	416.45  
959.687	402.48  
960.05	386.18   
960.413	344.27  
960.776	327.98  
961.139	432.74  
961.502	393.17  
961.865	348.93  
962.228	365.23  
962.591	383.85  
962.953	423.43  
963.316	393.17  
963.678	414.12  
964.041	393.17  
964.403	453.7   
964.765	414.12  
965.128	453.7   
965.49	353.59   
965.852	341.95  
966.214	339.62  
966.576	339.62  
966.938	409.46  
967.299	374.54  
967.661	386.18  
968.023	488.62  
968.384	404.81  
968.746	365.23  
969.107	393.17  
969.469	390.84  
969.83	404.81   
970.191	367.56  
970.552	393.17  
970.913	486.29  
971.274	421.1   
971.635	404.81  
971.996	358.24  
972.357	323.32  
972.718	374.54  
973.078	435.07  
973.439	442.06  
973.8	400.15    
974.16	428.09   
974.52	397.82   
974.881	423.43  
975.241	386.18  
975.601	393.17  
975.961	407.13  
976.321	386.18  
976.681	376.87  
977.041	423.43  
977.401	341.95  
977.76	320.99   
978.12	339.62   
978.48	353.59   
978.839	358.24  
979.199	358.24  
979.558	460.68  
979.917	404.81  
980.277	444.38  
980.636	386.18  
980.995	483.96  
981.354	446.71  
981.713	437.4   
982.072	348.93  
982.43	428.09   
982.789	351.26  
983.148	435.07  
983.506	369.88  
983.865	428.09  
984.223	411.79  
984.582	348.93  
984.94	474.65   
985.298	456.03  
985.656	383.85  
986.015	365.23  
986.373	423.43  
986.731	430.42  
987.088	421.1   
987.446	388.51  
987.804	393.17  
988.162	362.9   
988.519	346.6   
988.877	388.51  
989.234	386.18  
989.591	360.57  
989.949	388.51  
990.306	439.73  
990.663	423.43  
991.02	409.46   
991.377	423.43  
991.734	423.43  
992.091	407.13  
992.448	456.03  
992.805	393.17  
993.161	381.53  
993.518	404.81  
993.874	428.09  
994.231	416.45  
994.587	402.48  
994.943	383.85  
995.3	334.96    
995.656	421.1   
996.012	428.09  
996.368	416.45  
996.724	416.45  
997.08	407.13   
997.435	435.07  
997.791	439.73  
998.147	376.87  
998.502	344.27  
998.858	479.31  
999.213	414.12  
999.569	393.17  
999.924	358.24  
1000.279	379.2  
1000.634	404.81 
1000.989	404.81 
1001.344	351.26 
1001.699	390.84 
1002.054	395.49 
1002.409	395.49 
1002.764	437.4  
1003.118	414.12 
1003.473	327.98 
1003.827	418.78 
1004.182	423.43 
1004.536	351.26 
1004.89	358.24  
1005.245	430.42 
1005.599	435.07 
1005.953	344.27 
1006.307	404.81 
1006.661	386.18 
1007.015	393.17 
1007.368	400.15 
1007.722	337.29 
1008.076	353.59 
1008.429	395.49 
1008.783	374.54 
1009.136	402.48 
1009.489	388.51 
1009.843	290.73 
1010.196	409.46 
1010.549	374.54 
1010.902	383.85 
1011.255	488.62 
1011.608	402.48 
1011.961	355.92 
1012.313	369.88 
1012.666	351.26 
1013.019	339.62 
1013.371	365.23 
1013.724	388.51 
1014.076	330.31 
1014.428	409.46 
1014.781	437.4  
1015.133	388.51 
1015.485	367.56 
1015.837	344.27 
1016.189	416.45 
1016.541	439.73 
1016.893	344.27 
1017.244	446.71 
1017.596	402.48 
1017.947	353.59 
1018.299	416.45 
1018.65	411.79  
1019.002	379.2  
1019.353	327.98 
1019.704	365.23 
1020.055	362.9  
1020.407	351.26 
1020.758	460.68 
1021.108	286.07 
1021.459	439.73 
1021.81	365.23  
1022.161	381.53 
1022.511	376.87 
1022.862	362.9  
1023.213	369.88 
1023.563	337.29 
1023.913	393.17 
1024.264	358.24 
1024.614	439.73 
1024.964	442.06 
1025.314	411.79 
1025.664	449.04 
1026.014	339.62 
1026.364	365.23 
1026.713	367.56 
1027.063	379.2  
1027.413	393.17 
1027.762	339.62 
1028.112	397.82 
1028.461	339.62 
1028.81	339.62  
1029.16	416.45  
1029.509	330.31 
1029.858	376.87 
1030.207	404.81 
1030.556	474.65 
1030.905	339.62 
1031.254	404.81 
1031.602	372.21 
1031.951	390.84 
1032.3	421.1    
1032.648	469.99 
1032.996	469.99 
1033.345	469.99 