187.879	-52.97  
188.346	-52.97  
188.813	-52.97  
189.28	-43.65   
189.747	-48.31  
190.214	-50.64  
190.681	-66.93  
191.148	-132.12 
191.614	-55.29  
192.081	-99.53  
192.548	-57.62  
193.014	-76.25  
193.481	77.41   
193.948	5.24    
194.414	65.77   
194.881	16.88   
195.347	-6.4    
195.813	65.77   
196.28	68.1     
196.746	61.11   
197.212	184.51  
197.678	126.3   
198.145	154.24  
198.611	182.18  
199.077	259.01  
199.543	324.19  
200.009	231.07  
200.475	240.38  
200.941	366.1   
201.407	305.57  
201.873	384.73  
202.338	338.16  
202.804	342.82  
203.27	326.52   
203.735	370.76  
204.201	377.74  
204.667	373.09  
205.132	347.48  
205.598	391.71  
206.063	380.07  
206.529	394.04  
206.994	391.71  
207.459	428.96  
207.925	419.65  
208.39	398.7    
208.855	442.93  
209.32	414.99   
209.785	396.37  
210.25	433.62   
210.715	435.95  
211.18	338.16   
211.645	324.19  
212.11	384.73   
212.575	426.63  
213.04	352.13   
213.504	377.74  
213.969	421.98  
214.434	442.93  
214.899	380.07  
215.363	384.73  
215.828	375.41  
216.292	475.52  
216.757	398.7   
217.221	324.19  
217.685	475.52  
218.15	396.37   
218.614	401.02  
219.078	366.1   
219.542	412.66  
220.007	396.37  
220.471	361.44  
220.935	312.55  
221.399	382.4   
221.863	424.3   
222.327	356.79  
222.791	366.1   
223.254	380.07  
223.718	298.58  
224.182	328.85  
224.646	349.8   
225.109	321.87  
225.573	324.19  
226.037	456.9   
226.5	382.4     
226.964	394.04  
227.427	394.04  
227.89	324.19   
228.354	368.43  
228.817	382.4   
229.28	396.37   
229.744	335.84  
230.207	338.16  
230.67	366.1    
231.133	354.46  
231.596	366.1   
232.059	405.68  
232.522	447.59  
232.985	424.3   
233.448	349.8   
233.911	387.05  
234.374	389.38  
234.836	340.49  
235.299	347.48  
235.762	375.41  
236.224	403.35  
236.687	384.73  
237.149	347.48  
237.612	340.49  
238.074	391.71  
238.537	363.77  
238.999	396.37  
239.461	396.37  
239.924	412.66  
240.386	349.8   
240.848	391.71  
241.31	380.07   
241.772	398.7   
242.234	373.09  
242.696	445.26  
243.158	354.46  
243.62	370.76   
244.082	366.1   
244.544	442.93  
245.006	408.01  
245.468	363.77  
245.929	347.48  
246.391	317.21  
246.852	463.88  
247.314	380.07  
247.776	447.59  
248.237	396.37  
248.698	442.93  
249.16	426.63   
249.621	394.04  
250.082	387.05  
250.544	398.7   
251.005	394.04  
251.466	394.04  
251.927	414.99  
252.388	380.07  
252.849	342.82  
253.31	363.77   
253.771	363.77  
254.232	347.48  
254.693	449.91  
255.154	380.07  
255.615	414.99  
256.075	447.59  
256.536	428.96  
256.997	391.71  
257.457	403.35  
257.918	361.44  
258.378	377.74  
258.839	396.37  
259.299	373.09  
259.759	410.34  
260.22	380.07   
260.68	389.38   
261.14	380.07   
261.6	419.65    
262.06	433.62   
262.521	366.1   
262.981	384.73  
263.441	449.91  
263.901	382.4   
264.36	347.48   
264.82	387.05   
265.28	410.34   
265.74	438.27   
266.2	396.37    
266.659	401.02  
267.119	356.79  
267.579	442.93  
268.038	438.27  
268.498	394.04  
268.957	382.4   
269.416	419.65  
269.876	431.29  
270.335	331.18  
270.794	475.52  
271.254	428.96  
271.713	391.71  
272.172	405.68  
272.631	338.16  
273.09	377.74   
273.549	428.96  
274.008	377.74  
274.467	389.38  
274.926	363.77  
275.385	342.82  
275.843	368.43  
276.302	435.95  
276.761	426.63  
277.22	368.43   
277.678	426.63  
278.137	445.26  
278.595	370.76  
279.054	366.1   
279.512	454.57  
279.97	408.01   
280.429	440.6   
280.887	426.63  
281.345	396.37  
281.803	440.6   
282.262	394.04  
282.72	480.18   
283.178	394.04  
283.636	347.48  
284.094	438.27  
284.552	424.3   
285.01	361.44   
285.467	387.05  
285.925	461.56  
286.383	447.59  
286.841	426.63  
287.298	408.01  
287.756	435.95  
288.213	352.13  
288.671	405.68  
289.128	449.91  
289.586	417.32  
290.043	370.76  
290.5	408.01    
290.958	463.88  
291.415	405.68  
291.872	426.63  
292.329	412.66  
292.786	380.07  
293.243	463.88  
293.7	380.07    
294.157	421.98  
294.614	401.02  
295.071	412.66  
295.528	403.35  
295.985	426.63  
296.441	428.96  
296.898	396.37  
297.355	349.8   
297.811	438.27  
298.268	473.2   
298.724	387.05  
299.181	347.48  
299.637	454.57  
300.094	405.68  
300.55	356.79   
301.006	435.95  
301.462	377.74  
301.919	398.7   
302.375	468.54  
302.831	480.18  
303.287	426.63  
303.743	449.91  
304.199	412.66  
304.655	335.84  
305.11	440.6    
305.566	417.32  
306.022	438.27  
306.478	414.99  
306.933	438.27  
307.389	368.43  
307.845	445.26  
308.3	452.24    
308.756	389.38  
309.211	396.37  
309.666	426.63  
310.122	473.2   
310.577	408.01  
311.032	435.95  
311.487	445.26  
311.943	431.29  
312.398	412.66  
312.853	435.95  
313.308	417.32  
313.763	445.26  
314.218	391.71  
314.672	494.15  
315.127	408.01  
315.582	356.79  
316.037	417.32  
316.492	354.46  
316.946	447.59  
317.401	440.6   
317.855	405.68  
318.31	366.1    
318.764	433.62  
319.219	405.68  
319.673	433.62  
320.127	408.01  
320.582	359.12  
321.036	426.63  
321.49	454.57   
321.944	431.29  
322.398	449.91  
322.852	389.38  
323.306	459.23  
323.76	403.35   
324.214	410.34  
324.668	391.71  
325.122	380.07  
325.575	442.93  
326.029	401.02  
326.483	475.52  
326.936	442.93  
327.39	412.66   
327.843	403.35  
328.297	461.56  
328.75	447.59   
329.204	435.95  
329.657	401.02  
330.11	424.3    
330.564	426.63  
331.017	396.37  
331.47	445.26   
331.923	438.27  
332.376	384.73  
332.829	435.95  
333.282	408.01  
333.735	398.7   
334.188	373.09  
334.641	442.93  
335.093	449.91  
335.546	487.16  
335.999	389.38  
336.451	410.34  
336.904	408.01  
337.356	433.62  
337.809	396.37  
338.261	408.01  
338.714	442.93  
339.166	394.04  
339.618	384.73  
340.07	468.54   
340.523	417.32  
340.975	431.29  
341.427	405.68  
341.879	484.84  
342.331	428.96  
342.783	426.63  
343.235	456.9   
343.687	394.04  
344.138	401.02  
344.59	442.93   
345.042	468.54  
345.494	470.87  
345.945	396.37  
346.397	442.93  
346.848	431.29  
347.3	349.8     
347.751	384.73  
348.203	435.95  
348.654	370.76  
349.105	410.34  
349.556	412.66  
350.008	401.02  
350.459	375.41  
350.91	426.63   
351.361	307.9   
351.812	419.65  
352.263	424.3   
352.714	461.56  
353.165	389.38  
353.615	461.56  
354.066	410.34  
354.517	440.6   
354.968	361.44  
355.418	356.79  
355.869	473.2   
356.319	484.84  
356.77	494.15   
357.22	445.26   
357.671	345.15  
358.121	403.35  
358.571	414.99  
359.021	442.93  
359.472	356.79  
359.922	522.09  
360.372	433.62  
360.822	384.73  
361.272	417.32  
361.722	377.74  
362.172	405.68  
362.622	477.85  
363.071	494.15  
363.521	463.88  
363.971	412.66  
364.42	403.35   
364.87	377.74   
365.32	387.05   
365.769	487.16  
366.219	363.77  
366.668	387.05  
367.117	435.95  
367.567	398.7   
368.016	424.3   
368.465	424.3   
368.914	394.04  
369.363	426.63  
369.812	421.98  
370.261	417.32  
370.71	398.7    
371.159	466.21  
371.608	454.57  
372.057	438.27  
372.506	449.91  
372.955	431.29  
373.403	424.3   
373.852	408.01  
374.301	405.68  
374.749	424.3   
375.198	438.27  
375.646	380.07  
376.094	440.6   
376.543	370.76  
376.991	356.79  
377.439	373.09  
377.887	380.07  
378.336	470.87  
378.784	412.66  
379.232	405.68  
379.68	326.52   
380.128	431.29  
380.576	454.57  
381.023	414.99  
381.471	426.63  
381.919	401.02  
382.367	424.3   
382.814	412.66  
383.262	412.66  
383.71	403.35   
384.157	419.65  
384.605	463.88  
385.052	363.77  
385.499	396.37  
385.947	466.21  
386.394	382.4   
386.841	366.1   
387.288	396.37  
387.735	454.57  
388.182	447.59  
388.63	480.18   
389.076	387.05  
389.523	431.29  
389.97	435.95   
390.417	452.24  
390.864	449.91  
391.311	403.35  
391.757	410.34  
392.204	463.88  
392.651	375.41  
393.097	424.3   
393.544	391.71  
393.99	396.37   
394.436	421.98  
394.883	536.06  
395.329	394.04  
395.775	466.21  
396.221	426.63  
396.668	438.27  
397.114	431.29  
397.56	335.84   
398.006	424.3   
398.452	389.38  
398.897	387.05  
399.343	489.49  
399.789	387.05  
400.235	445.26  
400.681	389.38  
401.126	431.29  
401.572	421.98  
402.017	449.91  
402.463	370.76  
402.908	412.66  
403.354	456.9   
403.799	438.27  
404.244	438.27  
404.689	403.35  
405.135	438.27  
405.58	405.68   
406.025	424.3   
406.47	424.3    
406.915	433.62  
407.36	419.65   
407.805	468.54  
408.25	421.98   
408.694	440.6   
409.139	398.7   
409.584	452.24  
410.029	442.93  
410.473	414.99  
410.918	419.65  
411.362	449.91  
411.807	384.73  
412.251	375.41  
412.695	454.57  
413.14	396.37   
413.584	391.71  
414.028	414.99  
414.472	461.56  
414.916	370.76  
415.36	384.73   
415.804	410.34  
416.248	440.6   
416.692	454.57  
417.136	412.66  
417.58	438.27   
418.024	438.27  
418.467	470.87  
418.911	412.66  
419.355	363.77  
419.798	382.4   
420.242	377.74  
420.685	431.29  
421.128	382.4   
421.572	373.09  
422.015	405.68  
422.458	384.73  
422.902	447.59  
423.345	461.56  
423.788	461.56  
424.231	361.44  
424.674	419.65  
425.117	363.77  
425.56	449.91   
426.003	403.35  
426.445	477.85  
426.888	442.93  
427.331	433.62  
427.773	363.77  
428.216	391.71  
428.659	433.62  
429.101	370.76  
429.543	394.04  
429.986	419.65  
430.428	461.56  
430.87	482.51   
431.313	459.23  
431.755	410.34  
432.197	377.74  
432.639	389.38  
433.081	454.57  
433.523	410.34  
433.965	391.71  
434.407	412.66  
434.849	412.66  
435.291	468.54  
435.732	377.74  
436.174	452.24  
436.616	438.27  
437.057	391.71  
437.499	405.68  
437.94	412.66   
438.382	417.32  
438.823	447.59  
439.264	414.99  
439.706	459.23  
440.147	359.12  
440.588	431.29  
441.029	331.18  
441.47	375.41   
441.911	489.49  
442.352	403.35  
442.793	345.15  
443.234	384.73  
443.675	391.71  
444.116	366.1   
444.556	405.68  
444.997	387.05  
445.438	401.02  
445.878	391.71  
446.319	377.74  
446.759	487.16  
447.199	445.26  
447.64	424.3    
448.08	447.59   
448.52	375.41   
448.961	419.65  
449.401	384.73  
449.841	421.98  
450.281	410.34  
450.721	466.21  
451.161	373.09  
451.601	419.65  
452.041	401.02  
452.48	452.24   
452.92	354.46   
453.36	377.74   
453.799	433.62  
454.239	447.59  
454.679	412.66  
455.118	377.74  
455.557	394.04  
455.997	435.95  
456.436	452.24  
456.875	475.52  
457.315	454.57  
457.754	414.99  
458.193	356.79  
458.632	412.66  
459.071	461.56  
459.51	473.2    
459.949	408.01  
460.388	359.12  
460.827	442.93  
461.265	426.63  
461.704	380.07  
462.143	431.29  
462.581	463.88  
463.02	412.66   
463.458	417.32  
463.897	417.32  
464.335	401.02  
464.774	398.7   
465.212	480.18  
465.65	394.04   
466.088	435.95  
466.527	433.62  
466.965	389.38  
467.403	398.7   
467.841	461.56  
468.279	394.04  
468.716	445.26  
469.154	366.1   
469.592	421.98  
470.03	408.01   
470.467	396.37  
470.905	482.51  
471.343	405.68  
471.78	410.34   
472.218	408.01  
472.655	356.79  
473.092	394.04  
473.53	398.7    
473.967	452.24  
474.404	417.32  
474.841	452.24  
475.278	452.24  
475.716	482.51  
476.153	426.63  
476.589	403.35  
477.026	417.32  
477.463	370.76  
477.9	449.91    
478.337	398.7   
478.773	373.09  
479.21	501.13   
479.647	380.07  
480.083	466.21  
480.52	384.73   
480.956	489.49  
481.392	394.04  
481.829	454.57  
482.265	466.21  
482.701	433.62  
483.137	473.2   
483.574	410.34  
484.01	421.98   
484.446	424.3   
484.882	408.01  
485.317	435.95  
485.753	433.62  
486.189	466.21  
486.625	408.01  
487.061	435.95  
487.496	380.07  
487.932	426.63  
488.367	401.02  
488.803	412.66  
489.238	408.01  
489.674	380.07  
490.109	366.1   
490.544	442.93  
490.979	480.18  
491.415	403.35  
491.85	403.35   
492.285	447.59  
492.72	417.32   
493.155	380.07  
493.59	410.34   
494.024	396.37  
494.459	363.77  
494.894	459.23  
495.329	370.76  
495.763	447.59  
496.198	398.7   
496.632	433.62  
497.067	391.71  
497.501	473.2   
497.936	428.96  
498.37	421.98   
498.804	491.82  
499.238	447.59  
499.673	454.57  
500.107	424.3   
500.541	424.3   
500.975	445.26  
501.409	401.02  
501.843	431.29  
502.277	394.04  
502.71	440.6    
503.144	389.38  
503.578	480.18  
504.011	466.21  
504.445	405.68  
504.878	405.68  
505.312	445.26  
505.745	449.91  
506.179	433.62  
506.612	417.32  
507.045	370.76  
507.479	412.66  
507.912	470.87  
508.345	445.26  
508.778	463.88  
509.211	449.91  
509.644	424.3   
510.077	449.91  
510.509	352.13  
510.942	394.04  
511.375	466.21  
511.808	449.91  
512.24	470.87   
512.673	356.79  
513.105	447.59  
513.538	396.37  
513.97	331.18   
514.403	445.26  
514.835	401.02  
515.267	363.77  
515.699	408.01  
516.131	426.63  
516.564	375.41  
516.996	382.4   
517.428	396.37  
517.859	398.7   
518.291	356.79  
518.723	391.71  
519.155	396.37  
519.587	421.98  
520.018	356.79  
520.45	428.96   
520.881	470.87  
521.313	384.73  
521.744	317.21  
522.176	377.74  
522.607	461.56  
523.038	408.01  
523.47	410.34   
523.901	335.84  
524.332	375.41  
524.763	384.73  
525.194	389.38  
525.625	456.9   
526.056	368.43  
526.487	428.96  
526.917	461.56  
527.348	384.73  
527.779	377.74  
528.21	421.98   
528.64	414.99   
529.071	398.7   
529.501	480.18  
529.932	403.35  
530.362	428.96  
530.792	408.01  
531.222	370.76  
531.653	463.88  
532.083	382.4   
532.513	410.34  
532.943	384.73  
533.373	366.1   
533.803	403.35  
534.233	442.93  
534.663	456.9   
535.092	424.3   
535.522	401.02  
535.952	391.71  
536.381	487.16  
536.811	382.4   
537.24	440.6    
537.67	466.21   
538.099	419.65  
538.529	433.62  
538.958	391.71  
539.387	419.65  
539.816	447.59  
540.245	359.12  
540.674	431.29  
541.103	410.34  
541.532	447.59  
541.961	382.4   
542.39	394.04   
542.819	461.56  
543.248	452.24  
543.676	410.34  
544.105	405.68  
544.534	410.34  
544.962	366.1   
545.391	435.95  
545.819	363.77  
546.247	454.57  
546.676	359.12  
547.104	396.37  
547.532	445.26  
547.96	410.34   
548.388	426.63  
548.816	435.95  
549.244	449.91  
549.672	403.35  
550.1	359.12    
550.528	426.63  
550.956	412.66  
551.383	461.56  
551.811	442.93  
552.238	412.66  
552.666	412.66  
553.094	405.68  
553.521	426.63  
553.948	394.04  
554.376	452.24  
554.803	442.93  
555.23	426.63   
555.657	440.6   
556.084	498.81  
556.511	459.23  
556.938	435.95  
557.365	403.35  
557.792	480.18  
558.219	501.13  
558.646	377.74  
559.072	468.54  
559.499	414.99  
559.926	440.6   
560.352	445.26  
560.779	482.51  
561.205	368.43  
561.632	501.13  
562.058	456.9   
562.484	547.7   
562.91	431.29   
563.337	445.26  
563.763	426.63  
564.189	480.18  
564.615	431.29  
565.041	456.9   
565.466	445.26  
565.892	449.91  
566.318	440.6   
566.744	475.52  
567.169	484.84  
567.595	482.51  
568.021	419.65  
568.446	531.4   
568.872	554.68  
569.297	494.15  
569.722	449.91  
570.148	508.12  
570.573	531.4   
570.998	584.95  
571.423	531.4   
571.848	498.81  
572.273	533.73  
572.698	587.27  
573.123	519.76  
573.548	540.71  
573.973	543.04  
574.397	540.71  
574.822	554.68  
575.247	612.88  
575.671	591.93  
576.096	475.52  
576.52	526.74   
576.944	580.29  
577.369	584.95  
577.793	575.63  
578.217	582.62  
578.641	603.57  
579.065	647.81  
579.49	631.51   
579.914	668.76  
580.337	645.48  
580.761	692.04  
581.185	608.23  
581.609	710.67  
582.033	687.39  
582.456	722.31  
582.88	759.56   
583.303	740.93  
583.727	792.15  
584.15	757.23   
584.574	859.67  
584.997	906.23  
585.42	887.61   
585.844	824.75  
586.267	838.71  
586.69	885.28   
587.113	852.68  
587.536	931.84  
587.959	1022.64 
588.382	992.37  
588.804	1011    
589.227	1125.08 
589.65	1052.9   
590.073	1120.42 
590.495	1045.92 
590.918	1097.14 
591.34	1241.48  
591.763	1071.53 
592.185	1229.84 
592.607	1243.81 
593.03	1437.05  
593.452	1444.03 
593.874	1537.16 
594.296	1495.25 
594.718	1646.58 
595.14	1546.47  
595.562	1495.25 
595.984	1607    
596.406	1683.83 
596.827	1749.02 
597.249	1835.16 
597.671	2000.46 
598.092	2070.3  
598.514	2112.21 
598.935	2303.12 
599.357	2310.1  
599.778	2265.87 
600.199	2403.23 
600.621	2400.9  
601.042	2528.95 
601.463	2608.11 
601.884	2636.04 
602.305	2892.14 
602.726	3108.66 
603.147	3076.06 
603.568	3381.05 
603.988	3567.3  
604.409	3555.66 
604.83	3583.6   
605.25	3655.77  
605.671	3539.36 
606.092	3497.46 
606.512	3821.07 
606.932	3844.35 
607.353	4128.39 
607.773	4237.81 
608.193	4454.33 
608.613	4819.85 
609.034	5013.08 
609.454	5369.29 
609.874	5327.38 
610.293	5197.01 
610.713	5399.55 
611.133	5290.13 
611.553	5371.62 
611.973	5439.13 
612.392	5648.67 
612.812	6084.03 
613.231	6416.95 
613.651	7164.29 
614.07	7534.46  
614.49	7974.48  
614.909	8353.97 
615.328	8712.51 
615.747	8828.91 
616.167	8856.85 
616.586	9071.04 
617.005	8805.63 
617.424	9296.87 
617.843	9555.3  
618.261	10053.52
618.68	10579.68 
619.099	11680.89
619.518	12214.04
619.936	13070.8 
620.355	13939.2 
620.773	14230.21
621.192	14891.41
621.61	15014.8  
622.029	15014.8 
622.447	14833.2 
622.865	15366.35
623.283	15547.95
623.701	15901.82
624.119	16861.02
624.537	17938.95
624.955	19300.92
625.373	20411.44
625.791	21477.73
626.209	22362.43
626.627	22746.57
627.044	22842.03
627.462	22842.03
627.879	22597.57
628.297	22420.63
628.714	22329.84
629.132	22315.87
629.549	22697.68
629.966	23386.82
630.383	24457.76
630.8	25761.52  
631.217	26750.99
631.634	28497.1 
632.051	29675.14
632.468	30219.93
632.885	30243.21
633.302	29412.06
633.719	28729.91
634.135	28159.52
634.552	26862.74
634.969	25812.74
635.385	24986.25
635.801	24767.41
636.218	24290.14
636.634	24727.83
637.05	24713.86 
637.467	24981.6 
637.883	25011.86
638.299	24725.5 
638.715	24325.06
639.131	22734.93
639.547	21352.01
639.963	20243.82
640.378	18225.31
640.794	16805.14
641.21	15114.91 
641.626	14027.67
642.041	12993.97
642.457	12190.76
642.872	11406.17
643.287	10900.96
643.703	10346.87
644.118	9797.42 
644.533	9071.04 
644.948	8807.96 
645.364	8188.67 
645.779	7492.56 
646.194	6905.86 
646.609	6053.76 
647.023	5711.53 
647.438	5346.01 
647.853	4947.89 
648.268	4296.01 
648.682	4200.56 
649.097	3865.31 
649.511	3683.71 
649.926	3637.15 
650.34	3334.49  
650.755	3246.02 
651.169	2989.92 
651.583	2968.97 
651.997	2601.12 
652.411	2487.04 
652.825	2382.28 
653.239	2179.73 
653.653	1911.99 
654.067	1816.54 
654.481	1700.13 
654.895	1697.8  
655.309	1662.88 
655.722	1458    
656.136	1378.84 
656.549	1399.8  
656.963	1346.25 
657.376	1246.14 
657.79	1171.64  
658.203	1104.12 
658.616	1108.78 
659.029	1064.55 
659.442	1013.33 
659.855	966.76  
660.268	896.92  
660.681	959.78  
661.094	829.4   
661.507	845.7   
661.92	780.51   
662.333	768.87  
662.745	778.18  
663.158	699.03  
663.57	664.1    
663.983	743.26  
664.395	701.35  
664.808	678.07  
665.22	666.43   
665.632	605.9   
666.044	650.13  
666.456	699.03  
666.868	645.48  
667.28	622.2    
667.692	624.53  
668.104	533.73  
668.516	573.31  
668.928	550.02  
669.34	538.38   
669.751	615.21  
670.163	531.4   
670.574	543.04  
670.986	484.84  
671.397	524.42  
671.809	545.37  
672.22	522.09   
672.631	484.84  
673.042	368.43  
673.453	508.12  
673.864	421.98  
674.275	480.18  
674.686	461.56  
675.097	501.13  
675.508	468.54  
675.919	470.87  
676.33	445.26   
676.74	538.38   
677.151	454.57  
677.561	433.62  
677.972	435.95  
678.382	459.23  
678.792	440.6   
679.203	454.57  
679.613	468.54  
680.023	389.38  
680.433	452.24  
680.843	419.65  
681.253	389.38  
681.663	433.62  
682.073	417.32  
682.483	449.91  
682.893	461.56  
683.302	501.13  
683.712	463.88  
684.122	431.29  
684.531	428.96  
684.94	435.95   
685.35	389.38   
685.759	412.66  
686.168	396.37  
686.578	424.3   
686.987	501.13  
687.396	384.73  
687.805	373.09  
688.214	473.2   
688.623	445.26  
689.032	421.98  
689.44	396.37   
689.849	387.05  
690.258	408.01  
690.666	380.07  
691.075	484.84  
691.484	431.29  
691.892	473.2   
692.3	342.82    
692.709	477.85  
693.117	475.52  
693.525	419.65  
693.933	435.95  
694.341	431.29  
694.749	470.87  
695.157	359.12  
695.565	396.37  
695.973	468.54  
696.381	456.9   
696.788	412.66  
697.196	491.82  
697.604	431.29  
698.011	582.62  
698.419	359.12  
698.826	368.43  
699.234	431.29  
699.641	414.99  
700.048	421.98  
700.455	477.85  
700.862	408.01  
701.269	456.9   
701.676	426.63  
702.083	345.15  
702.49	438.27   
702.897	394.04  
703.304	377.74  
703.71	431.29   
704.117	377.74  
704.524	345.15  
704.93	447.59   
705.337	440.6   
705.743	382.4   
706.149	403.35  
706.556	452.24  
706.962	438.27  
707.368	387.05  
707.774	382.4   
708.18	456.9    
708.586	445.26  
708.992	391.71  
709.398	389.38  
709.804	359.12  
710.209	396.37  
710.615	440.6   
711.021	447.59  
711.426	435.95  
711.832	394.04  
712.237	403.35  
712.642	349.8   
713.048	401.02  
713.453	440.6   
713.858	442.93  
714.263	447.59  
714.668	408.01  
715.073	368.43  
715.478	410.34  
715.883	389.38  
716.288	401.02  
716.693	449.91  
717.097	417.32  
717.502	405.68  
717.906	454.57  
718.311	419.65  
718.715	387.05  
719.12	468.54   
719.524	421.98  
719.928	421.98  
720.333	377.74  
720.737	361.44  
721.141	461.56  
721.545	424.3   
721.949	340.49  
722.353	352.13  
722.757	417.32  
723.16	435.95   
723.564	384.73  
723.968	398.7   
724.371	380.07  
724.775	389.38  
725.178	347.48  
725.582	461.56  
725.985	398.7   
726.388	412.66  
726.792	403.35  
727.195	391.71  
727.598	473.2   
728.001	375.41  
728.404	396.37  
728.807	373.09  
729.21	382.4    
729.612	440.6   
730.015	438.27  
730.418	324.19  
730.82	396.37   
731.223	452.24  
731.625	442.93  
732.028	405.68  
732.43	449.91   
732.833	417.32  
733.235	445.26  
733.637	440.6   
734.039	459.23  
734.441	396.37  
734.843	445.26  
735.245	417.32  
735.647	401.02  
736.049	382.4   
736.451	356.79  
736.852	361.44  
737.254	375.41  
737.655	391.71  
738.057	396.37  
738.458	382.4   
738.86	389.38   
739.261	438.27  
739.662	363.77  
740.064	403.35  
740.465	387.05  
740.866	417.32  
741.267	410.34  
741.668	452.24  
742.069	414.99  
742.469	417.32  
742.87	496.48   
743.271	414.99  
743.672	449.91  
744.072	412.66  
744.473	375.41  
744.873	307.9   
745.274	394.04  
745.674	447.59  
746.074	424.3   
746.474	387.05  
746.875	396.37  
747.275	424.3   
747.675	410.34  
748.075	431.29  
748.474	370.76  
748.874	366.1   
749.274	412.66  
749.674	391.71  
750.073	424.3   
750.473	408.01  
750.873	470.87  
751.272	419.65  
751.671	447.59  
752.071	463.88  
752.47	440.6    
752.869	408.01  
753.268	438.27  
753.668	349.8   
754.067	370.76  
754.466	414.99  
754.864	356.79  
755.263	391.71  
755.662	375.41  
756.061	352.13  
756.459	449.91  
756.858	410.34  
757.257	442.93  
757.655	414.99  
758.053	408.01  
758.452	456.9   
758.85	382.4    
759.248	412.66  
759.646	449.91  
760.045	477.85  
760.443	456.9   
760.841	452.24  
761.238	442.93  
761.636	401.02  
762.034	382.4   
762.432	447.59  
762.829	408.01  
763.227	394.04  
763.625	373.09  
764.022	382.4   
764.419	428.96  
764.817	468.54  
765.214	405.68  
765.611	368.43  
766.008	461.56  
766.406	447.59  
766.803	401.02  
767.199	375.41  
767.596	384.73  
767.993	375.41  
768.39	377.74   
768.787	433.62  
769.183	377.74  
769.58	410.34   
769.977	456.9   
770.373	473.2   
770.769	431.29  
771.166	440.6   
771.562	363.77  
771.958	405.68  
772.354	426.63  
772.75	428.96   
773.146	433.62  
773.542	480.18  
773.938	412.66  
774.334	459.23  
774.73	438.27   
775.126	431.29  
775.521	403.35  
775.917	326.52  
776.312	359.12  
776.708	452.24  
777.103	410.34  
777.499	428.96  
777.894	391.71  
778.289	505.79  
778.684	431.29  
779.079	331.18  
779.474	387.05  
779.869	405.68  
780.264	382.4   
780.659	428.96  
781.054	477.85  
781.448	398.7   
781.843	389.38  
782.238	517.43  
782.632	377.74  
783.027	447.59  
783.421	449.91  
783.815	370.76  
784.21	454.57   
784.604	454.57  
784.998	428.96  
785.392	428.96  
785.786	389.38  
786.18	412.66   
786.574	459.23  
786.968	340.49  
787.361	340.49  
787.755	431.29  
788.149	391.71  
788.542	438.27  
788.936	375.41  
789.329	440.6   
789.722	428.96  
790.116	373.09  
790.509	447.59  
790.902	382.4   
791.295	433.62  
791.688	428.96  
792.081	419.65  
792.474	377.74  
792.867	354.46  
793.26	431.29   
793.653	391.71  
794.045	373.09  
794.438	445.26  
794.83	377.74   
795.223	405.68  
795.615	405.68  
796.008	419.65  
796.4	454.57    
796.792	412.66  
797.184	394.04  
797.576	426.63  
797.968	396.37  
798.36	305.57   
798.752	424.3   
799.144	405.68  
799.536	361.44  
799.928	440.6   
800.319	398.7   
800.711	426.63  
801.102	417.32  
801.494	389.38  
801.885	377.74  
802.276	421.98  
802.668	417.32  
803.059	384.73  
803.45	412.66   
803.841	394.04  
804.232	480.18  
804.623	338.16  
805.014	424.3   
805.405	401.02  
805.795	480.18  
806.186	426.63  
806.577	456.9   
806.967	431.29  
807.358	461.56  
807.748	445.26  
808.139	361.44  
808.529	503.46  
808.919	461.56  
809.309	435.95  
809.699	440.6   
810.089	380.07  
810.479	461.56  
810.869	496.48  
811.259	389.38  
811.649	484.84  
812.039	370.76  
812.428	403.35  
812.818	456.9   
813.207	389.38  
813.597	428.96  
813.986	449.91  
814.376	419.65  
814.765	452.24  
815.154	380.07  
815.543	391.71  
815.932	321.87  
816.321	466.21  
816.71	421.98   
817.099	431.29  
817.488	461.56  
817.877	426.63  
818.265	452.24  
818.654	452.24  
819.043	470.87  
819.431	333.51  
819.819	352.13  
820.208	440.6   
820.596	440.6   
820.984	421.98  
821.372	426.63  
821.761	408.01  
822.149	498.81  
822.537	498.81  
822.924	428.96  
823.312	431.29  
823.7	468.54    
824.088	426.63  
824.475	426.63  
824.863	410.34  
825.251	461.56  
825.638	428.96  
826.025	459.23  
826.413	347.48  
826.8	410.34    
827.187	370.76  
827.574	461.56  
827.961	461.56  
828.348	405.68  
828.735	410.34  
829.122	421.98  
829.509	421.98  
829.896	431.29  
830.282	412.66  
830.669	410.34  
831.055	359.12  
831.442	419.65  
831.828	391.71  
832.215	419.65  
832.601	494.15  
832.987	347.48  
833.373	414.99  
833.759	414.99  
834.145	466.21  
834.531	396.37  
834.917	391.71  
835.303	408.01  
835.689	505.79  
836.074	401.02  
836.46	468.54   
836.846	470.87  
837.231	431.29  
837.617	456.9   
838.002	456.9   
838.387	377.74  
838.772	463.88  
839.158	331.18  
839.543	466.21  
839.928	377.74  
840.313	389.38  
840.698	366.1   
841.082	417.32  
841.467	461.56  
841.852	449.91  
842.237	394.04  
842.621	461.56  
843.006	435.95  
843.39	431.29   
843.774	438.27  
844.159	466.21  
844.543	426.63  
844.927	421.98  
845.311	391.71  
845.695	517.43  
846.079	396.37  
846.463	449.91  
846.847	428.96  
847.231	354.46  
847.615	440.6   
847.998	440.6   
848.382	433.62  
848.765	349.8   
849.149	442.93  
849.532	424.3   
849.916	433.62  
850.299	510.45  
850.682	440.6   
851.065	408.01  
851.448	496.48  
851.831	408.01  
852.214	384.73  
852.597	382.4   
852.98	449.91   
853.363	424.3   
853.745	501.13  
854.128	414.99  
854.51	419.65   
854.893	480.18  
855.275	449.91  
855.658	394.04  
856.04	408.01   
856.422	368.43  
856.804	459.23  
857.186	447.59  
857.568	494.15  
857.95	426.63   
858.332	454.57  
858.714	414.99  
859.096	382.4   
859.477	508.12  
859.859	449.91  
860.24	468.54   
860.622	366.1   
861.003	461.56  
861.385	468.54  
861.766	391.71  
862.147	438.27  
862.528	447.59  
862.909	440.6   
863.29	480.18   
863.671	382.4   
864.052	480.18  
864.433	470.87  
864.814	484.84  
865.194	491.82  
865.575	438.27  
865.955	477.85  
866.336	431.29  
866.716	438.27  
867.097	412.66  
867.477	419.65  
867.857	377.74  
868.237	475.52  
868.617	461.56  
868.997	419.65  
869.377	410.34  
869.757	491.82  
870.137	461.56  
870.517	449.91  
870.896	480.18  
871.276	405.68  
871.655	440.6   
872.035	473.2   
872.414	410.34  
872.794	389.38  
873.173	463.88  
873.552	414.99  
873.931	394.04  
874.31	442.93   
874.689	505.79  
875.068	426.63  
875.447	435.95  
875.826	470.87  
876.205	459.23  
876.583	340.49  
876.962	384.73  
877.341	449.91  
877.719	426.63  
878.097	452.24  
878.476	515.1   
878.854	424.3   
879.232	470.87  
879.61	435.95   
879.988	435.95  
880.366	461.56  
880.744	412.66  
881.122	384.73  
881.5	389.38    
881.878	477.85  
882.255	403.35  
882.633	470.87  
883.011	363.77  
883.388	440.6   
883.765	452.24  
884.143	419.65  
884.52	496.48   
884.897	396.37  
885.274	447.59  
885.651	529.07  
886.028	489.49  
886.405	410.34  
886.782	463.88  
887.159	442.93  
887.536	491.82  
887.912	375.41  
888.289	433.62  
888.665	370.76  
889.042	375.41  
889.418	412.66  
889.794	377.74  
890.171	408.01  
890.547	380.07  
890.923	349.8   
891.299	517.43  
891.675	398.7   
892.051	445.26  
892.427	398.7   
892.803	370.76  
893.178	445.26  
893.554	417.32  
893.929	384.73  
894.305	473.2   
894.68	445.26   
895.056	398.7   
895.431	473.2   
895.806	373.09  
896.181	356.79  
896.557	389.38  
896.932	408.01  
897.307	426.63  
897.681	447.59  
898.056	396.37  
898.431	403.35  
898.806	394.04  
899.18	463.88   
899.555	424.3   
899.929	408.01  
900.304	396.37  
900.678	414.99  
901.052	361.44  
901.427	445.26  
901.801	370.76  
902.175	403.35  
902.549	370.76  
902.923	473.2   
903.297	505.79  
903.67	491.82   
904.044	401.02  
904.418	431.29  
904.791	370.76  
905.165	475.52  
905.538	496.48  
905.912	456.9   
906.285	405.68  
906.658	459.23  
907.032	470.87  
907.405	405.68  
907.778	419.65  
908.151	412.66  
908.524	387.05  
908.896	389.38  
909.269	389.38  
909.642	414.99  
910.015	414.99  
910.387	421.98  
910.76	426.63   
911.132	380.07  
911.504	426.63  
911.877	463.88  
912.249	382.4   
912.621	398.7   
912.993	380.07  
913.365	454.57  
913.737	408.01  
914.109	401.02  
914.481	403.35  
914.853	398.7   
915.224	403.35  
915.596	463.88  
915.968	359.12  
916.339	447.59  
916.71	435.95   
917.082	447.59  
917.453	384.73  
917.824	314.88  
918.195	405.68  
918.566	421.98  
918.937	452.24  
919.308	405.68  
919.679	347.48  
920.05	398.7    
920.421	456.9   
920.791	417.32  
921.162	445.26  
921.532	419.65  
921.903	454.57  
922.273	391.71  
922.644	394.04  
923.014	408.01  
923.384	470.87  
923.754	366.1   
924.124	433.62  
924.494	442.93  
924.864	435.95  
925.234	421.98  
925.604	461.56  
925.973	417.32  
926.343	394.04  
926.712	370.76  
927.082	424.3   
927.451	435.95  
927.821	333.51  
928.19	424.3    
928.559	366.1   
928.928	356.79  
929.297	417.32  
929.666	417.32  
930.035	417.32  
930.404	447.59  
930.773	396.37  
931.142	389.38  
931.51	421.98   
931.879	370.76  
932.247	433.62  
932.616	417.32  
932.984	440.6   
933.353	391.71  
933.721	463.88  
934.089	417.32  
934.457	361.44  
934.825	433.62  
935.193	424.3   
935.561	356.79  
935.929	408.01  
936.296	435.95  
936.664	440.6   
937.032	375.41  
937.399	321.87  
937.767	431.29  
938.134	310.23  
938.501	373.09  
938.869	387.05  
939.236	370.76  
939.603	340.49  
939.97	368.43   
940.337	424.3   
940.704	449.91  
941.071	338.16  
941.438	440.6   
941.804	389.38  
942.171	421.98  
942.538	410.34  
942.904	433.62  
943.27	387.05   
943.637	375.41  
944.003	396.37  
944.369	368.43  
944.735	408.01  
945.102	394.04  
945.468	377.74  
945.833	454.57  
946.199	426.63  
946.565	440.6   
946.931	419.65  
947.296	431.29  
947.662	421.98  
948.028	417.32  
948.393	331.18  
948.758	401.02  
949.124	410.34  
949.489	391.71  
949.854	403.35  
950.219	314.88  
950.584	433.62  
950.949	387.05  
951.314	410.34  
951.679	424.3   
952.044	389.38  
952.408	398.7   
952.773	403.35  
953.137	391.71  
953.502	445.26  
953.866	435.95  
954.231	412.66  
954.595	447.59  
954.959	363.77  
955.323	431.29  
955.687	361.44  
956.051	428.96  
956.415	438.27  
956.779	349.8   
957.143	391.71  
957.506	496.48  
957.87	368.43   
958.234	466.21  
958.597	412.66  
958.961	410.34  
959.324	438.27  
959.687	426.63  
960.05	368.43   
960.413	391.71  
960.776	382.4   
961.139	363.77  
961.502	380.07  
961.865	347.48  
962.228	396.37  
962.591	363.77  
962.953	363.77  
963.316	454.57  
963.678	335.84  
964.041	482.51  
964.403	349.8   
964.765	340.49  
965.128	380.07  
965.49	414.99   
965.852	370.76  
966.214	352.13  
966.576	305.57  
966.938	356.79  
967.299	333.51  
967.661	403.35  
968.023	440.6   
968.384	333.51  
968.746	438.27  
969.107	394.04  
969.469	391.71  
969.83	396.37   
970.191	394.04  
970.552	428.96  
970.913	442.93  
971.274	405.68  
971.635	380.07  
971.996	382.4   
972.357	359.12  
972.718	403.35  
973.078	398.7   
973.439	445.26  
973.8	433.62    
974.16	426.63   
974.52	405.68   
974.881	421.98  
975.241	389.38  
975.601	384.73  
975.961	380.07  
976.321	445.26  
976.681	424.3   
977.041	389.38  
977.401	401.02  
977.76	412.66   
978.12	352.13   
978.48	352.13   
978.839	463.88  
979.199	391.71  
979.558	391.71  
979.917	449.91  
980.277	426.63  
980.636	459.23  
980.995	428.96  
981.354	470.87  
981.713	373.09  
982.072	389.38  
982.43	377.74   
982.789	438.27  
983.148	426.63  
983.506	382.4   
983.865	375.41  
984.223	389.38  
984.582	382.4   
984.94	473.2    
985.298	503.46  
985.656	503.46  
986.015	380.07  
986.373	456.9   
986.731	384.73  
987.088	363.77  
987.446	373.09  
987.804	356.79  
988.162	401.02  
988.519	377.74  
988.877	405.68  
989.234	340.49  
989.591	461.56  
989.949	391.71  
990.306	333.51  
990.663	408.01  
991.02	380.07   
991.377	347.48  
991.734	414.99  
992.091	389.38  
992.448	389.38  
992.805	384.73  
993.161	354.46  
993.518	342.82  
993.874	352.13  
994.231	408.01  
994.587	387.05  
994.943	391.71  
995.3	408.01    
995.656	408.01  
996.012	352.13  
996.368	366.1   
996.724	438.27  
997.08	412.66   
997.435	380.07  
997.791	431.29  
998.147	405.68  
998.502	414.99  
998.858	410.34  
999.213	384.73  
999.569	414.99  
999.924	342.82  
1000.279	347.48 
1000.634	373.09 
1000.989	345.15 
1001.344	380.07 
1001.699	366.1  
1002.054	345.15 
1002.409	387.05 
1002.764	382.4  
1003.118	389.38 
1003.473	405.68 
1003.827	289.27 
1004.182	403.35 
1004.536	391.71 
1004.89	431.29  
1005.245	431.29 
1005.599	377.74 
1005.953	410.34 
1006.307	414.99 
1006.661	359.12 
1007.015	410.34 
1007.368	417.32 
1007.722	401.02 
1008.076	435.95 
1008.429	366.1  
1008.783	326.52 
1009.136	403.35 
1009.489	442.93 
1009.843	361.44 
1010.196	396.37 
1010.549	433.62 
1010.902	382.4  
1011.255	398.7  
1011.608	473.2  
1011.961	440.6  
1012.313	421.98 
1012.666	405.68 
1013.019	435.95 
1013.371	421.98 
1013.724	377.74 
1014.076	391.71 
1014.428	463.88 
1014.781	445.26 
1015.133	396.37 
1015.485	356.79 
1015.837	363.77 
1016.189	403.35 
1016.541	380.07 
1016.893	384.73 
1017.244	401.02 
1017.596	391.71 
1017.947	428.96 
1018.299	398.7  
1018.65	354.46  
1019.002	424.3  
1019.353	433.62 
1019.704	396.37 
1020.055	263.66 
1020.407	312.55 
1020.758	440.6  
1021.108	426.63 
1021.459	417.32 
1021.81	428.96  
1022.161	403.35 
1022.511	359.12 
1022.862	449.91 
1023.213	366.1  
1023.563	401.02 
1023.913	382.4  
1024.264	356.79 
1024.614	396.37 
1024.964	433.62 
1025.314	363.77 
1025.664	284.62 
1026.014	363.77 
1026.364	361.44 
1026.713	394.04 
1027.063	405.68 
1027.413	375.41 
1027.762	298.58 
1028.112	445.26 
1028.461	401.02 
1028.81	347.48  
1029.16	405.68  
1029.509	368.43 
1029.858	394.04 
1030.207	368.43 
1030.556	387.05 
1030.905	501.13 
1031.254	384.73 
1031.602	424.3  
1031.951	352.13 
1032.3	356.79   
1032.648	421.98 
1032.996	421.98 
1033.345	421.98 