187.879	-101.27 
188.346	-101.27 
188.813	-101.27 
189.28	-84.98   
189.747	-161.81 
190.214	-43.07  
190.681	-89.63  
191.148	-105.93 
191.614	-19.79  
192.081	-36.09  
192.548	-68.68  
193.014	-8.15   
193.481	-26.77  
193.948	-80.32  
194.414	26.77   
194.881	-12.8   
195.347	129.21  
195.813	45.4    
196.28	94.29    
196.746	64.02   
197.212	131.54  
197.678	133.87  
198.145	119.9   
198.611	199.06  
199.077	199.06  
199.543	208.37  
200.009	271.23  
200.475	292.18  
200.941	243.29  
201.407	350.39  
201.873	261.92  
202.338	296.84  
202.804	294.51  
203.27	282.87   
203.735	378.32  
204.201	413.25  
204.667	441.18  
205.132	345.73  
205.598	355.04  
206.063	424.89  
206.529	355.04  
206.994	378.32  
207.459	366.68  
207.925	417.9   
208.39	434.2    
208.855	417.9   
209.32	303.82   
209.785	327.1   
210.25	371.34   
210.715	387.64  
211.18	371.34   
211.645	410.92  
212.11	399.28   
212.575	366.68  
213.04	378.32   
213.504	389.96  
213.969	380.65  
214.434	357.37  
214.899	275.89  
215.363	382.98  
215.828	352.71  
216.292	310.81  
216.757	406.26  
217.221	373.67  
217.685	525     
218.15	366.68   
218.614	359.7   
219.078	345.73  
219.542	343.4   
220.007	401.61  
220.471	359.7   
220.935	378.32  
221.399	329.43  
221.863	338.75  
222.327	417.9   
222.791	345.73  
223.254	382.98  
223.718	369.01  
224.182	299.17  
224.646	329.43  
225.109	352.71  
225.573	348.06  
226.037	317.79  
226.5	376       
226.964	299.17  
227.427	376     
227.89	378.32   
228.354	431.87  
228.817	429.54  
229.28	352.71   
229.744	364.35  
230.207	373.67  
230.67	392.29   
231.133	343.4   
231.596	324.78  
232.059	301.49  
232.522	362.03  
232.985	408.59  
233.448	343.4   
233.911	399.28  
234.374	369.01  
234.836	389.96  
235.299	324.78  
235.762	352.71  
236.224	352.71  
236.687	373.67  
237.149	362.03  
237.612	399.28  
238.074	385.31  
238.537	408.59  
238.999	399.28  
239.461	389.96  
239.924	399.28  
240.386	434.2   
240.848	357.37  
241.31	366.68   
241.772	376     
242.234	362.03  
242.696	406.26  
243.158	378.32  
243.62	382.98   
244.082	406.26  
244.544	306.15  
245.006	396.95  
245.468	443.51  
245.929	371.34  
246.391	378.32  
246.852	385.31  
247.314	322.45  
247.776	415.57  
248.237	315.46  
248.698	331.76  
249.16	378.32   
249.621	373.67  
250.082	313.14  
250.544	380.65  
251.005	401.61  
251.466	373.67  
251.927	357.37  
252.388	373.67  
252.849	487.75  
253.31	403.93   
253.771	385.31  
254.232	396.95  
254.693	352.71  
255.154	382.98  
255.615	406.26  
256.075	415.57  
256.536	462.14  
256.997	366.68  
257.457	445.84  
257.918	443.51  
258.378	401.61  
258.839	434.2   
259.299	350.39  
259.759	385.31  
260.22	415.57   
260.68	427.21   
261.14	369.01   
261.6	382.98    
262.06	327.1    
262.521	396.95  
262.981	389.96  
263.441	415.57  
263.901	427.21  
264.36	441.18   
264.82	429.54   
265.28	427.21   
265.74	387.64   
266.2	380.65    
266.659	373.67  
267.119	385.31  
267.579	389.96  
268.038	406.26  
268.498	324.78  
268.957	399.28  
269.416	406.26  
269.876	389.96  
270.335	378.32  
270.794	427.21  
271.254	357.37  
271.713	382.98  
272.172	357.37  
272.631	462.14  
273.09	450.5    
273.549	476.11  
274.008	371.34  
274.467	336.42  
274.926	401.61  
275.385	434.2   
275.843	431.87  
276.302	431.87  
276.761	403.93  
277.22	329.43   
277.678	331.76  
278.137	420.23  
278.595	420.23  
279.054	378.32  
279.512	387.64  
279.97	294.51   
280.429	371.34  
280.887	324.78  
281.345	420.23  
281.803	373.67  
282.262	392.29  
282.72	357.37   
283.178	436.53  
283.636	371.34  
284.094	408.59  
284.552	399.28  
285.01	369.01   
285.467	436.53  
285.925	362.03  
286.383	399.28  
286.841	478.43  
287.298	452.82  
287.756	450.5   
288.213	408.59  
288.671	473.78  
289.128	341.07  
289.586	345.73  
290.043	429.54  
290.5	417.9     
290.958	371.34  
291.415	438.86  
291.872	403.93  
292.329	422.56  
292.786	399.28  
293.243	394.62  
293.7	348.06    
294.157	373.67  
294.614	490.07  
295.071	399.28  
295.528	369.01  
295.985	434.2   
296.441	408.59  
296.898	373.67  
297.355	427.21  
297.811	401.61  
298.268	355.04  
298.724	324.78  
299.181	366.68  
299.637	385.31  
300.094	329.43  
300.55	315.46   
301.006	366.68  
301.462	359.7   
301.919	438.86  
302.375	401.61  
302.831	441.18  
303.287	471.45  
303.743	396.95  
304.199	338.75  
304.655	376     
305.11	410.92   
305.566	401.61  
306.022	415.57  
306.478	396.95  
306.933	410.92  
307.389	501.72  
307.845	403.93  
308.3	378.32    
308.756	452.82  
309.211	464.47  
309.666	371.34  
310.122	392.29  
310.577	401.61  
311.032	424.89  
311.487	366.68  
311.943	385.31  
312.398	389.96  
312.853	376     
313.308	448.17  
313.763	364.35  
314.218	434.2   
314.672	385.31  
315.127	392.29  
315.582	371.34  
316.037	469.12  
316.492	401.61  
316.946	480.76  
317.401	417.9   
317.855	413.25  
318.31	401.61   
318.764	389.96  
319.219	438.86  
319.673	492.4   
320.127	410.92  
320.582	376     
321.036	511.03  
321.49	389.96   
321.944	399.28  
322.398	371.34  
322.852	471.45  
323.306	408.59  
323.76	385.31   
324.214	422.56  
324.668	492.4   
325.122	462.14  
325.575	399.28  
326.029	415.57  
326.483	452.82  
326.936	427.21  
327.39	373.67   
327.843	427.21  
328.297	420.23  
328.75	424.89   
329.204	445.84  
329.657	394.62  
330.11	366.68   
330.564	455.15  
331.017	406.26  
331.47	431.87   
331.923	410.92  
332.376	396.95  
332.829	427.21  
333.282	452.82  
333.735	438.86  
334.188	450.5   
334.641	396.95  
335.093	413.25  
335.546	457.48  
335.999	464.47  
336.451	369.01  
336.904	406.26  
337.356	466.79  
337.809	445.84  
338.261	357.37  
338.714	410.92  
339.166	369.01  
339.618	389.96  
340.07	376      
340.523	443.51  
340.975	376     
341.427	424.89  
341.879	422.56  
342.331	415.57  
342.783	373.67  
343.235	382.98  
343.687	373.67  
344.138	429.54  
344.59	369.01   
345.042	436.53  
345.494	445.84  
345.945	492.4   
346.397	413.25  
346.848	401.61  
347.3	487.75    
347.751	427.21  
348.203	394.62  
348.654	369.01  
349.105	501.72  
349.556	485.42  
350.008	427.21  
350.459	443.51  
350.91	382.98   
351.361	441.18  
351.812	459.81  
352.263	422.56  
352.714	429.54  
353.165	417.9   
353.615	438.86  
354.066	471.45  
354.517	476.11  
354.968	487.75  
355.418	441.18  
355.869	427.21  
356.319	429.54  
356.77	459.81   
357.22	466.79   
357.671	382.98  
358.121	436.53  
358.571	534.31  
359.021	387.64  
359.472	436.53  
359.922	445.84  
360.372	455.15  
360.822	406.26  
361.272	401.61  
361.722	403.93  
362.172	464.47  
362.622	464.47  
363.071	485.42  
363.521	483.09  
363.971	457.48  
364.42	413.25   
364.87	417.9    
365.32	487.75   
365.769	441.18  
366.219	492.4   
366.668	462.14  
367.117	497.06  
367.567	508.7   
368.016	504.04  
368.465	445.84  
368.914	485.42  
369.363	545.95  
369.812	457.48  
370.261	445.84  
370.71	613.47   
371.159	552.93  
371.608	634.42  
372.057	538.97  
372.506	590.19  
372.955	594.84  
373.403	667.01  
373.852	674     
374.301	771.78  
374.749	741.51  
375.198	874.22  
375.646	927.77  
376.094	946.39  
376.543	981.31  
376.991	1095.39 
377.439	1190.85 
377.887	1276.99 
378.336	1370.11 
378.784	1612.24 
379.232	1761.24 
379.68	1921.89  
380.128	2042.95 
380.576	2271.11 
381.023	2597.05 
381.471	2936.96 
381.919	3153.47 
382.367	3674.98 
382.814	4045.15 
383.262	4450.25 
383.71	5081.18  
384.157	5649.25 
384.605	6208    
385.052	6873.85 
385.499	7784.16 
385.947	8852.78 
386.394	9770.07 
386.841	10827.05
387.288	12244.89
387.735	13492.77
388.182	14966.49
388.63	17157.28 
389.076	18649.62
389.523	21101.16
389.97	23261.68 
390.417	25659.67
390.864	28497.68
391.311	31575.49
391.757	34734.78
392.204	38059.38
392.651	41363.02
393.097	44494.37
393.544	47621.08
393.99	50412.52 
394.436	52130.7 
394.883	54014.17
395.329	55315.6 
395.775	56272.47
396.221	56961.6 
396.668	56982.55
397.114	56647.3 
397.56	56605.39 
398.006	55606.62
398.452	54498.42
398.897	52968.83
399.343	50775.71
399.789	48352.11
400.235	45178.85
400.681	42031.2 
401.126	38720.57
401.572	35277.24
402.017	33137.68
402.463	30495.23
402.908	28055.33
403.354	26437.27
403.799	25119.54
404.244	23622.54
404.689	22835.63
405.135	21597.05
405.58	20691.4  
406.025	19771.79
406.47	19497.06 
406.915	18651.95
407.36	17911.6  
407.805	16887.21
408.25	16412.27 
408.694	15655.62
409.139	14777.91
409.584	13779.14
410.029	13392.66
410.473	12345   
410.918	11681.48
411.362	10782.81
411.807	9849.22 
412.251	8985.48 
412.695	8410.43 
413.14	7860.99  
413.584	6978.62 
414.028	6608.44 
414.472	6131.17 
414.916	5875.08 
415.36	5307.01  
415.804	5155.68 
416.248	4853.02 
416.692	4624.86 
417.136	4273.31 
417.58	4091.72  
418.024	3940.39 
418.467	3863.56 
418.911	3688.95 
419.355	3477.09 
419.798	3349.04 
420.242	3165.12 
420.685	3067.33 
421.128	2881.08 
421.572	2725.1  
422.015	2664.56 
422.458	2471.33 
422.902	2394.5  
423.345	2264.12 
423.788	2133.75 
424.231	2047.6  
424.674	1872.99 
425.117	1749.6  
425.56	1661.13  
426.003	1614.57 
426.445	1442.29 
426.888	1451.6  
427.331	1367.79 
427.773	1332.86 
428.216	1300.27 
428.659	1181.53 
429.101	1097.72 
429.543	1116.35 
429.986	1083.75 
430.428	992.95  
430.87	1009.25  
431.313	948.72  
431.755	967.34  
432.197	927.77  
432.639	895.17  
433.081	853.27  
433.523	818.34  
433.965	776.44  
434.407	769.45  
434.849	720.56  
435.291	792.73  
435.732	678.65  
436.174	778.77  
436.616	736.86  
437.057	690.3   
437.499	683.31  
437.94	641.4    
438.382	620.45  
438.823	636.75  
439.264	660.03  
439.706	615.79  
440.147	548.28  
440.588	569.23  
441.029	587.86  
441.47	594.84   
441.911	525     
442.352	525     
442.793	464.47  
443.234	483.09  
443.675	529.65  
444.116	536.64  
444.556	531.98  
444.997	520.34  
445.438	473.78  
445.878	515.68  
446.319	462.14  
446.759	441.18  
447.199	478.43  
447.64	469.12   
448.08	494.73   
448.52	545.95   
448.961	518.01  
449.401	531.98  
449.841	448.17  
450.281	441.18  
450.721	499.39  
451.161	471.45  
451.601	492.4   
452.041	362.03  
452.48	480.76   
452.92	438.86   
453.36	438.86   
453.799	501.72  
454.239	469.12  
454.679	480.76  
455.118	483.09  
455.557	464.47  
455.997	473.78  
456.436	494.73  
456.875	452.82  
457.315	478.43  
457.754	483.09  
458.193	487.75  
458.632	515.68  
459.071	424.89  
459.51	457.48   
459.949	431.87  
460.388	410.92  
460.827	485.42  
461.265	373.67  
461.704	483.09  
462.143	480.76  
462.581	469.12  
463.02	413.25   
463.458	445.84  
463.897	492.4   
464.335	429.54  
464.774	406.26  
465.212	457.48  
465.65	352.71   
466.088	348.06  
466.527	501.72  
466.965	494.73  
467.403	497.06  
467.841	487.75  
468.279	452.82  
468.716	436.53  
469.154	436.53  
469.592	415.57  
470.03	438.86   
470.467	359.7   
470.905	483.09  
471.343	506.37  
471.78	438.86   
472.218	455.15  
472.655	466.79  
473.092	417.9   
473.53	373.67   
473.967	427.21  
474.404	436.53  
474.841	441.18  
475.278	459.81  
475.716	422.56  
476.153	403.93  
476.589	469.12  
477.026	378.32  
477.463	410.92  
477.9	513.36    
478.337	438.86  
478.773	373.67  
479.21	499.39   
479.647	469.12  
480.083	436.53  
480.52	445.84   
480.956	408.59  
481.392	410.92  
481.829	396.95  
482.265	408.59  
482.701	450.5   
483.137	441.18  
483.574	413.25  
484.01	387.64   
484.446	445.84  
484.882	466.79  
485.317	420.23  
485.753	443.51  
486.189	294.51  
486.625	450.5   
487.061	427.21  
487.496	389.96  
487.932	457.48  
488.367	387.64  
488.803	401.61  
489.238	473.78  
489.674	450.5   
490.109	436.53  
490.544	476.11  
490.979	534.31  
491.415	483.09  
491.85	434.2    
492.285	436.53  
492.72	431.87   
493.155	392.29  
493.59	469.12   
494.024	392.29  
494.459	352.71  
494.894	392.29  
495.329	362.03  
495.763	448.17  
496.198	455.15  
496.632	445.84  
497.067	436.53  
497.501	483.09  
497.936	492.4   
498.37	459.81   
498.804	441.18  
499.238	385.31  
499.673	422.56  
500.107	413.25  
500.541	406.26  
500.975	434.2   
501.409	429.54  
501.843	438.86  
502.277	429.54  
502.71	448.17   
503.144	457.48  
503.578	408.59  
504.011	413.25  
504.445	362.03  
504.878	487.75  
505.312	385.31  
505.745	450.5   
506.179	369.01  
506.612	497.06  
507.045	424.89  
507.479	387.64  
507.912	457.48  
508.345	494.73  
508.778	420.23  
509.211	396.95  
509.644	415.57  
510.077	450.5   
510.509	441.18  
510.942	399.28  
511.375	420.23  
511.808	429.54  
512.24	415.57   
512.673	480.76  
513.105	413.25  
513.538	455.15  
513.97	450.5    
514.403	438.86  
514.835	490.07  
515.267	466.79  
515.699	441.18  
516.131	369.01  
516.564	422.56  
516.996	452.82  
517.428	427.21  
517.859	466.79  
518.291	438.86  
518.723	448.17  
519.155	429.54  
519.587	399.28  
520.018	422.56  
520.45	408.59   
520.881	455.15  
521.313	399.28  
521.744	408.59  
522.176	429.54  
522.607	483.09  
523.038	436.53  
523.47	441.18   
523.901	389.96  
524.332	343.4   
524.763	464.47  
525.194	473.78  
525.625	452.82  
526.056	389.96  
526.487	478.43  
526.917	436.53  
527.348	511.03  
527.779	420.23  
528.21	394.62   
528.64	434.2    
529.071	394.62  
529.501	436.53  
529.932	394.62  
530.362	424.89  
530.792	485.42  
531.222	424.89  
531.653	450.5   
532.083	387.64  
532.513	378.32  
532.943	445.84  
533.373	415.57  
533.803	396.95  
534.233	401.61  
534.663	443.51  
535.092	464.47  
535.522	443.51  
535.952	485.42  
536.381	380.65  
536.811	443.51  
537.24	455.15   
537.67	448.17   
538.099	445.84  
538.529	427.21  
538.958	410.92  
539.387	366.68  
539.816	366.68  
540.245	422.56  
540.674	450.5   
541.103	431.87  
541.532	438.86  
541.961	462.14  
542.39	466.79   
542.819	434.2   
543.248	387.64  
543.676	403.93  
544.105	387.64  
544.534	492.4   
544.962	410.92  
545.391	401.61  
545.819	462.14  
546.247	378.32  
546.676	394.62  
547.104	459.81  
547.532	492.4   
547.96	350.39   
548.388	378.32  
548.816	410.92  
549.244	410.92  
549.672	371.34  
550.1	434.2     
550.528	387.64  
550.956	399.28  
551.383	413.25  
551.811	436.53  
552.238	504.04  
552.666	452.82  
553.094	427.21  
553.521	378.32  
553.948	436.53  
554.376	436.53  
554.803	429.54  
555.23	408.59   
555.657	401.61  
556.084	380.65  
556.511	487.75  
556.938	427.21  
557.365	450.5   
557.792	376     
558.219	441.18  
558.646	448.17  
559.072	417.9   
559.499	392.29  
559.926	392.29  
560.352	480.76  
560.779	459.81  
561.205	436.53  
561.632	422.56  
562.058	329.43  
562.484	443.51  
562.91	420.23   
563.337	380.65  
563.763	369.01  
564.189	420.23  
564.615	369.01  
565.041	431.87  
565.466	413.25  
565.892	401.61  
566.318	441.18  
566.744	466.79  
567.169	359.7   
567.595	448.17  
568.021	389.96  
568.446	392.29  
568.872	417.9   
569.297	434.2   
569.722	362.03  
570.148	380.65  
570.573	394.62  
570.998	431.87  
571.423	331.76  
571.848	399.28  
572.273	436.53  
572.698	485.42  
573.123	387.64  
573.548	462.14  
573.973	455.15  
574.397	422.56  
574.822	408.59  
575.247	420.23  
575.671	508.7   
576.096	445.84  
576.52	401.61   
576.944	464.47  
577.369	366.68  
577.793	420.23  
578.217	450.5   
578.641	492.4   
579.065	403.93  
579.49	452.82   
579.914	487.75  
580.337	429.54  
580.761	389.96  
581.185	494.73  
581.609	429.54  
582.033	504.04  
582.456	436.53  
582.88	436.53   
583.303	403.93  
583.727	422.56  
584.15	362.03   
584.574	413.25  
584.997	376     
585.42	387.64   
585.844	387.64  
586.267	455.15  
586.69	420.23   
587.113	508.7   
587.536	410.92  
587.959	382.98  
588.382	427.21  
588.804	394.62  
589.227	410.92  
589.65	464.47   
590.073	362.03  
590.495	343.4   
590.918	480.76  
591.34	385.31   
591.763	376     
592.185	413.25  
592.607	371.34  
593.03	392.29   
593.452	369.01  
593.874	490.07  
594.296	434.2   
594.718	436.53  
595.14	441.18   
595.562	401.61  
595.984	448.17  
596.406	415.57  
596.827	422.56  
597.249	415.57  
597.671	408.59  
598.092	455.15  
598.514	359.7   
598.935	387.64  
599.357	308.48  
599.778	422.56  
600.199	380.65  
600.621	373.67  
601.042	476.11  
601.463	403.93  
601.884	355.04  
602.305	362.03  
602.726	403.93  
603.147	296.84  
603.568	429.54  
603.988	417.9   
604.409	376     
604.83	355.04   
605.25	376      
605.671	385.31  
606.092	417.9   
606.512	401.61  
606.932	427.21  
607.353	373.67  
607.773	406.26  
608.193	445.84  
608.613	394.62  
609.034	450.5   
609.454	436.53  
609.874	396.95  
610.293	343.4   
610.713	410.92  
611.133	387.64  
611.553	431.87  
611.973	331.76  
612.392	422.56  
612.812	403.93  
613.231	317.79  
613.651	429.54  
614.07	424.89   
614.49	476.11   
614.909	480.76  
615.328	478.43  
615.747	399.28  
616.167	392.29  
616.586	394.62  
617.005	448.17  
617.424	490.07  
617.843	408.59  
618.261	394.62  
618.68	396.95   
619.099	422.56  
619.518	429.54  
619.936	357.37  
620.355	415.57  
620.773	448.17  
621.192	410.92  
621.61	422.56   
622.029	415.57  
622.447	410.92  
622.865	389.96  
623.283	394.62  
623.701	406.26  
624.119	401.61  
624.537	431.87  
624.955	431.87  
625.373	345.73  
625.791	406.26  
626.209	403.93  
626.627	382.98  
627.044	457.48  
627.462	362.03  
627.879	424.89  
628.297	448.17  
628.714	371.34  
629.132	366.68  
629.549	348.06  
629.966	387.64  
630.383	371.34  
630.8	413.25    
631.217	410.92  
631.634	452.82  
632.051	373.67  
632.468	469.12  
632.885	355.04  
633.302	478.43  
633.719	452.82  
634.135	543.62  
634.552	396.95  
634.969	348.06  
635.385	462.14  
635.801	434.2   
636.218	355.04  
636.634	382.98  
637.05	373.67   
637.467	369.01  
637.883	406.26  
638.299	366.68  
638.715	427.21  
639.131	362.03  
639.547	373.67  
639.963	369.01  
640.378	392.29  
640.794	417.9   
641.21	352.71   
641.626	399.28  
642.041	438.86  
642.457	399.28  
642.872	422.56  
643.287	417.9   
643.703	403.93  
644.118	338.75  
644.533	376     
644.948	369.01  
645.364	343.4   
645.779	429.54  
646.194	327.1   
646.609	401.61  
647.023	364.35  
647.438	417.9   
647.853	427.21  
648.268	417.9   
648.682	483.09  
649.097	315.46  
649.511	469.12  
649.926	310.81  
650.34	417.9    
650.755	366.68  
651.169	338.75  
651.583	378.32  
651.997	355.04  
652.411	385.31  
652.825	466.79  
653.239	396.95  
653.653	289.85  
654.067	376     
654.481	345.73  
654.895	380.65  
655.309	429.54  
655.722	394.62  
656.136	443.51  
656.549	403.93  
656.963	385.31  
657.376	403.93  
657.79	378.32   
658.203	369.01  
658.616	364.35  
659.029	345.73  
659.442	387.64  
659.855	415.57  
660.268	387.64  
660.681	464.47  
661.094	380.65  
661.507	406.26  
661.92	345.73   
662.333	364.35  
662.745	389.96  
663.158	362.03  
663.57	336.42   
663.983	385.31  
664.395	399.28  
664.808	343.4   
665.22	315.46   
665.632	362.03  
666.044	322.45  
666.456	413.25  
666.868	366.68  
667.28	366.68   
667.692	389.96  
668.104	382.98  
668.516	350.39  
668.928	373.67  
669.34	364.35   
669.751	362.03  
670.163	371.34  
670.574	462.14  
670.986	357.37  
671.397	366.68  
671.809	389.96  
672.22	376      
672.631	387.64  
673.042	382.98  
673.453	415.57  
673.864	469.12  
674.275	364.35  
674.686	424.89  
675.097	362.03  
675.508	364.35  
675.919	355.04  
676.33	385.31   
676.74	373.67   
677.151	371.34  
677.561	450.5   
677.972	376     
678.382	424.89  
678.792	343.4   
679.203	357.37  
679.613	373.67  
680.023	392.29  
680.433	466.79  
680.843	417.9   
681.253	387.64  
681.663	282.87  
682.073	413.25  
682.483	348.06  
682.893	450.5   
683.302	424.89  
683.712	387.64  
684.122	364.35  
684.531	359.7   
684.94	336.42   
685.35	410.92   
685.759	396.95  
686.168	357.37  
686.578	331.76  
686.987	399.28  
687.396	399.28  
687.805	392.29  
688.214	396.95  
688.623	392.29  
689.032	338.75  
689.44	380.65   
689.849	422.56  
690.258	457.48  
690.666	371.34  
691.075	438.86  
691.484	357.37  
691.892	415.57  
692.3	431.87    
692.709	338.75  
693.117	343.4   
693.525	396.95  
693.933	373.67  
694.341	490.07  
694.749	424.89  
695.157	343.4   
695.565	429.54  
695.973	371.34  
696.381	336.42  
696.788	466.79  
697.196	436.53  
697.604	366.68  
698.011	427.21  
698.419	436.53  
698.826	436.53  
699.234	399.28  
699.641	331.76  
700.048	362.03  
700.455	334.09  
700.862	389.96  
701.269	389.96  
701.676	378.32  
702.083	427.21  
702.49	357.37   
702.897	408.59  
703.304	343.4   
703.71	359.7    
704.117	422.56  
704.524	336.42  
704.93	464.47   
705.337	385.31  
705.743	331.76  
706.149	396.95  
706.556	389.96  
706.962	394.62  
707.368	424.89  
707.774	373.67  
708.18	387.64   
708.586	399.28  
708.992	443.51  
709.398	415.57  
709.804	380.65  
710.209	415.57  
710.615	445.84  
711.021	406.26  
711.426	382.98  
711.832	362.03  
712.237	443.51  
712.642	413.25  
713.048	420.23  
713.453	348.06  
713.858	417.9   
714.263	387.64  
714.668	392.29  
715.073	371.34  
715.478	401.61  
715.883	506.37  
716.288	406.26  
716.693	376     
717.097	385.31  
717.502	417.9   
717.906	382.98  
718.311	369.01  
718.715	406.26  
719.12	387.64   
719.524	352.71  
719.928	399.28  
720.333	420.23  
720.737	434.2   
721.141	378.32  
721.545	380.65  
721.949	357.37  
722.353	441.18  
722.757	448.17  
723.16	345.73   
723.564	362.03  
723.968	415.57  
724.371	401.61  
724.775	362.03  
725.178	389.96  
725.582	417.9   
725.985	415.57  
726.388	362.03  
726.792	399.28  
727.195	366.68  
727.598	389.96  
728.001	420.23  
728.404	464.47  
728.807	417.9   
729.21	401.61   
729.612	464.47  
730.015	455.15  
730.418	394.62  
730.82	394.62   
731.223	376     
731.625	357.37  
732.028	352.71  
732.43	392.29   
732.833	327.1   
733.235	350.39  
733.637	350.39  
734.039	334.09  
734.441	376     
734.843	399.28  
735.245	378.32  
735.647	359.7   
736.049	366.68  
736.451	406.26  
736.852	376     
737.254	410.92  
737.655	452.82  
738.057	415.57  
738.458	369.01  
738.86	462.14   
739.261	427.21  
739.662	401.61  
740.064	373.67  
740.465	434.2   
740.866	373.67  
741.267	371.34  
741.668	389.96  
742.069	399.28  
742.469	364.35  
742.87	450.5    
743.271	394.62  
743.672	427.21  
744.072	371.34  
744.473	413.25  
744.873	401.61  
745.274	471.45  
745.674	413.25  
746.074	436.53  
746.474	396.95  
746.875	403.93  
747.275	364.35  
747.675	424.89  
748.075	389.96  
748.474	466.79  
748.874	392.29  
749.274	371.34  
749.674	378.32  
750.073	376     
750.473	427.21  
750.873	431.87  
751.272	478.43  
751.671	327.1   
752.071	401.61  
752.47	441.18   
752.869	401.61  
753.268	396.95  
753.668	403.93  
754.067	362.03  
754.466	387.64  
754.864	441.18  
755.263	331.76  
755.662	350.39  
756.061	413.25  
756.459	406.26  
756.858	373.67  
757.257	331.76  
757.655	392.29  
758.053	452.82  
758.452	466.79  
758.85	408.59   
759.248	443.51  
759.646	403.93  
760.045	331.76  
760.443	385.31  
760.841	296.84  
761.238	350.39  
761.636	378.32  
762.034	392.29  
762.432	396.95  
762.829	469.12  
763.227	396.95  
763.625	434.2   
764.022	427.21  
764.419	434.2   
764.817	369.01  
765.214	378.32  
765.611	420.23  
766.008	413.25  
766.406	345.73  
766.803	420.23  
767.199	392.29  
767.596	376     
767.993	406.26  
768.39	408.59   
768.787	380.65  
769.183	376     
769.58	401.61   
769.977	424.89  
770.373	366.68  
770.769	385.31  
771.166	350.39  
771.562	459.81  
771.958	271.23  
772.354	387.64  
772.75	364.35   
773.146	387.64  
773.542	350.39  
773.938	352.71  
774.334	373.67  
774.73	422.56   
775.126	401.61  
775.521	359.7   
775.917	389.96  
776.312	362.03  
776.708	345.73  
777.103	338.75  
777.499	392.29  
777.894	459.81  
778.289	413.25  
778.684	436.53  
779.079	396.95  
779.474	343.4   
779.869	359.7   
780.264	499.39  
780.659	399.28  
781.054	396.95  
781.448	389.96  
781.843	299.17  
782.238	341.07  
782.632	301.49  
783.027	457.48  
783.421	273.56  
783.815	357.37  
784.21	420.23   
784.604	420.23  
784.998	366.68  
785.392	448.17  
785.786	355.04  
786.18	431.87   
786.574	362.03  
786.968	443.51  
787.361	366.68  
787.755	357.37  
788.149	410.92  
788.542	464.47  
788.936	378.32  
789.329	434.2   
789.722	424.89  
790.116	389.96  
790.509	403.93  
790.902	359.7   
791.295	401.61  
791.688	369.01  
792.081	366.68  
792.474	359.7   
792.867	387.64  
793.26	511.03   
793.653	415.57  
794.045	322.45  
794.438	406.26  
794.83	341.07   
795.223	366.68  
795.615	438.86  
796.008	443.51  
796.4	420.23    
796.792	448.17  
797.184	410.92  
797.576	366.68  
797.968	438.86  
798.36	371.34   
798.752	334.09  
799.144	487.75  
799.536	490.07  
799.928	376     
800.319	376     
800.711	376     
801.102	317.79  
801.494	415.57  
801.885	429.54  
802.276	396.95  
802.668	424.89  
803.059	389.96  
803.45	378.32   
803.841	348.06  
804.232	410.92  
804.623	350.39  
805.014	427.21  
805.405	350.39  
805.795	401.61  
806.186	408.59  
806.577	331.76  
806.967	450.5   
807.358	382.98  
807.748	455.15  
808.139	473.78  
808.529	401.61  
808.919	359.7   
809.309	366.68  
809.699	343.4   
810.089	348.06  
810.479	287.53  
810.869	364.35  
811.259	359.7   
811.649	348.06  
812.039	415.57  
812.428	422.56  
812.818	403.93  
813.207	490.07  
813.597	382.98  
813.986	392.29  
814.376	429.54  
814.765	434.2   
815.154	387.64  
815.543	380.65  
815.932	348.06  
816.321	417.9   
816.71	410.92   
817.099	341.07  
817.488	371.34  
817.877	373.67  
818.265	422.56  
818.654	422.56  
819.043	410.92  
819.431	431.87  
819.819	366.68  
820.208	373.67  
820.596	382.98  
820.984	413.25  
821.372	341.07  
821.761	359.7   
822.149	399.28  
822.537	324.78  
822.924	420.23  
823.312	355.04  
823.7	382.98    
824.088	376     
824.475	422.56  
824.863	417.9   
825.251	403.93  
825.638	338.75  
826.025	415.57  
826.413	424.89  
826.8	329.43    
827.187	364.35  
827.574	369.01  
827.961	406.26  
828.348	369.01  
828.735	285.2   
829.122	362.03  
829.509	452.82  
829.896	345.73  
830.282	373.67  
830.669	420.23  
831.055	371.34  
831.442	355.04  
831.828	394.62  
832.215	413.25  
832.601	483.09  
832.987	371.34  
833.373	403.93  
833.759	396.95  
834.145	378.32  
834.531	362.03  
834.917	403.93  
835.303	387.64  
835.689	392.29  
836.074	396.95  
836.46	422.56   
836.846	392.29  
837.231	378.32  
837.617	380.65  
838.002	396.95  
838.387	401.61  
838.772	422.56  
839.158	438.86  
839.543	441.18  
839.928	406.26  
840.313	371.34  
840.698	401.61  
841.082	366.68  
841.467	392.29  
841.852	359.7   
842.237	306.15  
842.621	427.21  
843.006	401.61  
843.39	348.06   
843.774	406.26  
844.159	497.06  
844.543	348.06  
844.927	376     
845.311	443.51  
845.695	480.76  
846.079	392.29  
846.463	392.29  
846.847	392.29  
847.231	429.54  
847.615	429.54  
847.998	371.34  
848.382	394.62  
848.765	413.25  
849.149	436.53  
849.532	385.31  
849.916	431.87  
850.299	401.61  
850.682	401.61  
851.065	422.56  
851.448	410.92  
851.831	382.98  
852.214	371.34  
852.597	362.03  
852.98	396.95   
853.363	431.87  
853.745	385.31  
854.128	366.68  
854.51	417.9    
854.893	401.61  
855.275	401.61  
855.658	350.39  
856.04	387.64   
856.422	394.62  
856.804	436.53  
857.186	408.59  
857.568	480.76  
857.95	359.7    
858.332	452.82  
858.714	441.18  
859.096	389.96  
859.477	406.26  
859.859	350.39  
860.24	406.26   
860.622	373.67  
861.003	385.31  
861.385	355.04  
861.766	410.92  
862.147	382.98  
862.528	459.81  
862.909	382.98  
863.29	399.28   
863.671	399.28  
864.052	408.59  
864.433	401.61  
864.814	380.65  
865.194	427.21  
865.575	352.71  
865.955	413.25  
866.336	389.96  
866.716	389.96  
867.097	422.56  
867.477	399.28  
867.857	406.26  
868.237	357.37  
868.617	389.96  
868.997	420.23  
869.377	394.62  
869.757	355.04  
870.137	424.89  
870.517	417.9   
870.896	371.34  
871.276	443.51  
871.655	431.87  
872.035	410.92  
872.414	357.37  
872.794	338.75  
873.173	331.76  
873.552	378.32  
873.931	376     
874.31	392.29   
874.689	359.7   
875.068	387.64  
875.447	406.26  
875.826	378.32  
876.205	334.09  
876.583	313.14  
876.962	378.32  
877.341	401.61  
877.719	387.64  
878.097	422.56  
878.476	382.98  
878.854	382.98  
879.232	422.56  
879.61	396.95   
879.988	373.67  
880.366	403.93  
880.744	338.75  
881.122	350.39  
881.5	494.73    
881.878	329.43  
882.255	387.64  
882.633	410.92  
883.011	415.57  
883.388	357.37  
883.765	457.48  
884.143	341.07  
884.52	287.53   
884.897	424.89  
885.274	415.57  
885.651	366.68  
886.028	331.76  
886.405	376     
886.782	313.14  
887.159	429.54  
887.536	359.7   
887.912	401.61  
888.289	378.32  
888.665	341.07  
889.042	310.81  
889.418	401.61  
889.794	417.9   
890.171	452.82  
890.547	396.95  
890.923	415.57  
891.299	422.56  
891.675	413.25  
892.051	350.39  
892.427	396.95  
892.803	364.35  
893.178	410.92  
893.554	396.95  
893.929	364.35  
894.305	331.76  
894.68	450.5    
895.056	348.06  
895.431	401.61  
895.806	357.37  
896.181	392.29  
896.557	448.17  
896.932	359.7   
897.307	352.71  
897.681	355.04  
898.056	399.28  
898.431	385.31  
898.806	382.98  
899.18	362.03   
899.555	357.37  
899.929	450.5   
900.304	424.89  
900.678	357.37  
901.052	371.34  
901.427	364.35  
901.801	359.7   
902.175	443.51  
902.549	429.54  
902.923	413.25  
903.297	389.96  
903.67	420.23   
904.044	434.2   
904.418	408.59  
904.791	378.32  
905.165	459.81  
905.538	329.43  
905.912	415.57  
906.285	399.28  
906.658	401.61  
907.032	369.01  
907.405	396.95  
907.778	378.32  
908.151	380.65  
908.524	380.65  
908.896	369.01  
909.269	327.1   
909.642	392.29  
910.015	385.31  
910.387	408.59  
910.76	424.89   
911.132	376     
911.504	371.34  
911.877	331.76  
912.249	394.62  
912.621	434.2   
912.993	364.35  
913.365	385.31  
913.737	457.48  
914.109	387.64  
914.481	355.04  
914.853	324.78  
915.224	424.89  
915.596	455.15  
915.968	355.04  
916.339	455.15  
916.71	343.4    
917.082	359.7   
917.453	338.75  
917.824	413.25  
918.195	357.37  
918.566	329.43  
918.937	345.73  
919.308	359.7   
919.679	434.2   
920.05	387.64   
920.421	378.32  
920.791	408.59  
921.162	327.1   
921.532	424.89  
921.903	392.29  
922.273	392.29  
922.644	389.96  
923.014	385.31  
923.384	415.57  
923.754	394.62  
924.124	366.68  
924.494	380.65  
924.864	350.39  
925.234	364.35  
925.604	401.61  
925.973	317.79  
926.343	366.68  
926.712	331.76  
927.082	399.28  
927.451	394.62  
927.821	394.62  
928.19	392.29   
928.559	350.39  
928.928	371.34  
929.297	382.98  
929.666	434.2   
930.035	422.56  
930.404	359.7   
930.773	352.71  
931.142	389.96  
931.51	382.98   
931.879	373.67  
932.247	406.26  
932.616	362.03  
932.984	357.37  
933.353	445.84  
933.721	385.31  
934.089	420.23  
934.457	389.96  
934.825	355.04  
935.193	413.25  
935.561	369.01  
935.929	357.37  
936.296	338.75  
936.664	422.56  
937.032	438.86  
937.399	369.01  
937.767	406.26  
938.134	355.04  
938.501	382.98  
938.869	389.96  
939.236	373.67  
939.603	420.23  
939.97	413.25   
940.337	436.53  
940.704	403.93  
941.071	399.28  
941.438	408.59  
941.804	308.48  
942.171	501.72  
942.538	331.76  
942.904	427.21  
943.27	362.03   
943.637	408.59  
944.003	315.46  
944.369	369.01  
944.735	366.68  
945.102	399.28  
945.468	469.12  
945.833	422.56  
946.199	350.39  
946.565	345.73  
946.931	371.34  
947.296	387.64  
947.662	387.64  
948.028	355.04  
948.393	385.31  
948.758	362.03  
949.124	420.23  
949.489	406.26  
949.854	399.28  
950.219	396.95  
950.584	399.28  
950.949	329.43  
951.314	406.26  
951.679	371.34  
952.044	387.64  
952.408	334.09  
952.773	392.29  
953.137	350.39  
953.502	376     
953.866	331.76  
954.231	389.96  
954.595	427.21  
954.959	373.67  
955.323	387.64  
955.687	364.35  
956.051	329.43  
956.415	469.12  
956.779	408.59  
957.143	369.01  
957.506	376     
957.87	415.57   
958.234	401.61  
958.597	362.03  
958.961	401.61  
959.324	396.95  
959.687	369.01  
960.05	403.93   
960.413	417.9   
960.776	422.56  
961.139	396.95  
961.502	420.23  
961.865	317.79  
962.228	389.96  
962.591	401.61  
962.953	429.54  
963.316	436.53  
963.678	366.68  
964.041	436.53  
964.403	422.56  
964.765	394.62  
965.128	394.62  
965.49	369.01   
965.852	417.9   
966.214	410.92  
966.576	355.04  
966.938	382.98  
967.299	382.98  
967.661	408.59  
968.023	371.34  
968.384	343.4   
968.746	320.12  
969.107	422.56  
969.469	376     
969.83	343.4    
970.191	427.21  
970.552	387.64  
970.913	406.26  
971.274	350.39  
971.635	343.4   
971.996	413.25  
972.357	429.54  
972.718	359.7   
973.078	401.61  
973.439	459.81  
973.8	410.92    
974.16	389.96   
974.52	382.98   
974.881	385.31  
975.241	434.2   
975.601	366.68  
975.961	441.18  
976.321	413.25  
976.681	299.17  
977.041	457.48  
977.401	420.23  
977.76	345.73   
978.12	392.29   
978.48	431.87   
978.839	399.28  
979.199	389.96  
979.558	371.34  
979.917	394.62  
980.277	345.73  
980.636	380.65  
980.995	389.96  
981.354	399.28  
981.713	494.73  
982.072	385.31  
982.43	408.59   
982.789	464.47  
983.148	371.34  
983.506	445.84  
983.865	359.7   
984.223	422.56  
984.582	380.65  
984.94	399.28   
985.298	408.59  
985.656	369.01  
986.015	406.26  
986.373	371.34  
986.731	394.62  
987.088	431.87  
987.446	364.35  
987.804	448.17  
988.162	385.31  
988.519	359.7   
988.877	364.35  
989.234	366.68  
989.591	376     
989.949	308.48  
990.306	378.32  
990.663	403.93  
991.02	401.61   
991.377	322.45  
991.734	389.96  
992.091	438.86  
992.448	341.07  
992.805	380.65  
993.161	373.67  
993.518	352.71  
993.874	408.59  
994.231	387.64  
994.587	459.81  
994.943	403.93  
995.3	413.25    
995.656	371.34  
996.012	471.45  
996.368	355.04  
996.724	415.57  
997.08	341.07   
997.435	357.37  
997.791	369.01  
998.147	403.93  
998.502	369.01  
998.858	369.01  
999.213	480.76  
999.569	448.17  
999.924	369.01  
1000.279	434.2  
1000.634	350.39 
1000.989	322.45 
1001.344	389.96 
1001.699	406.26 
1002.054	336.42 
1002.409	392.29 
1002.764	364.35 
1003.118	394.62 
1003.473	299.17 
1003.827	357.37 
1004.182	380.65 
1004.536	389.96 
1004.89	406.26  
1005.245	315.46 
1005.599	424.89 
1005.953	376    
1006.307	338.75 
1006.661	331.76 
1007.015	394.62 
1007.368	392.29 
1007.722	396.95 
1008.076	396.95 
1008.429	345.73 
1008.783	350.39 
1009.136	436.53 
1009.489	406.26 
1009.843	364.35 
1010.196	376    
1010.549	364.35 
1010.902	334.09 
1011.255	406.26 
1011.608	389.96 
1011.961	420.23 
1012.313	376    
1012.666	366.68 
1013.019	331.76 
1013.371	334.09 
1013.724	348.06 
1014.076	364.35 
1014.428	350.39 
1014.781	369.01 
1015.133	352.71 
1015.485	341.07 
1015.837	394.62 
1016.189	350.39 
1016.541	387.64 
1016.893	436.53 
1017.244	438.86 
1017.596	345.73 
1017.947	327.1  
1018.299	410.92 
1018.65	422.56  
1019.002	385.31 
1019.353	348.06 
1019.704	338.75 
1020.055	357.37 
1020.407	308.48 
1020.758	392.29 
1021.108	420.23 
1021.459	434.2  
1021.81	355.04  
1022.161	445.84 
1022.511	413.25 
1022.862	385.31 
1023.213	480.76 
1023.563	348.06 
1023.913	352.71 
1024.264	406.26 
1024.614	392.29 
1024.964	401.61 
1025.314	373.67 
1025.664	301.49 
1026.014	331.76 
1026.364	417.9  
1026.713	352.71 
1027.063	352.71 
1027.413	424.89 
1027.762	359.7  
1028.112	417.9  
1028.461	371.34 
1028.81	352.71  
1029.16	410.92  
1029.509	378.32 
1029.858	413.25 
1030.207	394.62 
1030.556	334.09 
1030.905	380.65 
1031.254	350.39 
1031.602	392.29 
1031.951	415.57 
1032.3	380.65   
1032.648	394.62 
1032.996	394.62 
1033.345	394.62 