187.879	48.89   
188.346	48.89   
188.813	48.89   
189.28	-9.31    
189.747	-69.84  
190.214	-65.19  
190.681	-69.84  
191.148	-121.06 
191.614	-121.06 
192.081	-67.52  
192.548	-60.53  
193.014	-30.27  
193.481	-13.97  
193.948	-32.59  
194.414	16.3    
194.881	20.95   
195.347	39.58   
195.813	58.2    
196.28	104.77   
196.746	165.3   
197.212	176.94  
197.678	218.85  
198.145	176.94  
198.611	228.16  
199.077	267.74  
199.543	311.97  
200.009	272.39  
200.475	246.78  
200.941	272.39  
201.407	281.71  
201.873	342.24  
202.338	358.53  
202.804	365.52  
203.27	381.82   
203.735	349.22  
204.201	416.74  
204.667	398.11  
205.132	409.75  
205.598	428.38  
206.063	486.58  
206.529	444.68  
206.994	412.08  
207.459	460.97  
207.925	419.07  
208.39	456.32   
208.855	505.21  
209.32	405.1    
209.785	430.71  
210.25	419.07   
210.715	414.41  
211.18	456.32   
211.645	435.36  
212.11	358.53   
212.575	344.57  
213.04	481.93   
213.504	381.82  
213.969	435.36  
214.434	421.39  
214.899	381.82  
215.363	412.08  
215.828	372.5   
216.292	440.02  
216.757	447     
217.221	395.78  
217.685	465.63  
218.15	400.44   
218.614	395.78  
219.078	465.63  
219.542	402.77  
220.007	395.78  
220.471	405.1   
220.935	435.36  
221.399	433.04  
221.863	419.07  
222.327	388.8   
222.791	444.68  
223.254	416.74  
223.718	384.14  
224.182	381.82  
224.646	356.21  
225.109	351.55  
225.573	421.39  
226.037	386.47  
226.5	433.04    
226.964	414.41  
227.427	356.21  
227.89	377.16   
228.354	426.05  
228.817	463.3   
229.28	360.86   
229.744	367.85  
230.207	379.49  
230.67	337.58   
231.133	421.39  
231.596	444.68  
232.059	356.21  
232.522	370.18  
232.985	339.91  
233.448	391.13  
233.911	440.02  
234.374	344.57  
234.836	356.21  
235.299	440.02  
235.762	395.78  
236.224	363.19  
236.687	321.28  
237.149	400.44  
237.612	344.57  
238.074	453.99  
238.537	395.78  
238.999	365.52  
239.461	470.29  
239.924	395.78  
240.386	416.74  
240.848	365.52  
241.31	381.82   
241.772	407.43  
242.234	379.49  
242.696	412.08  
243.158	405.1   
243.62	405.1    
244.082	365.52  
244.544	384.14  
245.006	433.04  
245.468	435.36  
245.929	337.58  
246.391	367.85  
246.852	474.94  
247.314	393.46  
247.776	342.24  
248.237	386.47  
248.698	393.46  
249.16	358.53   
249.621	377.16  
250.082	435.36  
250.544	421.39  
251.005	391.13  
251.466	440.02  
251.927	370.18  
252.388	384.14  
252.849	423.72  
253.31	460.97   
253.771	470.29  
254.232	314.3   
254.693	391.13  
255.154	351.55  
255.615	412.08  
256.075	407.43  
256.536	426.05  
256.997	400.44  
257.457	407.43  
257.918	367.85  
258.378	365.52  
258.839	398.11  
259.299	367.85  
259.759	435.36  
260.22	393.46   
260.68	419.07   
261.14	393.46   
261.6	421.39    
262.06	467.96   
262.521	405.1   
262.981	447     
263.441	433.04  
263.901	484.25  
264.36	423.72   
264.82	402.77   
265.28	470.29   
265.74	440.02   
266.2	409.75    
266.659	463.3   
267.119	433.04  
267.579	379.49  
268.038	405.1   
268.498	358.53  
268.957	453.99  
269.416	407.43  
269.876	393.46  
270.335	533.15  
270.794	384.14  
271.254	402.77  
271.713	388.8   
272.172	386.47  
272.631	437.69  
273.09	414.41   
273.549	419.07  
274.008	412.08  
274.467	440.02  
274.926	456.32  
275.385	440.02  
275.843	353.88  
276.302	442.35  
276.761	377.16  
277.22	363.19   
277.678	493.57  
278.137	488.91  
278.595	463.3   
279.054	388.8   
279.512	442.35  
279.97	400.44   
280.429	430.71  
280.887	523.83  
281.345	453.99  
281.803	421.39  
282.262	456.32  
282.72	451.66   
283.178	414.41  
283.636	449.33  
284.094	460.97  
284.552	409.75  
285.01	398.11   
285.467	416.74  
285.925	433.04  
286.383	458.64  
286.841	456.32  
287.298	463.3   
287.756	486.58  
288.213	453.99  
288.671	456.32  
289.128	465.63  
289.586	472.61  
290.043	391.13  
290.5	430.71    
290.958	428.38  
291.415	540.13  
291.872	472.61  
292.329	395.78  
292.786	414.41  
293.243	437.69  
293.7	405.1     
294.157	379.49  
294.614	412.08  
295.071	402.77  
295.528	423.72  
295.985	449.33  
296.441	402.77  
296.898	447     
297.355	433.04  
297.811	416.74  
298.268	391.13  
298.724	437.69  
299.181	451.66  
299.637	351.55  
300.094	444.68  
300.55	442.35   
301.006	419.07  
301.462	472.61  
301.919	402.77  
302.375	449.33  
302.831	467.96  
303.287	484.25  
303.743	426.05  
304.199	423.72  
304.655	479.6   
305.11	437.69   
305.566	535.47  
306.022	500.55  
306.478	472.61  
306.933	421.39  
307.389	409.75  
307.845	412.08  
308.3	453.99    
308.756	505.21  
309.211	433.04  
309.666	372.5   
310.122	400.44  
310.577	463.3   
311.032	437.69  
311.487	332.92  
311.943	409.75  
312.398	405.1   
312.853	430.71  
313.308	405.1   
313.763	449.33  
314.218	474.94  
314.672	440.02  
315.127	419.07  
315.582	416.74  
316.037	395.78  
316.492	484.25  
316.946	447     
317.401	400.44  
317.855	412.08  
318.31	486.58   
318.764	451.66  
319.219	409.75  
319.673	344.57  
320.127	414.41  
320.582	414.41  
321.036	472.61  
321.49	419.07   
321.944	484.25  
322.398	393.46  
322.852	412.08  
323.306	505.21  
323.76	391.13   
324.214	470.29  
324.668	437.69  
325.122	460.97  
325.575	409.75  
326.029	447     
326.483	481.93  
326.936	465.63  
327.39	467.96   
327.843	451.66  
328.297	498.22  
328.75	495.9    
329.204	442.35  
329.657	470.29  
330.11	426.05   
330.564	440.02  
331.017	428.38  
331.47	412.08   
331.923	421.39  
332.376	486.58  
332.829	414.41  
333.282	414.41  
333.735	423.72  
334.188	474.94  
334.641	442.35  
335.093	467.96  
335.546	477.27  
335.999	463.3   
336.451	423.72  
336.904	416.74  
337.356	460.97  
337.809	479.6   
338.261	514.52  
338.714	379.49  
339.166	472.61  
339.618	444.68  
340.07	421.39   
340.523	484.25  
340.975	449.33  
341.427	486.58  
341.879	435.36  
342.331	451.66  
342.783	437.69  
343.235	400.44  
343.687	409.75  
344.138	421.39  
344.59	407.43   
345.042	512.19  
345.494	460.97  
345.945	507.54  
346.397	447     
346.848	440.02  
347.3	507.54    
347.751	481.93  
348.203	467.96  
348.654	451.66  
349.105	460.97  
349.556	523.83  
350.008	477.27  
350.459	502.88  
350.91	393.46   
351.361	547.11  
351.812	437.69  
352.263	540.13  
352.714	451.66  
353.165	484.25  
353.615	505.21  
354.066	488.91  
354.517	549.44  
354.968	388.8   
355.418	428.38  
355.869	488.91  
356.319	472.61  
356.77	465.63   
357.22	491.24   
357.671	428.38  
358.121	453.99  
358.571	500.55  
359.021	442.35  
359.472	444.68  
359.922	381.82  
360.372	467.96  
360.822	435.36  
361.272	486.58  
361.722	472.61  
362.172	507.54  
362.622	460.97  
363.071	481.93  
363.521	507.54  
363.971	500.55  
364.42	453.99   
364.87	467.96   
365.32	505.21   
365.769	449.33  
366.219	491.24  
366.668	444.68  
367.117	470.29  
367.567	493.57  
368.016	558.76  
368.465	481.93  
368.914	514.52  
369.363	528.49  
369.812	549.44  
370.261	549.44  
370.71	565.74   
371.159	619.29  
371.608	607.65  
372.057	628.6   
372.506	558.76  
372.955	640.24  
373.403	705.43  
373.852	731.04  
374.301	677.49  
374.749	763.63  
375.198	803.21  
375.646	831.15  
376.094	887.02  
376.543	998.77  
376.991	1052.32 
377.439	1154.76 
377.887	1285.14 
378.336	1299.11 
378.784	1420.17 
379.232	1629.7  
379.68	1825.27  
380.128	2006.86 
380.576	2130.25 
381.023	2507.41 
381.471	2584.24 
381.919	2872.93 
382.367	3420.05 
382.814	3764.61 
383.262	4204.63 
383.71	4630.68  
384.157	5045.09 
384.605	5727.24 
385.052	6435    
385.499	7014.71 
385.947	8087.98 
386.394	9058.82 
386.841	9959.81 
387.288	11123.88
387.735	12334.52
388.182	13794.27
388.63	15656.79 
389.076	17319.08
389.523	19167.63
389.97	21677.37 
390.417	23486.34
390.864	26126.46
391.311	28894.63
391.757	32039.95
392.204	34742.93
392.651	38041.92
393.097	41429.37
393.544	44949.53
393.99	47431.33 
394.436	49331.1 
394.883	51642.95
395.329	52888.51
395.775	54257.46
396.221	54823.2 
396.668	54758.01
397.114	54709.12
397.56	54343.6  
398.006	53724.31
398.452	52001.48
398.897	50683.75
399.343	47724.68
399.789	45056.62
400.235	42344.33
400.681	39159.43
401.126	35758   
401.572	32875.76
402.017	30224   
402.463	27975.01
402.908	25837.77
403.354	24750.53
403.799	22988.12
404.244	21840.34
404.689	20734.47
405.135	19935.92
405.58	19060.54 
406.025	18180.5 
406.47	17828.95 
406.915	16941.92
407.36	16373.86 
407.805	15717.32
408.25	15309.89 
408.694	14515.99
409.139	13717.44
409.584	12809.46
410.029	12341.51
410.473	11277.54
410.918	10590.74
411.362	9978.44 
411.807	8905.16 
412.251	8576.89 
412.695	7720.13 
413.14	7184.66  
413.584	6437.33 
414.028	6136.99 
414.472	5769.15 
414.916	5443.21 
415.36	4947.31  
415.804	4730.79 
416.248	4577.14 
416.692	4323.37 
417.136	4132.46 
417.58	4027.69  
418.024	3645.88 
418.467	3466.61 
418.911	3389.78 
419.355	3326.92 
419.798	3149.98 
420.242	2977.7  
420.685	2849.65 
421.128	2831.03 
421.572	2565.62 
422.015	2407.3  
422.458	2367.73 
422.902	2179.15 
423.345	2202.43 
423.788	2111.63 
424.231	1971.94 
424.674	1806.64 
425.117	1690.23 
425.56	1604.09  
426.003	1590.12 
426.445	1441.12 
426.888	1434.14 
427.331	1338.68 
427.773	1164.07 
428.216	1194.34 
428.659	1147.78 
429.101	1117.51 
429.543	1152.43 
429.986	1117.51 
430.428	1010.42 
430.87	973.17   
431.313	1010.42 
431.755	896.34  
432.197	926.6   
432.639	840.46  
433.081	845.12  
433.523	877.71  
433.965	810.2   
434.407	691.46  
434.849	805.54  
435.291	840.46  
435.732	689.13  
436.174	731.04  
436.616	731.04  
437.057	668.18  
437.499	754.32  
437.94	749.66   
438.382	682.15  
438.823	705.43  
439.264	644.9   
439.706	628.6   
440.147	616.96  
440.588	600.66  
441.029	616.96  
441.47	651.88   
441.911	565.74  
442.352	614.63  
442.793	533.15  
443.234	586.69  
443.675	572.72  
444.116	579.71  
444.556	577.38  
444.997	609.97  
445.438	498.22  
445.878	491.24  
446.319	530.82  
446.759	493.57  
447.199	458.64  
447.64	528.49   
448.08	523.83   
448.52	586.69   
448.961	540.13  
449.401	568.07  
449.841	514.52  
450.281	558.76  
450.721	530.82  
451.161	516.85  
451.601	526.16  
452.041	488.91  
452.48	498.22   
452.92	530.82   
453.36	523.83   
453.799	426.05  
454.239	519.18  
454.679	500.55  
455.118	391.13  
455.557	447     
455.997	533.15  
456.436	440.02  
456.875	505.21  
457.315	474.94  
457.754	498.22  
458.193	451.66  
458.632	437.69  
459.071	516.85  
459.51	516.85   
459.949	453.99  
460.388	444.68  
460.827	409.75  
461.265	551.77  
461.704	412.08  
462.143	426.05  
462.581	440.02  
463.02	521.5    
463.458	479.6   
463.897	428.38  
464.335	440.02  
464.774	465.63  
465.212	419.07  
465.65	440.02   
466.088	442.35  
466.527	423.72  
466.965	460.97  
467.403	428.38  
467.841	530.82  
468.279	398.11  
468.716	491.24  
469.154	547.11  
469.592	465.63  
470.03	414.41   
470.467	374.83  
470.905	449.33  
471.343	430.71  
471.78	502.88   
472.218	370.18  
472.655	498.22  
473.092	433.04  
473.53	395.78   
473.967	470.29  
474.404	467.96  
474.841	407.43  
475.278	463.3   
475.716	430.71  
476.153	495.9   
476.589	530.82  
477.026	458.64  
477.463	430.71  
477.9	479.6     
478.337	447     
478.773	484.25  
479.21	465.63   
479.647	405.1   
480.083	486.58  
480.52	470.29   
480.956	419.07  
481.392	460.97  
481.829	458.64  
482.265	447     
482.701	449.33  
483.137	479.6   
483.574	435.36  
484.01	521.5    
484.446	405.1   
484.882	405.1   
485.317	472.61  
485.753	440.02  
486.189	447     
486.625	463.3   
487.061	453.99  
487.496	449.33  
487.932	488.91  
488.367	460.97  
488.803	495.9   
489.238	449.33  
489.674	470.29  
490.109	440.02  
490.544	467.96  
490.979	456.32  
491.415	465.63  
491.85	509.86   
492.285	428.38  
492.72	512.19   
493.155	502.88  
493.59	507.54   
494.024	453.99  
494.459	442.35  
494.894	493.57  
495.329	447     
495.763	458.64  
496.198	463.3   
496.632	440.02  
497.067	470.29  
497.501	479.6   
497.936	470.29  
498.37	519.18   
498.804	419.07  
499.238	472.61  
499.673	435.36  
500.107	398.11  
500.541	486.58  
500.975	442.35  
501.409	458.64  
501.843	463.3   
502.277	491.24  
502.71	447      
503.144	486.58  
503.578	474.94  
504.011	477.27  
504.445	421.39  
504.878	447     
505.312	428.38  
505.745	484.25  
506.179	516.85  
506.612	484.25  
507.045	479.6   
507.479	465.63  
507.912	460.97  
508.345	467.96  
508.778	460.97  
509.211	398.11  
509.644	409.75  
510.077	486.58  
510.509	405.1   
510.942	486.58  
511.375	421.39  
511.808	442.35  
512.24	526.16   
512.673	402.77  
513.105	493.57  
513.538	479.6   
513.97	453.99   
514.403	481.93  
514.835	470.29  
515.267	507.54  
515.699	523.83  
516.131	444.68  
516.564	467.96  
516.996	440.02  
517.428	467.96  
517.859	474.94  
518.291	467.96  
518.723	451.66  
519.155	460.97  
519.587	558.76  
520.018	470.29  
520.45	405.1    
520.881	537.8   
521.313	509.86  
521.744	530.82  
522.176	444.68  
522.607	477.27  
523.038	444.68  
523.47	421.39   
523.901	530.82  
524.332	463.3   
524.763	423.72  
525.194	384.14  
525.625	488.91  
526.056	419.07  
526.487	444.68  
526.917	449.33  
527.348	451.66  
527.779	472.61  
528.21	474.94   
528.64	477.27   
529.071	526.16  
529.501	491.24  
529.932	453.99  
530.362	456.32  
530.792	395.78  
531.222	495.9   
531.653	463.3   
532.083	458.64  
532.513	437.69  
532.943	449.33  
533.373	507.54  
533.803	463.3   
534.233	465.63  
534.663	442.35  
535.092	460.97  
535.522	393.46  
535.952	393.46  
536.381	428.38  
536.811	486.58  
537.24	491.24   
537.67	423.72   
538.099	437.69  
538.529	395.78  
538.958	493.57  
539.387	523.83  
539.816	486.58  
540.245	395.78  
540.674	486.58  
541.103	502.88  
541.532	493.57  
541.961	442.35  
542.39	495.9    
542.819	493.57  
543.248	502.88  
543.676	479.6   
544.105	472.61  
544.534	423.72  
544.962	470.29  
545.391	381.82  
545.819	467.96  
546.247	426.05  
546.676	440.02  
547.104	542.46  
547.532	516.85  
547.96	451.66   
548.388	477.27  
548.816	395.78  
549.244	428.38  
549.672	505.21  
550.1	426.05    
550.528	507.54  
550.956	393.46  
551.383	456.32  
551.811	470.29  
552.238	472.61  
552.666	495.9   
553.094	447     
553.521	437.69  
553.948	467.96  
554.376	398.11  
554.803	521.5   
555.23	456.32   
555.657	488.91  
556.084	451.66  
556.511	444.68  
556.938	442.35  
557.365	465.63  
557.792	500.55  
558.219	435.36  
558.646	449.33  
559.072	509.86  
559.499	460.97  
559.926	467.96  
560.352	463.3   
560.779	447     
561.205	444.68  
561.632	514.52  
562.058	414.41  
562.484	467.96  
562.91	456.32   
563.337	416.74  
563.763	419.07  
564.189	472.61  
564.615	433.04  
565.041	377.16  
565.466	458.64  
565.892	409.75  
566.318	444.68  
566.744	393.46  
567.169	453.99  
567.595	516.85  
568.021	414.41  
568.446	435.36  
568.872	423.72  
569.297	453.99  
569.722	426.05  
570.148	477.27  
570.573	458.64  
570.998	449.33  
571.423	421.39  
571.848	449.33  
572.273	470.29  
572.698	470.29  
573.123	526.16  
573.548	456.32  
573.973	470.29  
574.397	402.77  
574.822	477.27  
575.247	542.46  
575.671	442.35  
576.096	453.99  
576.52	391.13   
576.944	451.66  
577.369	474.94  
577.793	491.24  
578.217	500.55  
578.641	460.97  
579.065	463.3   
579.49	437.69   
579.914	458.64  
580.337	440.02  
580.761	491.24  
581.185	453.99  
581.609	456.32  
582.033	437.69  
582.456	456.32  
582.88	505.21   
583.303	537.8   
583.727	456.32  
584.15	414.41   
584.574	428.38  
584.997	428.38  
585.42	421.39   
585.844	451.66  
586.267	426.05  
586.69	419.07   
587.113	521.5   
587.536	377.16  
587.959	467.96  
588.382	435.36  
588.804	512.19  
589.227	484.25  
589.65	514.52   
590.073	484.25  
590.495	551.77  
590.918	423.72  
591.34	456.32   
591.763	409.75  
592.185	442.35  
592.607	484.25  
593.03	435.36   
593.452	391.13  
593.874	419.07  
594.296	444.68  
594.718	447     
595.14	440.02   
595.562	437.69  
595.984	488.91  
596.406	440.02  
596.827	414.41  
597.249	386.47  
597.671	456.32  
598.092	421.39  
598.514	460.97  
598.935	467.96  
599.357	416.74  
599.778	414.41  
600.199	409.75  
600.621	491.24  
601.042	442.35  
601.463	416.74  
601.884	481.93  
602.305	465.63  
602.726	495.9   
603.147	444.68  
603.568	453.99  
603.988	463.3   
604.409	405.1   
604.83	437.69   
605.25	393.46   
605.671	407.43  
606.092	458.64  
606.512	453.99  
606.932	433.04  
607.353	484.25  
607.773	416.74  
608.193	451.66  
608.613	412.08  
609.034	453.99  
609.454	526.16  
609.874	500.55  
610.293	472.61  
610.713	391.13  
611.133	416.74  
611.553	421.39  
611.973	477.27  
612.392	500.55  
612.812	465.63  
613.231	467.96  
613.651	405.1   
614.07	391.13   
614.49	384.14   
614.909	423.72  
615.328	358.53  
615.747	384.14  
616.167	395.78  
616.586	470.29  
617.005	444.68  
617.424	435.36  
617.843	535.47  
618.261	435.36  
618.68	388.8    
619.099	402.77  
619.518	444.68  
619.936	440.02  
620.355	481.93  
620.773	384.14  
621.192	395.78  
621.61	472.61   
622.029	442.35  
622.447	416.74  
622.865	395.78  
623.283	453.99  
623.701	444.68  
624.119	453.99  
624.537	430.71  
624.955	379.49  
625.373	453.99  
625.791	500.55  
626.209	384.14  
626.627	414.41  
627.044	444.68  
627.462	491.24  
627.879	453.99  
628.297	493.57  
628.714	426.05  
629.132	458.64  
629.549	458.64  
629.966	402.77  
630.383	484.25  
630.8	360.86    
631.217	409.75  
631.634	451.66  
632.051	442.35  
632.468	451.66  
632.885	426.05  
633.302	367.85  
633.719	505.21  
634.135	481.93  
634.552	444.68  
634.969	449.33  
635.385	523.83  
635.801	423.72  
636.218	463.3   
636.634	440.02  
637.05	395.78   
637.467	419.07  
637.883	500.55  
638.299	495.9   
638.715	451.66  
639.131	393.46  
639.547	423.72  
639.963	467.96  
640.378	479.6   
640.794	421.39  
641.21	386.47   
641.626	393.46  
642.041	442.35  
642.457	472.61  
642.872	428.38  
643.287	426.05  
643.703	433.04  
644.118	388.8   
644.533	402.77  
644.948	414.41  
645.364	449.33  
645.779	435.36  
646.194	491.24  
646.609	391.13  
647.023	458.64  
647.438	428.38  
647.853	467.96  
648.268	421.39  
648.682	456.32  
649.097	400.44  
649.511	493.57  
649.926	400.44  
650.34	409.75   
650.755	447     
651.169	484.25  
651.583	451.66  
651.997	488.91  
652.411	395.78  
652.825	442.35  
653.239	465.63  
653.653	449.33  
654.067	416.74  
654.481	505.21  
654.895	412.08  
655.309	395.78  
655.722	479.6   
656.136	440.02  
656.549	456.32  
656.963	433.04  
657.376	472.61  
657.79	481.93   
658.203	507.54  
658.616	507.54  
659.029	444.68  
659.442	453.99  
659.855	509.86  
660.268	426.05  
660.681	430.71  
661.094	458.64  
661.507	440.02  
661.92	519.18   
662.333	412.08  
662.745	437.69  
663.158	460.97  
663.57	470.29   
663.983	407.43  
664.395	386.47  
664.808	484.25  
665.22	426.05   
665.632	430.71  
666.044	379.49  
666.456	477.27  
666.868	447     
667.28	416.74   
667.692	423.72  
668.104	444.68  
668.516	470.29  
668.928	479.6   
669.34	472.61   
669.751	374.83  
670.163	440.02  
670.574	477.27  
670.986	440.02  
671.397	398.11  
671.809	423.72  
672.22	451.66   
672.631	437.69  
673.042	409.75  
673.453	453.99  
673.864	477.27  
674.275	370.18  
674.686	409.75  
675.097	447     
675.508	412.08  
675.919	367.85  
676.33	481.93   
676.74	465.63   
677.151	456.32  
677.561	367.85  
677.972	407.43  
678.382	407.43  
678.792	381.82  
679.203	400.44  
679.613	393.46  
680.023	481.93  
680.433	412.08  
680.843	419.07  
681.253	456.32  
681.663	456.32  
682.073	449.33  
682.483	451.66  
682.893	451.66  
683.302	381.82  
683.712	419.07  
684.122	423.72  
684.531	440.02  
684.94	449.33   
685.35	419.07   
685.759	414.41  
686.168	440.02  
686.578	405.1   
686.987	484.25  
687.396	428.38  
687.805	374.83  
688.214	372.5   
688.623	393.46  
689.032	363.19  
689.44	386.47   
689.849	405.1   
690.258	456.32  
690.666	460.97  
691.075	433.04  
691.484	402.77  
691.892	412.08  
692.3	442.35    
692.709	486.58  
693.117	500.55  
693.525	433.04  
693.933	451.66  
694.341	430.71  
694.749	437.69  
695.157	472.61  
695.565	458.64  
695.973	449.33  
696.381	460.97  
696.788	456.32  
697.196	407.43  
697.604	479.6   
698.011	414.41  
698.419	402.77  
698.826	456.32  
699.234	416.74  
699.641	388.8   
700.048	416.74  
700.455	488.91  
700.862	400.44  
701.269	426.05  
701.676	472.61  
702.083	430.71  
702.49	472.61   
702.897	540.13  
703.304	402.77  
703.71	421.39   
704.117	479.6   
704.524	398.11  
704.93	386.47   
705.337	433.04  
705.743	367.85  
706.149	365.52  
706.556	444.68  
706.962	430.71  
707.368	440.02  
707.774	467.96  
708.18	516.85   
708.586	477.27  
708.992	344.57  
709.398	414.41  
709.804	437.69  
710.209	435.36  
710.615	395.78  
711.021	451.66  
711.426	472.61  
711.832	419.07  
712.237	360.86  
712.642	505.21  
713.048	495.9   
713.453	477.27  
713.858	428.38  
714.263	426.05  
714.668	414.41  
715.073	437.69  
715.478	395.78  
715.883	474.94  
716.288	426.05  
716.693	393.46  
717.097	419.07  
717.502	388.8   
717.906	405.1   
718.311	407.43  
718.715	470.29  
719.12	437.69   
719.524	500.55  
719.928	374.83  
720.333	388.8   
720.737	430.71  
721.141	395.78  
721.545	449.33  
721.949	414.41  
722.353	402.77  
722.757	386.47  
723.16	402.77   
723.564	456.32  
723.968	472.61  
724.371	395.78  
724.775	458.64  
725.178	484.25  
725.582	409.75  
725.985	416.74  
726.388	416.74  
726.792	381.82  
727.195	465.63  
727.598	414.41  
728.001	421.39  
728.404	463.3   
728.807	437.69  
729.21	456.32   
729.612	421.39  
730.015	419.07  
730.418	477.27  
730.82	428.38   
731.223	409.75  
731.625	419.07  
732.028	465.63  
732.43	405.1    
732.833	414.41  
733.235	372.5   
733.637	358.53  
734.039	437.69  
734.441	384.14  
734.843	384.14  
735.245	400.44  
735.647	398.11  
736.049	437.69  
736.451	433.04  
736.852	460.97  
737.254	391.13  
737.655	458.64  
738.057	451.66  
738.458	402.77  
738.86	426.05   
739.261	451.66  
739.662	433.04  
740.064	370.18  
740.465	395.78  
740.866	463.3   
741.267	374.83  
741.668	430.71  
742.069	351.55  
742.469	398.11  
742.87	477.27   
743.271	433.04  
743.672	474.94  
744.072	444.68  
744.473	402.77  
744.873	460.97  
745.274	430.71  
745.674	414.41  
746.074	388.8   
746.474	437.69  
746.875	398.11  
747.275	405.1   
747.675	356.21  
748.075	388.8   
748.474	465.63  
748.874	472.61  
749.274	426.05  
749.674	433.04  
750.073	412.08  
750.473	419.07  
750.873	435.36  
751.272	365.52  
751.671	444.68  
752.071	442.35  
752.47	428.38   
752.869	430.71  
753.268	353.88  
753.668	449.33  
754.067	402.77  
754.466	447     
754.864	405.1   
755.263	405.1   
755.662	414.41  
756.061	405.1   
756.459	470.29  
756.858	435.36  
757.257	421.39  
757.655	467.96  
758.053	463.3   
758.452	374.83  
758.85	421.39   
759.248	381.82  
759.646	470.29  
760.045	463.3   
760.443	381.82  
760.841	395.78  
761.238	451.66  
761.636	449.33  
762.034	402.77  
762.432	414.41  
762.829	435.36  
763.227	416.74  
763.625	456.32  
764.022	419.07  
764.419	412.08  
764.817	426.05  
765.214	463.3   
765.611	386.47  
766.008	437.69  
766.406	447     
766.803	370.18  
767.199	500.55  
767.596	472.61  
767.993	344.57  
768.39	437.69   
768.787	430.71  
769.183	444.68  
769.58	453.99   
769.977	405.1   
770.373	377.16  
770.769	484.25  
771.166	453.99  
771.562	365.52  
771.958	402.77  
772.354	412.08  
772.75	465.63   
773.146	467.96  
773.542	419.07  
773.938	381.82  
774.334	419.07  
774.73	419.07   
775.126	447     
775.521	405.1   
775.917	391.13  
776.312	381.82  
776.708	437.69  
777.103	381.82  
777.499	467.96  
777.894	474.94  
778.289	465.63  
778.684	428.38  
779.079	442.35  
779.474	372.5   
779.869	451.66  
780.264	465.63  
780.659	423.72  
781.054	458.64  
781.448	460.97  
781.843	388.8   
782.238	442.35  
782.632	472.61  
783.027	470.29  
783.421	360.86  
783.815	398.11  
784.21	393.46   
784.604	453.99  
784.998	500.55  
785.392	421.39  
785.786	463.3   
786.18	451.66   
786.574	407.43  
786.968	444.68  
787.361	423.72  
787.755	393.46  
788.149	444.68  
788.542	440.02  
788.936	412.08  
789.329	421.39  
789.722	400.44  
790.116	393.46  
790.509	423.72  
790.902	474.94  
791.295	423.72  
791.688	414.41  
792.081	395.78  
792.474	416.74  
792.867	391.13  
793.26	426.05   
793.653	435.36  
794.045	426.05  
794.438	453.99  
794.83	433.04   
795.223	467.96  
795.615	435.36  
796.008	435.36  
796.4	458.64    
796.792	472.61  
797.184	474.94  
797.576	453.99  
797.968	440.02  
798.36	488.91   
798.752	481.93  
799.144	335.25  
799.536	426.05  
799.928	456.32  
800.319	398.11  
800.711	374.83  
801.102	423.72  
801.494	402.77  
801.885	405.1   
802.276	435.36  
802.668	428.38  
803.059	463.3   
803.45	442.35   
803.841	477.27  
804.232	453.99  
804.623	433.04  
805.014	426.05  
805.405	398.11  
805.795	447     
806.186	318.96  
806.577	486.58  
806.967	402.77  
807.358	379.49  
807.748	414.41  
808.139	423.72  
808.529	400.44  
808.919	465.63  
809.309	440.02  
809.699	486.58  
810.089	449.33  
810.479	428.38  
810.869	488.91  
811.259	479.6   
811.649	470.29  
812.039	414.41  
812.428	367.85  
812.818	435.36  
813.207	426.05  
813.597	440.02  
813.986	463.3   
814.376	393.46  
814.765	393.46  
815.154	421.39  
815.543	386.47  
815.932	430.71  
816.321	465.63  
816.71	381.82   
817.099	428.38  
817.488	467.96  
817.877	428.38  
818.265	451.66  
818.654	479.6   
819.043	405.1   
819.431	447     
819.819	428.38  
820.208	402.77  
820.596	426.05  
820.984	453.99  
821.372	367.85  
821.761	377.16  
822.149	447     
822.537	407.43  
822.924	449.33  
823.312	435.36  
823.7	356.21    
824.088	465.63  
824.475	444.68  
824.863	470.29  
825.251	440.02  
825.638	479.6   
826.025	460.97  
826.413	388.8   
826.8	449.33    
827.187	437.69  
827.574	384.14  
827.961	467.96  
828.348	430.71  
828.735	372.5   
829.122	419.07  
829.509	391.13  
829.896	474.94  
830.282	405.1   
830.669	437.69  
831.055	423.72  
831.442	447     
831.828	447     
832.215	449.33  
832.601	414.41  
832.987	416.74  
833.373	400.44  
833.759	433.04  
834.145	442.35  
834.531	416.74  
834.917	421.39  
835.303	437.69  
835.689	449.33  
836.074	421.39  
836.46	360.86   
836.846	321.28  
837.231	395.78  
837.617	451.66  
838.002	451.66  
838.387	370.18  
838.772	412.08  
839.158	453.99  
839.543	374.83  
839.928	393.46  
840.313	398.11  
840.698	474.94  
841.082	412.08  
841.467	363.19  
841.852	386.47  
842.237	370.18  
842.621	377.16  
843.006	400.44  
843.39	465.63   
843.774	458.64  
844.159	374.83  
844.543	416.74  
844.927	447     
845.311	447     
845.695	456.32  
846.079	414.41  
846.463	500.55  
846.847	405.1   
847.231	391.13  
847.615	451.66  
847.998	430.71  
848.382	463.3   
848.765	379.49  
849.149	321.28  
849.532	407.43  
849.916	428.38  
850.299	393.46  
850.682	458.64  
851.065	412.08  
851.448	430.71  
851.831	456.32  
852.214	409.75  
852.597	488.91  
852.98	465.63   
853.363	479.6   
853.745	414.41  
854.128	428.38  
854.51	346.89   
854.893	474.94  
855.275	440.02  
855.658	412.08  
856.04	414.41   
856.422	419.07  
856.804	381.82  
857.186	405.1   
857.568	465.63  
857.95	472.61   
858.332	447     
858.714	447     
859.096	393.46  
859.477	377.16  
859.859	407.43  
860.24	405.1    
860.622	507.54  
861.003	391.13  
861.385	370.18  
861.766	393.46  
862.147	379.49  
862.528	388.8   
862.909	465.63  
863.29	430.71   
863.671	423.72  
864.052	416.74  
864.433	440.02  
864.814	470.29  
865.194	442.35  
865.575	388.8   
865.955	463.3   
866.336	521.5   
866.716	393.46  
867.097	426.05  
867.477	374.83  
867.857	440.02  
868.237	465.63  
868.617	428.38  
868.997	444.68  
869.377	400.44  
869.757	479.6   
870.137	447     
870.517	474.94  
870.896	519.18  
871.276	460.97  
871.655	412.08  
872.035	442.35  
872.414	437.69  
872.794	407.43  
873.173	444.68  
873.552	395.78  
873.931	449.33  
874.31	423.72   
874.689	449.33  
875.068	449.33  
875.447	398.11  
875.826	507.54  
876.205	453.99  
876.583	400.44  
876.962	442.35  
877.341	421.39  
877.719	509.86  
878.097	412.08  
878.476	372.5   
878.854	416.74  
879.232	460.97  
879.61	430.71   
879.988	442.35  
880.366	479.6   
880.744	374.83  
881.122	384.14  
881.5	423.72    
881.878	356.21  
882.255	523.83  
882.633	442.35  
883.011	409.75  
883.388	435.36  
883.765	460.97  
884.143	400.44  
884.52	393.46   
884.897	456.32  
885.274	416.74  
885.651	430.71  
886.028	363.19  
886.405	456.32  
886.782	470.29  
887.159	416.74  
887.536	456.32  
887.912	349.22  
888.289	423.72  
888.665	444.68  
889.042	398.11  
889.418	437.69  
889.794	304.99  
890.171	491.24  
890.547	416.74  
890.923	453.99  
891.299	460.97  
891.675	346.89  
892.051	435.36  
892.427	379.49  
892.803	412.08  
893.178	458.64  
893.554	409.75  
893.929	444.68  
894.305	416.74  
894.68	447      
895.056	428.38  
895.431	419.07  
895.806	398.11  
896.181	453.99  
896.557	433.04  
896.932	437.69  
897.307	414.41  
897.681	402.77  
898.056	398.11  
898.431	444.68  
898.806	409.75  
899.18	453.99   
899.555	377.16  
899.929	412.08  
900.304	398.11  
900.678	488.91  
901.052	472.61  
901.427	374.83  
901.801	474.94  
902.175	430.71  
902.549	402.77  
902.923	379.49  
903.297	419.07  
903.67	400.44   
904.044	391.13  
904.418	400.44  
904.791	421.39  
905.165	456.32  
905.538	451.66  
905.912	447     
906.285	465.63  
906.658	442.35  
907.032	451.66  
907.405	398.11  
907.778	498.22  
908.151	433.04  
908.524	435.36  
908.896	407.43  
909.269	440.02  
909.642	505.21  
910.015	430.71  
910.387	440.02  
910.76	435.36   
911.132	372.5   
911.504	423.72  
911.877	433.04  
912.249	409.75  
912.621	453.99  
912.993	460.97  
913.365	407.43  
913.737	486.58  
914.109	349.22  
914.481	426.05  
914.853	388.8   
915.224	467.96  
915.596	428.38  
915.968	472.61  
916.339	426.05  
916.71	416.74   
917.082	433.04  
917.453	391.13  
917.824	393.46  
918.195	449.33  
918.566	407.43  
918.937	421.39  
919.308	451.66  
919.679	456.32  
920.05	386.47   
920.421	509.86  
920.791	414.41  
921.162	453.99  
921.532	474.94  
921.903	402.77  
922.273	398.11  
922.644	426.05  
923.014	495.9   
923.384	456.32  
923.754	409.75  
924.124	556.43  
924.494	495.9   
924.864	381.82  
925.234	395.78  
925.604	456.32  
925.973	365.52  
926.343	391.13  
926.712	456.32  
927.082	453.99  
927.451	409.75  
927.821	447     
928.19	353.88   
928.559	423.72  
928.928	458.64  
929.297	433.04  
929.666	372.5   
930.035	428.38  
930.404	435.36  
930.773	447     
931.142	407.43  
931.51	437.69   
931.879	400.44  
932.247	467.96  
932.616	433.04  
932.984	472.61  
933.353	414.41  
933.721	488.91  
934.089	330.6   
934.457	393.46  
934.825	407.43  
935.193	421.39  
935.561	481.93  
935.929	426.05  
936.296	419.07  
936.664	412.08  
937.032	386.47  
937.399	374.83  
937.767	412.08  
938.134	442.35  
938.501	367.85  
938.869	435.36  
939.236	419.07  
939.603	456.32  
939.97	435.36   
940.337	440.02  
940.704	449.33  
941.071	465.63  
941.438	391.13  
941.804	398.11  
942.171	414.41  
942.538	428.38  
942.904	433.04  
943.27	400.44   
943.637	402.77  
944.003	453.99  
944.369	451.66  
944.735	467.96  
945.102	358.53  
945.468	395.78  
945.833	407.43  
946.199	435.36  
946.565	493.57  
946.931	412.08  
947.296	421.39  
947.662	374.83  
948.028	416.74  
948.393	442.35  
948.758	442.35  
949.124	456.32  
949.489	479.6   
949.854	430.71  
950.219	505.21  
950.584	416.74  
950.949	488.91  
951.314	337.58  
951.679	451.66  
952.044	460.97  
952.408	430.71  
952.773	370.18  
953.137	386.47  
953.502	360.86  
953.866	486.58  
954.231	330.6   
954.595	412.08  
954.959	467.96  
955.323	458.64  
955.687	470.29  
956.051	486.58  
956.415	409.75  
956.779	400.44  
957.143	437.69  
957.506	444.68  
957.87	474.94   
958.234	423.72  
958.597	395.78  
958.961	447     
959.324	453.99  
959.687	442.35  
960.05	435.36   
960.413	444.68  
960.776	330.6   
961.139	370.18  
961.502	421.39  
961.865	356.21  
962.228	491.24  
962.591	402.77  
962.953	370.18  
963.316	400.44  
963.678	409.75  
964.041	388.8   
964.403	498.22  
964.765	421.39  
965.128	395.78  
965.49	409.75   
965.852	398.11  
966.214	421.39  
966.576	405.1   
966.938	481.93  
967.299	395.78  
967.661	426.05  
968.023	437.69  
968.384	426.05  
968.746	426.05  
969.107	407.43  
969.469	505.21  
969.83	409.75   
970.191	463.3   
970.552	398.11  
970.913	402.77  
971.274	447     
971.635	470.29  
971.996	398.11  
972.357	393.46  
972.718	433.04  
973.078	386.47  
973.439	412.08  
973.8	384.14    
974.16	437.69   
974.52	412.08   
974.881	481.93  
975.241	400.44  
975.601	433.04  
975.961	465.63  
976.321	414.41  
976.681	426.05  
977.041	437.69  
977.401	467.96  
977.76	447      
978.12	481.93   
978.48	374.83   
978.839	433.04  
979.199	437.69  
979.558	405.1   
979.917	412.08  
980.277	414.41  
980.636	407.43  
980.995	423.72  
981.354	416.74  
981.713	391.13  
982.072	402.77  
982.43	463.3    
982.789	402.77  
983.148	388.8   
983.506	437.69  
983.865	428.38  
984.223	458.64  
984.582	433.04  
984.94	360.86   
985.298	419.07  
985.656	428.38  
986.015	409.75  
986.373	388.8   
986.731	412.08  
987.088	456.32  
987.446	456.32  
987.804	474.94  
988.162	356.21  
988.519	414.41  
988.877	391.13  
989.234	451.66  
989.591	400.44  
989.949	437.69  
990.306	435.36  
990.663	433.04  
991.02	412.08   
991.377	428.38  
991.734	405.1   
992.091	421.39  
992.448	412.08  
992.805	391.13  
993.161	460.97  
993.518	393.46  
993.874	456.32  
994.231	447     
994.587	451.66  
994.943	398.11  
995.3	372.5     
995.656	442.35  
996.012	442.35  
996.368	421.39  
996.724	444.68  
997.08	372.5    
997.435	440.02  
997.791	342.24  
998.147	386.47  
998.502	384.14  
998.858	395.78  
999.213	381.82  
999.569	398.11  
999.924	435.36  
1000.279	433.04 
1000.634	430.71 
1000.989	409.75 
1001.344	426.05 
1001.699	398.11 
1002.054	412.08 
1002.409	344.57 
1002.764	437.69 
1003.118	388.8  
1003.473	398.11 
1003.827	405.1  
1004.182	395.78 
1004.536	349.22 
1004.89	440.02  
1005.245	332.92 
1005.599	444.68 
1005.953	467.96 
1006.307	370.18 
1006.661	460.97 
1007.015	430.71 
1007.368	374.83 
1007.722	423.72 
1008.076	430.71 
1008.429	412.08 
1008.783	353.88 
1009.136	405.1  
1009.489	421.39 
1009.843	460.97 
1010.196	391.13 
1010.549	474.94 
1010.902	402.77 
1011.255	363.19 
1011.608	495.9  
1011.961	451.66 
1012.313	405.1  
1012.666	437.69 
1013.019	442.35 
1013.371	414.41 
1013.724	426.05 
1014.076	342.24 
1014.428	339.91 
1014.781	407.43 
1015.133	412.08 
1015.485	481.93 
1015.837	453.99 
1016.189	435.36 
1016.541	430.71 
1016.893	400.44 
1017.244	463.3  
1017.596	477.27 
1017.947	458.64 
1018.299	423.72 
1018.65	325.94  
1019.002	435.36 
1019.353	395.78 
1019.704	456.32 
1020.055	374.83 
1020.407	414.41 
1020.758	463.3  
1021.108	435.36 
1021.459	437.69 
1021.81	395.78  
1022.161	398.11 
1022.511	295.67 
1022.862	430.71 
1023.213	330.6  
1023.563	426.05 
1023.913	384.14 
1024.264	393.46 
1024.614	465.63 
1024.964	426.05 
1025.314	407.43 
1025.664	451.66 
1026.014	395.78 
1026.364	423.72 
1026.713	449.33 
1027.063	444.68 
1027.413	332.92 
1027.762	440.02 
1028.112	360.86 
1028.461	353.88 
1028.81	412.08  
1029.16	458.64  
1029.509	405.1  
1029.858	416.74 
1030.207	400.44 
1030.556	428.38 
1030.905	367.85 
1031.254	435.36 
1031.602	360.86 
1031.951	353.88 
1032.3	409.75   
1032.648	440.02 
1032.996	440.02 
1033.345	440.02 