187.879	-34.49  
188.346	-34.49  
188.813	-34.49  
189.28	-81.05   
189.747	-104.33 
190.214	-36.81  
190.681	-64.75  
191.148	-88.03  
191.614	-74.06  
192.081	-85.7   
192.548	-57.77  
193.014	-34.49  
193.481	-74.06  
193.948	12.08   
194.414	16.73   
194.881	-20.52  
195.347	51.66   
195.813	91.23   
196.28	98.22    
196.746	105.2   
197.212	161.08  
197.678	130.81  
198.145	142.45  
198.611	251.88  
199.077	214.63  
199.543	182.03  
200.009	249.55  
200.475	223.94  
200.941	230.92  
201.407	277.49  
201.873	321.72  
202.338	338.02  
202.804	379.92  
203.27	370.61   
203.735	356.64  
204.201	447.44  
204.667	335.69  
205.132	356.64  
205.598	431.14  
206.063	396.22  
206.529	342.67  
206.994	375.27  
207.459	391.57  
207.925	400.88  
208.39	340.35   
208.855	435.8   
209.32	377.6    
209.785	505.64  
210.25	412.52   
210.715	312.41  
211.18	398.55   
211.645	377.6   
212.11	410.19   
212.575	419.5   
213.04	377.6    
213.504	398.55  
213.969	433.47  
214.434	338.02  
214.899	338.02  
215.363	312.41  
215.828	407.86  
216.292	400.88  
216.757	410.19  
217.221	405.53  
217.685	559.19  
218.15	356.64   
218.614	403.21  
219.078	393.89  
219.542	400.88  
220.007	403.21  
220.471	419.5   
220.935	358.97  
221.399	354.31  
221.863	421.83  
222.327	335.69  
222.791	384.58  
223.254	377.6   
223.718	328.71  
224.182	363.63  
224.646	347.33  
225.109	410.19  
225.573	414.85  
226.037	345     
226.5	398.55    
226.964	326.38  
227.427	398.55  
227.89	358.97   
228.354	454.43  
228.817	393.89  
229.28	305.42   
229.744	435.8   
230.207	331.03  
230.67	342.67   
231.133	419.5   
231.596	314.74  
232.059	426.49  
232.522	400.88  
232.985	389.24  
233.448	393.89  
233.911	379.92  
234.374	286.8   
234.836	356.64  
235.299	305.42  
235.762	382.25  
236.224	333.36  
236.687	403.21  
237.149	400.88  
237.612	356.64  
238.074	361.3   
238.537	440.46  
238.999	400.88  
239.461	324.05  
239.924	433.47  
240.386	412.52  
240.848	396.22  
241.31	477.71   
241.772	361.3   
242.234	368.28  
242.696	433.47  
243.158	396.22  
243.62	456.75   
244.082	403.21  
244.544	433.47  
245.006	405.53  
245.468	331.03  
245.929	356.64  
246.391	372.94  
246.852	391.57  
247.314	405.53  
247.776	345     
248.237	326.38  
248.698	417.17  
249.16	314.74   
249.621	396.22  
250.082	365.96  
250.544	361.3   
251.005	370.61  
251.466	356.64  
251.927	307.75  
252.388	368.28  
252.849	365.96  
253.31	417.17   
253.771	363.63  
254.232	412.52  
254.693	377.6   
255.154	484.69  
255.615	459.08  
256.075	393.89  
256.536	382.25  
256.997	372.94  
257.457	421.83  
257.918	414.85  
258.378	433.47  
258.839	445.11  
259.299	393.89  
259.759	400.88  
260.22	466.07   
260.68	414.85   
261.14	333.36   
261.6	424.16    
262.06	487.02   
262.521	286.8   
262.981	331.03  
263.441	356.64  
263.901	363.63  
264.36	396.22   
264.82	398.55   
265.28	377.6    
265.74	293.78   
266.2	384.58    
266.659	396.22  
267.119	407.86  
267.579	396.22  
268.038	326.38  
268.498	419.5   
268.957	391.57  
269.416	375.27  
269.876	410.19  
270.335	384.58  
270.794	375.27  
271.254	440.46  
271.713	400.88  
272.172	338.02  
272.631	405.53  
273.09	386.91   
273.549	442.78  
274.008	328.71  
274.467	377.6   
274.926	438.13  
275.385	372.94  
275.843	349.66  
276.302	345     
276.761	442.78  
277.22	454.43   
277.678	365.96  
278.137	419.5   
278.595	431.14  
279.054	428.82  
279.512	398.55  
279.97	377.6    
280.429	324.05  
280.887	424.16  
281.345	389.24  
281.803	379.92  
282.262	358.97  
282.72	375.27   
283.178	503.32  
283.636	459.08  
284.094	384.58  
284.552	396.22  
285.01	354.31   
285.467	417.17  
285.925	452.1   
286.383	386.91  
286.841	447.44  
287.298	417.17  
287.756	379.92  
288.213	372.94  
288.671	391.57  
289.128	445.11  
289.586	347.33  
290.043	412.52  
290.5	440.46    
290.958	426.49  
291.415	314.74  
291.872	368.28  
292.329	312.41  
292.786	372.94  
293.243	459.08  
293.7	440.46    
294.157	405.53  
294.614	419.5   
295.071	379.92  
295.528	428.82  
295.985	405.53  
296.441	400.88  
296.898	412.52  
297.355	417.17  
297.811	435.8   
298.268	433.47  
298.724	449.77  
299.181	424.16  
299.637	407.86  
300.094	398.55  
300.55	372.94   
301.006	456.75  
301.462	354.31  
301.919	375.27  
302.375	407.86  
302.831	347.33  
303.287	375.27  
303.743	449.77  
304.199	400.88  
304.655	370.61  
305.11	419.5    
305.566	382.25  
306.022	400.88  
306.478	431.14  
306.933	398.55  
307.389	407.86  
307.845	393.89  
308.3	393.89    
308.756	466.07  
309.211	333.36  
309.666	389.24  
310.122	345     
310.577	382.25  
311.032	487.02  
311.487	421.83  
311.943	379.92  
312.398	384.58  
312.853	351.99  
313.308	452.1   
313.763	363.63  
314.218	370.61  
314.672	447.44  
315.127	435.8   
315.582	396.22  
316.037	365.96  
316.492	417.17  
316.946	421.83  
317.401	440.46  
317.855	386.91  
318.31	466.07   
318.764	412.52  
319.219	391.57  
319.673	391.57  
320.127	433.47  
320.582	440.46  
321.036	438.13  
321.49	361.3    
321.944	412.52  
322.398	377.6   
322.852	447.44  
323.306	435.8   
323.76	342.67   
324.214	386.91  
324.668	540.57  
325.122	347.33  
325.575	398.55  
326.029	426.49  
326.483	414.85  
326.936	403.21  
327.39	414.85   
327.843	342.67  
328.297	417.17  
328.75	433.47   
329.204	410.19  
329.657	461.41  
330.11	459.08   
330.564	491.68  
331.017	461.41  
331.47	407.86   
331.923	424.16  
332.376	456.75  
332.829	384.58  
333.282	307.75  
333.735	435.8   
334.188	428.82  
334.641	477.71  
335.093	438.13  
335.546	445.11  
335.999	468.39  
336.451	459.08  
336.904	382.25  
337.356	398.55  
337.809	407.86  
338.261	447.44  
338.714	424.16  
339.166	393.89  
339.618	407.86  
340.07	440.46   
340.523	468.39  
340.975	414.85  
341.427	382.25  
341.879	426.49  
342.331	447.44  
342.783	438.13  
343.235	447.44  
343.687	384.58  
344.138	417.17  
344.59	417.17   
345.042	431.14  
345.494	403.21  
345.945	414.85  
346.397	463.74  
346.848	431.14  
347.3	484.69    
347.751	484.69  
348.203	433.47  
348.654	407.86  
349.105	456.75  
349.556	412.52  
350.008	496.33  
350.459	405.53  
350.91	398.55   
351.361	426.49  
351.812	410.19  
352.263	428.82  
352.714	386.91  
353.165	403.21  
353.615	426.49  
354.066	393.89  
354.517	431.14  
354.968	405.53  
355.418	494     
355.869	454.43  
356.319	400.88  
356.77	480.03   
357.22	382.25   
357.671	477.71  
358.121	477.71  
358.571	468.39  
359.021	452.1   
359.472	459.08  
359.922	419.5   
360.372	466.07  
360.822	447.44  
361.272	391.57  
361.722	494     
362.172	459.08  
362.622	426.49  
363.071	398.55  
363.521	487.02  
363.971	412.52  
364.42	573.16   
364.87	445.11   
365.32	519.61   
365.769	428.82  
366.219	503.32  
366.668	400.88  
367.117	542.89  
367.567	556.86  
368.016	459.08  
368.465	482.36  
368.914	421.83  
369.363	535.91  
369.812	584.8   
370.261	540.57  
370.71	482.36   
371.159	498.66  
371.608	452.1   
372.057	566.18  
372.506	617.4   
372.955	636.02  
373.403	573.16  
373.852	624.38  
374.301	677.93  
374.749	670.94  
375.198	829.26  
375.646	810.63  
376.094	831.58  
376.543	971.27  
376.991	1013.18 
377.439	1110.96 
377.887	1171.49 
378.336	1304.2  
378.784	1434.57 
379.232	1567.28 
379.68	1709.3   
380.128	1748.87 
380.576	2037.56 
381.023	2279.69 
381.471	2561.4  
381.919	2817.49 
382.367	3020.04 
382.814	3467.05 
383.262	3760.39 
383.71	4300.52  
384.157	4954.73 
384.605	5299.3  
385.052	5937.21 
385.499	6726.45 
385.947	7522.68 
386.394	8202.5  
386.841	9352.6  
387.288	10593.5 
387.735	11818.11
388.182	13161.45
388.63	14712    
389.076	15803.9 
389.523	18094.79
389.97	19745.45 
390.417	22145.77
390.864	24434.34
391.311	26627.45
391.757	29677.32
392.204	32864.55
392.651	35516.31
393.097	38775.72
393.544	41786.01
393.99	44558.84 
394.436	46984.76
394.883	49410.69
395.329	50956.58
395.775	52153.25
396.221	52427.97
396.668	53179.96
397.114	52837.72
397.56	52227.75 
398.006	51736.51
398.452	50230.2 
398.897	48356.04
399.343	45117.59
399.789	42409.96
400.235	39779.15
400.681	36824.73
401.126	33549.03
401.572	30706.36
402.017	28471.34
402.463	26131.55
402.908	24292.32
403.354	22858.18
403.799	21647.54
404.244	20637.13
404.689	19605.76
405.135	18909.64
405.58	17931.82 
406.025	17428.94
406.47	16788.7  
406.915	16064.65
407.36	15235.83 
407.805	14672.42
408.25	14327.85 
408.694	13506.02
409.139	12774.98
409.584	11904.25
410.029	11468.89
410.473	10430.53
410.918	9787.97 
411.362	9129.1  
411.807	8358.48 
412.251	7823.01 
412.695	7266.58 
413.14	6773.02  
413.584	6202.62 
414.028	5634.55 
414.472	5413.38 
414.916	4978.01 
415.36	4749.86  
415.804	4454.18 
416.248	4263.27 
416.692	3883.79 
417.136	3706.85 
417.58	3713.83  
418.024	3436.78 
418.467	3266.83 
418.911	3276.14 
419.355	3057.29 
419.798	3010.73 
420.242	2861.73 
420.685	2642.88 
421.128	2573.04 
421.572	2468.27 
422.015	2230.8  
422.458	2146.99 
422.902	2051.53 
423.345	1970.05 
423.788	1944.44 
424.231	1709.3  
424.674	1713.95 
425.117	1560.29 
425.56	1439.23  
426.003	1404.31 
426.445	1327.48 
426.888	1283.25 
427.331	1252.98 
427.773	1225.04 
428.216	1129.59 
428.659	1103.98 
429.101	1013.18 
429.543	1080.7  
429.986	959.63  
430.428	1006.2  
430.87	1001.54  
431.313	873.49  
431.755	864.18  
432.197	803.65  
432.639	873.49  
433.081	899.1   
433.523	845.55  
433.965	775.71  
434.407	736.13  
434.849	743.12  
435.291	750.1   
435.732	719.83  
436.174	703.54  
436.616	631.36  
437.057	677.93  
437.499	656.97  
437.94	670.94   
438.382	573.16  
438.823	556.86  
439.264	538.24  
439.706	568.5   
440.147	561.52  
440.588	531.25  
441.029	589.46  
441.47	636.02   
441.911	552.21  
442.352	507.97  
442.793	510.3   
443.234	521.94  
443.675	568.5   
444.116	484.69  
444.556	480.03  
444.997	431.14  
445.438	519.61  
445.878	491.68  
446.319	491.68  
446.759	540.57  
447.199	480.03  
447.64	468.39   
448.08	491.68   
448.52	445.11   
448.961	487.02  
449.401	438.13  
449.841	400.88  
450.281	449.77  
450.721	500.99  
451.161	498.66  
451.601	435.8   
452.041	477.71  
452.48	447.44   
452.92	491.68   
453.36	466.07   
453.799	533.58  
454.239	438.13  
454.679	435.8   
455.118	440.46  
455.557	333.36  
455.997	512.63  
456.436	412.52  
456.875	491.68  
457.315	428.82  
457.754	449.77  
458.193	491.68  
458.632	414.85  
459.071	440.46  
459.51	514.96   
459.949	414.85  
460.388	477.71  
460.827	428.82  
461.265	391.57  
461.704	438.13  
462.143	419.5   
462.581	414.85  
463.02	407.86   
463.458	463.74  
463.897	403.21  
464.335	477.71  
464.774	433.47  
465.212	412.52  
465.65	365.96   
466.088	405.53  
466.527	433.47  
466.965	452.1   
467.403	489.35  
467.841	461.41  
468.279	382.25  
468.716	433.47  
469.154	410.19  
469.592	442.78  
470.03	405.53   
470.467	473.05  
470.905	400.88  
471.343	407.86  
471.78	498.66   
472.218	503.32  
472.655	440.46  
473.092	412.52  
473.53	459.08   
473.967	456.75  
474.404	500.99  
474.841	396.22  
475.278	424.16  
475.716	461.41  
476.153	412.52  
476.589	459.08  
477.026	470.72  
477.463	358.97  
477.9	475.38    
478.337	452.1   
478.773	447.44  
479.21	428.82   
479.647	442.78  
480.083	459.08  
480.52	419.5    
480.956	491.68  
481.392	398.55  
481.829	424.16  
482.265	521.94  
482.701	514.96  
483.137	491.68  
483.574	417.17  
484.01	456.75   
484.446	468.39  
484.882	400.88  
485.317	398.55  
485.753	384.58  
486.189	505.64  
486.625	386.91  
487.061	431.14  
487.496	417.17  
487.932	470.72  
488.367	391.57  
488.803	498.66  
489.238	489.35  
489.674	445.11  
490.109	452.1   
490.544	379.92  
490.979	447.44  
491.415	438.13  
491.85	375.27   
492.285	466.07  
492.72	435.8    
493.155	412.52  
493.59	389.24   
494.024	372.94  
494.459	440.46  
494.894	431.14  
495.329	414.85  
495.763	389.24  
496.198	426.49  
496.632	480.03  
497.067	447.44  
497.501	386.91  
497.936	417.17  
498.37	473.05   
498.804	442.78  
499.238	440.46  
499.673	424.16  
500.107	445.11  
500.541	431.14  
500.975	372.94  
501.409	428.82  
501.843	452.1   
502.277	440.46  
502.71	424.16   
503.144	431.14  
503.578	431.14  
504.011	433.47  
504.445	410.19  
504.878	447.44  
505.312	438.13  
505.745	521.94  
506.179	386.91  
506.612	477.71  
507.045	463.74  
507.479	417.17  
507.912	449.77  
508.345	433.47  
508.778	391.57  
509.211	426.49  
509.644	351.99  
510.077	424.16  
510.509	466.07  
510.942	449.77  
511.375	449.77  
511.808	473.05  
512.24	475.38   
512.673	487.02  
513.105	386.91  
513.538	507.97  
513.97	426.49   
514.403	426.49  
514.835	335.69  
515.267	442.78  
515.699	456.75  
516.131	463.74  
516.564	403.21  
516.996	463.74  
517.428	424.16  
517.859	445.11  
518.291	403.21  
518.723	335.69  
519.155	473.05  
519.587	391.57  
520.018	412.52  
520.45	466.07   
520.881	375.27  
521.313	440.46  
521.744	482.36  
522.176	442.78  
522.607	473.05  
523.038	456.75  
523.47	456.75   
523.901	389.24  
524.332	400.88  
524.763	417.17  
525.194	403.21  
525.625	421.83  
526.056	375.27  
526.487	496.33  
526.917	482.36  
527.348	503.32  
527.779	410.19  
528.21	466.07   
528.64	452.1    
529.071	407.86  
529.501	500.99  
529.932	477.71  
530.362	407.86  
530.792	414.85  
531.222	459.08  
531.653	431.14  
532.083	447.44  
532.513	431.14  
532.943	503.32  
533.373	368.28  
533.803	414.85  
534.233	468.39  
534.663	428.82  
535.092	426.49  
535.522	466.07  
535.952	386.91  
536.381	447.44  
536.811	454.43  
537.24	361.3    
537.67	421.83   
538.099	466.07  
538.529	393.89  
538.958	412.52  
539.387	431.14  
539.816	414.85  
540.245	407.86  
540.674	452.1   
541.103	419.5   
541.532	503.32  
541.961	470.72  
542.39	407.86   
542.819	419.5   
543.248	449.77  
543.676	398.55  
544.105	438.13  
544.534	500.99  
544.962	454.43  
545.391	400.88  
545.819	477.71  
546.247	412.52  
546.676	445.11  
547.104	463.74  
547.532	412.52  
547.96	382.25   
548.388	405.53  
548.816	491.68  
549.244	384.58  
549.672	438.13  
550.1	431.14    
550.528	400.88  
550.956	496.33  
551.383	461.41  
551.811	431.14  
552.238	414.85  
552.666	412.52  
553.094	433.47  
553.521	386.91  
553.948	438.13  
554.376	405.53  
554.803	396.22  
555.23	494      
555.657	419.5   
556.084	412.52  
556.511	456.75  
556.938	386.91  
557.365	393.89  
557.792	445.11  
558.219	382.25  
558.646	398.55  
559.072	400.88  
559.499	400.88  
559.926	398.55  
560.352	417.17  
560.779	375.27  
561.205	426.49  
561.632	449.77  
562.058	384.58  
562.484	403.21  
562.91	349.66   
563.337	491.68  
563.763	452.1   
564.189	461.41  
564.615	377.6   
565.041	494     
565.466	421.83  
565.892	405.53  
566.318	391.57  
566.744	442.78  
567.169	347.33  
567.595	419.5   
568.021	438.13  
568.446	421.83  
568.872	470.72  
569.297	442.78  
569.722	393.89  
570.148	398.55  
570.573	405.53  
570.998	447.44  
571.423	405.53  
571.848	447.44  
572.273	449.77  
572.698	484.69  
573.123	403.21  
573.548	396.22  
573.973	473.05  
574.397	419.5   
574.822	440.46  
575.247	442.78  
575.671	489.35  
576.096	412.52  
576.52	449.77   
576.944	424.16  
577.369	410.19  
577.793	386.91  
578.217	475.38  
578.641	475.38  
579.065	433.47  
579.49	417.17   
579.914	414.85  
580.337	473.05  
580.761	407.86  
581.185	391.57  
581.609	407.86  
582.033	466.07  
582.456	473.05  
582.88	393.89   
583.303	375.27  
583.727	463.74  
584.15	393.89   
584.574	342.67  
584.997	372.94  
585.42	424.16   
585.844	431.14  
586.267	377.6   
586.69	417.17   
587.113	412.52  
587.536	447.44  
587.959	424.16  
588.382	368.28  
588.804	431.14  
589.227	466.07  
589.65	417.17   
590.073	405.53  
590.495	466.07  
590.918	377.6   
591.34	356.64   
591.763	421.83  
592.185	456.75  
592.607	389.24  
593.03	386.91   
593.452	461.41  
593.874	447.44  
594.296	347.33  
594.718	319.39  
595.14	466.07   
595.562	521.94  
595.984	426.49  
596.406	433.47  
596.827	400.88  
597.249	435.8   
597.671	393.89  
598.092	463.74  
598.514	438.13  
598.935	435.8   
599.357	421.83  
599.778	349.66  
600.199	445.11  
600.621	440.46  
601.042	482.36  
601.463	410.19  
601.884	456.75  
602.305	431.14  
602.726	438.13  
603.147	412.52  
603.568	403.21  
603.988	431.14  
604.409	442.78  
604.83	435.8    
605.25	400.88   
605.671	447.44  
606.092	442.78  
606.512	405.53  
606.932	412.52  
607.353	393.89  
607.773	431.14  
608.193	410.19  
608.613	419.5   
609.034	400.88  
609.454	452.1   
609.874	452.1   
610.293	407.86  
610.713	421.83  
611.133	482.36  
611.553	447.44  
611.973	442.78  
612.392	417.17  
612.812	452.1   
613.231	389.24  
613.651	487.02  
614.07	410.19   
614.49	407.86   
614.909	447.44  
615.328	473.05  
615.747	428.82  
616.167	407.86  
616.586	393.89  
617.005	393.89  
617.424	426.49  
617.843	435.8   
618.261	389.24  
618.68	335.69   
619.099	419.5   
619.518	449.77  
619.936	384.58  
620.355	398.55  
620.773	496.33  
621.192	459.08  
621.61	535.91   
622.029	419.5   
622.447	426.49  
622.865	438.13  
623.283	372.94  
623.701	452.1   
624.119	426.49  
624.537	356.64  
624.955	459.08  
625.373	421.83  
625.791	484.69  
626.209	398.55  
626.627	349.66  
627.044	419.5   
627.462	382.25  
627.879	421.83  
628.297	421.83  
628.714	382.25  
629.132	407.86  
629.549	421.83  
629.966	358.97  
630.383	442.78  
630.8	454.43    
631.217	398.55  
631.634	410.19  
632.051	428.82  
632.468	405.53  
632.885	426.49  
633.302	338.02  
633.719	426.49  
634.135	338.02  
634.552	391.57  
634.969	361.3   
635.385	391.57  
635.801	449.77  
636.218	442.78  
636.634	384.58  
637.05	449.77   
637.467	417.17  
637.883	442.78  
638.299	428.82  
638.715	433.47  
639.131	447.44  
639.547	454.43  
639.963	363.63  
640.378	426.49  
640.794	410.19  
641.21	421.83   
641.626	370.61  
642.041	421.83  
642.457	324.05  
642.872	417.17  
643.287	391.57  
643.703	407.86  
644.118	405.53  
644.533	482.36  
644.948	407.86  
645.364	407.86  
645.779	389.24  
646.194	433.47  
646.609	435.8   
647.023	403.21  
647.438	379.92  
647.853	398.55  
648.268	428.82  
648.682	412.52  
649.097	438.13  
649.511	384.58  
649.926	403.21  
650.34	407.86   
650.755	368.28  
651.169	398.55  
651.583	391.57  
651.997	386.91  
652.411	463.74  
652.825	442.78  
653.239	398.55  
653.653	393.89  
654.067	405.53  
654.481	398.55  
654.895	507.97  
655.309	454.43  
655.722	414.85  
656.136	354.31  
656.549	435.8   
656.963	424.16  
657.376	379.92  
657.79	382.25   
658.203	431.14  
658.616	407.86  
659.029	442.78  
659.442	393.89  
659.855	365.96  
660.268	391.57  
660.681	412.52  
661.094	368.28  
661.507	349.66  
661.92	400.88   
662.333	445.11  
662.745	447.44  
663.158	396.22  
663.57	433.47   
663.983	421.83  
664.395	473.05  
664.808	500.99  
665.22	382.25   
665.632	386.91  
666.044	377.6   
666.456	365.96  
666.868	449.77  
667.28	412.52   
667.692	414.85  
668.104	345     
668.516	461.41  
668.928	438.13  
669.34	410.19   
669.751	396.22  
670.163	421.83  
670.574	419.5   
670.986	426.49  
671.397	389.24  
671.809	447.44  
672.22	456.75   
672.631	370.61  
673.042	361.3   
673.453	426.49  
673.864	407.86  
674.275	445.11  
674.686	407.86  
675.097	435.8   
675.508	435.8   
675.919	365.96  
676.33	431.14   
676.74	412.52   
677.151	361.3   
677.561	338.02  
677.972	372.94  
678.382	442.78  
678.792	414.85  
679.203	342.67  
679.613	424.16  
680.023	435.8   
680.433	410.19  
680.843	414.85  
681.253	356.64  
681.663	386.91  
682.073	347.33  
682.483	440.46  
682.893	414.85  
683.302	396.22  
683.712	396.22  
684.122	414.85  
684.531	396.22  
684.94	475.38   
685.35	400.88   
685.759	400.88  
686.168	372.94  
686.578	433.47  
686.987	417.17  
687.396	417.17  
687.805	468.39  
688.214	403.21  
688.623	405.53  
689.032	473.05  
689.44	375.27   
689.849	396.22  
690.258	419.5   
690.666	484.69  
691.075	347.33  
691.484	424.16  
691.892	386.91  
692.3	403.21    
692.709	412.52  
693.117	452.1   
693.525	396.22  
693.933	428.82  
694.341	400.88  
694.749	391.57  
695.157	442.78  
695.565	372.94  
695.973	356.64  
696.381	403.21  
696.788	338.02  
697.196	400.88  
697.604	342.67  
698.011	400.88  
698.419	377.6   
698.826	396.22  
699.234	338.02  
699.641	389.24  
700.048	375.27  
700.455	335.69  
700.862	354.31  
701.269	321.72  
701.676	365.96  
702.083	396.22  
702.49	338.02   
702.897	342.67  
703.304	391.57  
703.71	372.94   
704.117	335.69  
704.524	414.85  
704.93	454.43   
705.337	393.89  
705.743	296.11  
706.149	389.24  
706.556	447.44  
706.962	379.92  
707.368	326.38  
707.774	454.43  
708.18	361.3    
708.586	426.49  
708.992	431.14  
709.398	435.8   
709.804	412.52  
710.209	384.58  
710.615	407.86  
711.021	354.31  
711.426	440.46  
711.832	335.69  
712.237	438.13  
712.642	435.8   
713.048	403.21  
713.453	345     
713.858	365.96  
714.263	398.55  
714.668	389.24  
715.073	368.28  
715.478	379.92  
715.883	433.47  
716.288	375.27  
716.693	431.14  
717.097	368.28  
717.502	384.58  
717.906	372.94  
718.311	433.47  
718.715	382.25  
719.12	368.28   
719.524	396.22  
719.928	426.49  
720.333	312.41  
720.737	384.58  
721.141	433.47  
721.545	419.5   
721.949	426.49  
722.353	358.97  
722.757	391.57  
723.16	400.88   
723.564	393.89  
723.968	375.27  
724.371	414.85  
724.775	407.86  
725.178	440.46  
725.582	363.63  
725.985	331.03  
726.388	414.85  
726.792	435.8   
727.195	321.72  
727.598	379.92  
728.001	447.44  
728.404	396.22  
728.807	393.89  
729.21	368.28   
729.612	412.52  
730.015	361.3   
730.418	391.57  
730.82	391.57   
731.223	452.1   
731.625	386.91  
732.028	421.83  
732.43	393.89   
732.833	407.86  
733.235	354.31  
733.637	382.25  
734.039	424.16  
734.441	391.57  
734.843	407.86  
735.245	375.27  
735.647	459.08  
736.049	358.97  
736.451	351.99  
736.852	412.52  
737.254	386.91  
737.655	447.44  
738.057	391.57  
738.458	403.21  
738.86	410.19   
739.261	391.57  
739.662	314.74  
740.064	389.24  
740.465	335.69  
740.866	426.49  
741.267	431.14  
741.668	473.05  
742.069	389.24  
742.469	389.24  
742.87	491.68   
743.271	396.22  
743.672	421.83  
744.072	347.33  
744.473	389.24  
744.873	361.3   
745.274	372.94  
745.674	433.47  
746.074	433.47  
746.474	393.89  
746.875	333.36  
747.275	449.77  
747.675	452.1   
748.075	405.53  
748.474	382.25  
748.874	412.52  
749.274	452.1   
749.674	414.85  
750.073	428.82  
750.473	393.89  
750.873	396.22  
751.272	456.75  
751.671	414.85  
752.071	407.86  
752.47	363.63   
752.869	447.44  
753.268	407.86  
753.668	419.5   
754.067	389.24  
754.466	417.17  
754.864	361.3   
755.263	351.99  
755.662	342.67  
756.061	393.89  
756.459	375.27  
756.858	370.61  
757.257	445.11  
757.655	393.89  
758.053	386.91  
758.452	307.75  
758.85	435.8    
759.248	468.39  
759.646	414.85  
760.045	396.22  
760.443	384.58  
760.841	435.8   
761.238	358.97  
761.636	382.25  
762.034	358.97  
762.432	414.85  
762.829	421.83  
763.227	414.85  
763.625	431.14  
764.022	349.66  
764.419	368.28  
764.817	363.63  
765.214	410.19  
765.611	433.47  
766.008	447.44  
766.406	461.41  
766.803	426.49  
767.199	393.89  
767.596	447.44  
767.993	393.89  
768.39	382.25   
768.787	426.49  
769.183	405.53  
769.58	454.43   
769.977	386.91  
770.373	379.92  
770.769	333.36  
771.166	386.91  
771.562	333.36  
771.958	414.85  
772.354	356.64  
772.75	375.27   
773.146	377.6   
773.542	370.61  
773.938	456.75  
774.334	424.16  
774.73	386.91   
775.126	438.13  
775.521	351.99  
775.917	342.67  
776.312	484.69  
776.708	410.19  
777.103	426.49  
777.499	412.52  
777.894	375.27  
778.289	365.96  
778.684	398.55  
779.079	407.86  
779.474	396.22  
779.869	405.53  
780.264	358.97  
780.659	398.55  
781.054	356.64  
781.448	335.69  
781.843	433.47  
782.238	475.38  
782.632	398.55  
783.027	396.22  
783.421	361.3   
783.815	377.6   
784.21	333.36   
784.604	435.8   
784.998	405.53  
785.392	375.27  
785.786	368.28  
786.18	398.55   
786.574	370.61  
786.968	363.63  
787.361	391.57  
787.755	400.88  
788.149	347.33  
788.542	389.24  
788.936	389.24  
789.329	407.86  
789.722	310.08  
790.116	354.31  
790.509	407.86  
790.902	333.36  
791.295	356.64  
791.688	414.85  
792.081	375.27  
792.474	379.92  
792.867	417.17  
793.26	442.78   
793.653	433.47  
794.045	447.44  
794.438	333.36  
794.83	398.55   
795.223	419.5   
795.615	317.06  
796.008	356.64  
796.4	356.64    
796.792	333.36  
797.184	365.96  
797.576	403.21  
797.968	447.44  
798.36	410.19   
798.752	412.52  
799.144	386.91  
799.536	363.63  
799.928	379.92  
800.319	407.86  
800.711	410.19  
801.102	428.82  
801.494	361.3   
801.885	468.39  
802.276	426.49  
802.668	375.27  
803.059	417.17  
803.45	417.17   
803.841	405.53  
804.232	403.21  
804.623	317.06  
805.014	417.17  
805.405	477.71  
805.795	452.1   
806.186	349.66  
806.577	421.83  
806.967	435.8   
807.358	405.53  
807.748	438.13  
808.139	340.35  
808.529	391.57  
808.919	417.17  
809.309	377.6   
809.699	431.14  
810.089	424.16  
810.479	426.49  
810.869	459.08  
811.259	391.57  
811.649	382.25  
812.039	386.91  
812.428	440.46  
812.818	363.63  
813.207	431.14  
813.597	361.3   
813.986	461.41  
814.376	447.44  
814.765	324.05  
815.154	358.97  
815.543	314.74  
815.932	377.6   
816.321	417.17  
816.71	389.24   
817.099	372.94  
817.488	440.46  
817.877	414.85  
818.265	370.61  
818.654	398.55  
819.043	407.86  
819.431	424.16  
819.819	354.31  
820.208	393.89  
820.596	384.58  
820.984	398.55  
821.372	377.6   
821.761	384.58  
822.149	354.31  
822.537	363.63  
822.924	407.86  
823.312	396.22  
823.7	377.6     
824.088	384.58  
824.475	417.17  
824.863	370.61  
825.251	358.97  
825.638	391.57  
826.025	400.88  
826.413	342.67  
826.8	393.89    
827.187	382.25  
827.574	426.49  
827.961	389.24  
828.348	403.21  
828.735	438.13  
829.122	356.64  
829.509	421.83  
829.896	365.96  
830.282	396.22  
830.669	393.89  
831.055	345     
831.442	428.82  
831.828	428.82  
832.215	391.57  
832.601	391.57  
832.987	379.92  
833.373	361.3   
833.759	375.27  
834.145	403.21  
834.531	412.52  
834.917	407.86  
835.303	398.55  
835.689	340.35  
836.074	433.47  
836.46	363.63   
836.846	379.92  
837.231	412.52  
837.617	419.5   
838.002	405.53  
838.387	379.92  
838.772	431.14  
839.158	340.35  
839.543	435.8   
839.928	326.38  
840.313	435.8   
840.698	433.47  
841.082	405.53  
841.467	338.02  
841.852	375.27  
842.237	342.67  
842.621	410.19  
843.006	484.69  
843.39	382.25   
843.774	317.06  
844.159	393.89  
844.543	351.99  
844.927	365.96  
845.311	342.67  
845.695	412.52  
846.079	396.22  
846.463	454.43  
846.847	372.94  
847.231	389.24  
847.615	405.53  
847.998	358.97  
848.382	389.24  
848.765	417.17  
849.149	398.55  
849.532	438.13  
849.916	494     
850.299	440.46  
850.682	389.24  
851.065	389.24  
851.448	333.36  
851.831	375.27  
852.214	377.6   
852.597	351.99  
852.98	431.14   
853.363	407.86  
853.745	382.25  
854.128	345     
854.51	328.71   
854.893	386.91  
855.275	361.3   
855.658	333.36  
856.04	342.67   
856.422	410.19  
856.804	358.97  
857.186	445.11  
857.568	435.8   
857.95	365.96   
858.332	384.58  
858.714	345     
859.096	468.39  
859.477	431.14  
859.859	317.06  
860.24	382.25   
860.622	389.24  
861.003	358.97  
861.385	405.53  
861.766	407.86  
862.147	393.89  
862.528	417.17  
862.909	400.88  
863.29	466.07   
863.671	403.21  
864.052	307.75  
864.433	407.86  
864.814	431.14  
865.194	417.17  
865.575	433.47  
865.955	440.46  
866.336	393.89  
866.716	419.5   
867.097	412.52  
867.477	368.28  
867.857	424.16  
868.237	358.97  
868.617	435.8   
868.997	419.5   
869.377	400.88  
869.757	400.88  
870.137	414.85  
870.517	412.52  
870.896	389.24  
871.276	375.27  
871.655	351.99  
872.035	438.13  
872.414	405.53  
872.794	440.46  
873.173	386.91  
873.552	393.89  
873.931	417.17  
874.31	377.6    
874.689	372.94  
875.068	391.57  
875.447	396.22  
875.826	403.21  
876.205	410.19  
876.583	384.58  
876.962	379.92  
877.341	428.82  
877.719	289.13  
878.097	440.46  
878.476	391.57  
878.854	361.3   
879.232	421.83  
879.61	384.58   
879.988	400.88  
880.366	403.21  
880.744	403.21  
881.122	391.57  
881.5	400.88    
881.878	459.08  
882.255	419.5   
882.633	386.91  
883.011	435.8   
883.388	412.52  
883.765	452.1   
884.143	398.55  
884.52	396.22   
884.897	403.21  
885.274	354.31  
885.651	386.91  
886.028	417.17  
886.405	438.13  
886.782	405.53  
887.159	412.52  
887.536	377.6   
887.912	361.3   
888.289	421.83  
888.665	386.91  
889.042	405.53  
889.418	358.97  
889.794	370.61  
890.171	368.28  
890.547	433.47  
890.923	438.13  
891.299	419.5   
891.675	435.8   
892.051	414.85  
892.427	424.16  
892.803	375.27  
893.178	403.21  
893.554	393.89  
893.929	396.22  
894.305	391.57  
894.68	405.53   
895.056	358.97  
895.431	419.5   
895.806	391.57  
896.181	426.49  
896.557	349.66  
896.932	414.85  
897.307	379.92  
897.681	347.33  
898.056	454.43  
898.431	377.6   
898.806	442.78  
899.18	375.27   
899.555	419.5   
899.929	445.11  
900.304	372.94  
900.678	410.19  
901.052	419.5   
901.427	338.02  
901.801	365.96  
902.175	468.39  
902.549	342.67  
902.923	365.96  
903.297	433.47  
903.67	377.6    
904.044	326.38  
904.418	435.8   
904.791	372.94  
905.165	400.88  
905.538	377.6   
905.912	338.02  
906.285	333.36  
906.658	482.36  
907.032	403.21  
907.405	438.13  
907.778	475.38  
908.151	435.8   
908.524	454.43  
908.896	452.1   
909.269	440.46  
909.642	361.3   
910.015	370.61  
910.387	389.24  
910.76	410.19   
911.132	442.78  
911.504	412.52  
911.877	379.92  
912.249	417.17  
912.621	463.74  
912.993	363.63  
913.365	452.1   
913.737	398.55  
914.109	445.11  
914.481	412.52  
914.853	463.74  
915.224	349.66  
915.596	365.96  
915.968	440.46  
916.339	410.19  
916.71	347.33   
917.082	438.13  
917.453	354.31  
917.824	386.91  
918.195	379.92  
918.566	466.07  
918.937	421.83  
919.308	417.17  
919.679	382.25  
920.05	393.89   
920.421	500.99  
920.791	382.25  
921.162	403.21  
921.532	426.49  
921.903	424.16  
922.273	365.96  
922.644	412.52  
923.014	442.78  
923.384	407.86  
923.754	424.16  
924.124	438.13  
924.494	335.69  
924.864	461.41  
925.234	435.8   
925.604	433.47  
925.973	384.58  
926.343	459.08  
926.712	414.85  
927.082	393.89  
927.451	358.97  
927.821	405.53  
928.19	470.72   
928.559	405.53  
928.928	340.35  
929.297	349.66  
929.666	452.1   
930.035	438.13  
930.404	386.91  
930.773	382.25  
931.142	461.41  
931.51	410.19   
931.879	393.89  
932.247	410.19  
932.616	412.52  
932.984	424.16  
933.353	412.52  
933.721	438.13  
934.089	393.89  
934.457	382.25  
934.825	377.6   
935.193	414.85  
935.561	440.46  
935.929	414.85  
936.296	403.21  
936.664	424.16  
937.032	414.85  
937.399	433.47  
937.767	349.66  
938.134	317.06  
938.501	396.22  
938.869	410.19  
939.236	391.57  
939.603	438.13  
939.97	398.55   
940.337	400.88  
940.704	445.11  
941.071	300.77  
941.438	370.61  
941.804	417.17  
942.171	403.21  
942.538	389.24  
942.904	335.69  
943.27	384.58   
943.637	333.36  
944.003	424.16  
944.369	487.02  
944.735	365.96  
945.102	349.66  
945.468	384.58  
945.833	433.47  
946.199	428.82  
946.565	358.97  
946.931	447.44  
947.296	414.85  
947.662	326.38  
948.028	384.58  
948.393	358.97  
948.758	403.21  
949.124	419.5   
949.489	365.96  
949.854	386.91  
950.219	405.53  
950.584	368.28  
950.949	449.77  
951.314	386.91  
951.679	480.03  
952.044	372.94  
952.408	358.97  
952.773	447.44  
953.137	433.47  
953.502	424.16  
953.866	384.58  
954.231	419.5   
954.595	375.27  
954.959	317.06  
955.323	447.44  
955.687	372.94  
956.051	379.92  
956.415	368.28  
956.779	342.67  
957.143	407.86  
957.506	403.21  
957.87	375.27   
958.234	438.13  
958.597	403.21  
958.961	375.27  
959.324	386.91  
959.687	386.91  
960.05	435.8    
960.413	349.66  
960.776	400.88  
961.139	372.94  
961.502	424.16  
961.865	389.24  
962.228	410.19  
962.591	468.39  
962.953	389.24  
963.316	340.35  
963.678	342.67  
964.041	403.21  
964.403	391.57  
964.765	393.89  
965.128	386.91  
965.49	412.52   
965.852	410.19  
966.214	459.08  
966.576	424.16  
966.938	424.16  
967.299	307.75  
967.661	375.27  
968.023	372.94  
968.384	358.97  
968.746	372.94  
969.107	328.71  
969.469	414.85  
969.83	459.08   
970.191	368.28  
970.552	412.52  
970.913	331.03  
971.274	335.69  
971.635	382.25  
971.996	419.5   
972.357	410.19  
972.718	335.69  
973.078	412.52  
973.439	435.8   
973.8	379.92    
974.16	375.27   
974.52	384.58   
974.881	466.07  
975.241	361.3   
975.601	375.27  
975.961	372.94  
976.321	363.63  
976.681	417.17  
977.041	417.17  
977.401	414.85  
977.76	389.24   
978.12	384.58   
978.48	384.58   
978.839	421.83  
979.199	317.06  
979.558	407.86  
979.917	391.57  
980.277	396.22  
980.636	396.22  
980.995	389.24  
981.354	403.21  
981.713	449.77  
982.072	433.47  
982.43	438.13   
982.789	375.27  
983.148	372.94  
983.506	396.22  
983.865	433.47  
984.223	393.89  
984.582	447.44  
984.94	403.21   
985.298	466.07  
985.656	340.35  
986.015	410.19  
986.373	375.27  
986.731	372.94  
987.088	379.92  
987.446	400.88  
987.804	370.61  
988.162	456.75  
988.519	407.86  
988.877	375.27  
989.234	431.14  
989.591	449.77  
989.949	324.05  
990.306	426.49  
990.663	452.1   
991.02	391.57   
991.377	410.19  
991.734	365.96  
992.091	435.8   
992.448	391.57  
992.805	365.96  
993.161	361.3   
993.518	335.69  
993.874	389.24  
994.231	379.92  
994.587	391.57  
994.943	375.27  
995.3	389.24    
995.656	403.21  
996.012	375.27  
996.368	449.77  
996.724	372.94  
997.08	351.99   
997.435	391.57  
997.791	428.82  
998.147	531.25  
998.502	310.08  
998.858	375.27  
999.213	375.27  
999.569	356.64  
999.924	431.14  
1000.279	414.85 
1000.634	386.91 
1000.989	405.53 
1001.344	405.53 
1001.699	391.57 
1002.054	386.91 
1002.409	405.53 
1002.764	345    
1003.118	340.35 
1003.473	370.61 
1003.827	386.91 
1004.182	382.25 
1004.536	407.86 
1004.89	410.19  
1005.245	379.92 
1005.599	340.35 
1005.953	384.58 
1006.307	407.86 
1006.661	351.99 
1007.015	417.17 
1007.368	349.66 
1007.722	303.1  
1008.076	403.21 
1008.429	403.21 
1008.783	347.33 
1009.136	368.28 
1009.489	400.88 
1009.843	358.97 
1010.196	405.53 
1010.549	405.53 
1010.902	424.16 
1011.255	370.61 
1011.608	447.44 
1011.961	475.38 
1012.313	349.66 
1012.666	391.57 
1013.019	431.14 
1013.371	398.55 
1013.724	407.86 
1014.076	405.53 
1014.428	426.49 
1014.781	372.94 
1015.133	389.24 
1015.485	370.61 
1015.837	372.94 
1016.189	365.96 
1016.541	459.08 
1016.893	431.14 
1017.244	324.05 
1017.596	440.46 
1017.947	386.91 
1018.299	354.31 
1018.65	386.91  
1019.002	445.11 
1019.353	391.57 
1019.704	400.88 
1020.055	379.92 
1020.407	312.41 
1020.758	398.55 
1021.108	342.67 
1021.459	403.21 
1021.81	384.58  
1022.161	424.16 
1022.511	421.83 
1022.862	342.67 
1023.213	433.47 
1023.563	331.03 
1023.913	372.94 
1024.264	372.94 
1024.614	417.17 
1024.964	382.25 
1025.314	368.28 
1025.664	412.52 
1026.014	403.21 
1026.364	393.89 
1026.713	324.05 
1027.063	377.6  
1027.413	419.5  
1027.762	396.22 
1028.112	419.5  
1028.461	421.83 
1028.81	405.53  
1029.16	440.46  
1029.509	382.25 
1029.858	417.17 
1030.207	377.6  
1030.556	382.25 
1030.905	424.16 
1031.254	375.27 
1031.602	356.64 
1031.951	419.5  
1032.3	407.86   
1032.648	321.72 
1032.996	321.72 
1033.345	321.72 