187.879	-15.57 
188.346	-15.57 
188.813	-15.57 
189.28	-104.04 
189.747	-106.37
190.214	-41.18 
190.681	-80.76 
191.148	-55.15 
191.614	-24.88 
192.081	-94.73 
192.548	-43.51 
193.014	-13.24 
193.481	-78.43 
193.948	19.35  
194.414	-1.6   
194.881	33.32  
195.347	3.06   
195.813	72.9   
196.28	33.32   
196.746	86.87  
197.212	184.65 
197.678	191.64 
198.145	198.62 
198.611	231.21 
199.077	238.2  
199.543	273.12 
200.009	268.46 
200.475	280.11 
200.941	301.06 
201.407	263.81 
201.873	308.04 
202.338	356.93 
202.804	340.64 
203.27	335.98  
203.735	322.01 
204.201	349.95 
204.667	396.51 
205.132	352.28 
205.598	489.64 
206.063	417.47 
206.529	417.47 
206.994	473.34 
207.459	417.47 
207.925	389.53 
208.39	436.09  
208.855	417.47 
209.32	445.4   
209.785	408.15 
210.25	436.09  
210.715	450.06 
211.18	408.15  
211.645	412.81 
212.11	464.03  
212.575	473.34 
213.04	475.67  
213.504	380.22 
213.969	382.54 
214.434	445.4  
214.899	422.12 
215.363	396.51 
215.828	445.4  
216.292	387.2  
216.757	389.53 
217.221	415.14 
217.685	426.78 
218.15	287.09  
218.614	361.59 
219.078	370.9  
219.542	380.22 
220.007	445.4  
220.471	370.9  
220.935	347.62 
221.399	398.84 
221.863	375.56 
222.327	347.62 
222.791	445.4  
223.254	396.51 
223.718	426.78 
224.182	354.61 
224.646	335.98 
225.109	319.68 
225.573	422.12 
226.037	389.53 
226.5	410.48   
226.964	368.57 
227.427	405.83 
227.89	349.95  
228.354	342.97 
228.817	359.26 
229.28	417.47  
229.744	417.47 
230.207	426.78 
230.67	398.84  
231.133	403.5  
231.596	408.15 
232.059	440.75 
232.522	315.03 
232.985	445.4  
233.448	391.86 
233.911	394.18 
234.374	401.17 
234.836	375.56 
235.299	375.56 
235.762	331.32 
236.224	354.61 
236.687	424.45 
237.149	335.98 
237.612	396.51 
238.074	347.62 
238.537	443.08 
238.999	342.97 
239.461	452.39 
239.924	454.72 
240.386	322.01 
240.848	361.59 
241.31	394.18  
241.772	370.9  
242.234	422.12 
242.696	412.81 
243.158	426.78 
243.62	405.83  
244.082	394.18 
244.544	354.61 
245.006	359.26 
245.468	380.22 
245.929	403.5  
246.391	368.57 
246.852	447.73 
247.314	356.93 
247.776	356.93 
248.237	373.23 
248.698	412.81 
249.16	377.89  
249.621	419.79 
250.082	368.57 
250.544	415.14 
251.005	387.2  
251.466	412.81 
251.927	443.08 
252.388	356.93 
252.849	454.72 
253.31	445.4   
253.771	382.54 
254.232	389.53 
254.693	391.86 
255.154	370.9  
255.615	375.56 
256.075	303.39 
256.536	464.03 
256.997	410.48 
257.457	380.22 
257.918	419.79 
258.378	436.09 
258.839	473.34 
259.299	382.54 
259.759	408.15 
260.22	354.61  
260.68	370.9   
261.14	375.56  
261.6	401.17   
262.06	426.78  
262.521	466.36 
262.981	403.5  
263.441	461.7  
263.901	480.33 
264.36	389.53  
264.82	391.86  
265.28	438.42  
265.74	356.93  
266.2	329      
266.659	417.47 
267.119	443.08 
267.579	424.45 
268.038	419.79 
268.498	363.92 
268.957	352.28 
269.416	426.78 
269.876	389.53 
270.335	363.92 
270.794	373.23 
271.254	440.75 
271.713	426.78 
272.172	426.78 
272.631	396.51 
273.09	415.14  
273.549	424.45 
274.008	403.5  
274.467	403.5  
274.926	384.87 
275.385	422.12 
275.843	403.5  
276.302	396.51 
276.761	391.86 
277.22	401.17  
277.678	391.86 
278.137	419.79 
278.595	329    
279.054	387.2  
279.512	401.17 
279.97	391.86  
280.429	401.17 
280.887	401.17 
281.345	422.12 
281.803	363.92 
282.262	391.86 
282.72	335.98  
283.178	433.76 
283.636	368.57 
284.094	429.11 
284.552	447.73 
285.01	457.04  
285.467	370.9  
285.925	398.84 
286.383	391.86 
286.841	359.26 
287.298	452.39 
287.756	412.81 
288.213	417.47 
288.671	405.83 
289.128	412.81 
289.586	408.15 
290.043	377.89 
290.5	450.06   
290.958	408.15 
291.415	471.01 
291.872	408.15 
292.329	473.34 
292.786	387.2  
293.243	478    
293.7	431.43   
294.157	370.9  
294.614	431.43 
295.071	422.12 
295.528	363.92 
295.985	382.54 
296.441	417.47 
296.898	424.45 
297.355	461.7  
297.811	424.45 
298.268	517.58 
298.724	473.34 
299.181	436.09 
299.637	380.22 
300.094	473.34 
300.55	408.15  
301.006	482.65 
301.462	408.15 
301.919	412.81 
302.375	454.72 
302.831	436.09 
303.287	450.06 
303.743	450.06 
304.199	433.76 
304.655	361.59 
305.11	464.03  
305.566	391.86 
306.022	424.45 
306.478	459.37 
306.933	403.5  
307.389	431.43 
307.845	452.39 
308.3	436.09   
308.756	443.08 
309.211	405.83 
309.666	452.39 
310.122	380.22 
310.577	454.72 
311.032	436.09 
311.487	436.09 
311.943	422.12 
312.398	417.47 
312.853	445.4  
313.308	380.22 
313.763	412.81 
314.218	471.01 
314.672	468.69 
315.127	543.19 
315.582	478    
316.037	433.76 
316.492	431.43 
316.946	396.51 
317.401	457.04 
317.855	466.36 
318.31	366.25  
318.764	410.48 
319.219	398.84 
319.673	424.45 
320.127	443.08 
320.582	368.57 
321.036	433.76 
321.49	408.15  
321.944	412.81 
322.398	473.34 
322.852	426.78 
323.306	422.12 
323.76	375.56  
324.214	424.45 
324.668	422.12 
325.122	417.47 
325.575	484.98 
326.029	438.42 
326.483	473.34 
326.936	447.73 
327.39	450.06  
327.843	508.26 
328.297	438.42 
328.75	398.84  
329.204	438.42 
329.657	457.04 
330.11	422.12  
330.564	461.7  
331.017	445.4  
331.47	471.01  
331.923	447.73 
332.376	461.7  
332.829	454.72 
333.282	426.78 
333.735	468.69 
334.188	424.45 
334.641	454.72 
335.093	450.06 
335.546	329    
335.999	433.76 
336.451	398.84 
336.904	445.4  
337.356	424.45 
337.809	443.08 
338.261	473.34 
338.714	440.75 
339.166	403.5  
339.618	398.84 
340.07	440.75  
340.523	505.94 
340.975	429.11 
341.427	438.42 
341.879	440.75 
342.331	452.39 
342.783	471.01 
343.235	540.86 
343.687	419.79 
344.138	498.95 
344.59	380.22  
345.042	436.09 
345.494	335.98 
345.945	443.08 
346.397	431.43 
346.848	394.18 
347.3	445.4    
347.751	480.33 
348.203	473.34 
348.654	419.79 
349.105	373.23 
349.556	445.4  
350.008	417.47 
350.459	510.59 
350.91	457.04  
351.361	498.95 
351.812	426.78 
352.263	478    
352.714	412.81 
353.165	461.7  
353.615	384.87 
354.066	436.09 
354.517	447.73 
354.968	466.36 
355.418	431.43 
355.869	433.76 
356.319	450.06 
356.77	443.08  
357.22	387.2   
357.671	419.79 
358.121	478    
358.571	419.79 
359.021	431.43 
359.472	473.34 
359.922	438.42 
360.372	419.79 
360.822	419.79 
361.272	396.51 
361.722	408.15 
362.172	377.89 
362.622	391.86 
363.071	443.08 
363.521	426.78 
363.971	431.43 
364.42	450.06  
364.87	433.76  
365.32	478     
365.769	403.5  
366.219	405.83 
366.668	466.36 
367.117	464.03 
367.567	489.64 
368.016	401.17 
368.465	431.43 
368.914	424.45 
369.363	422.12 
369.812	482.65 
370.261	489.64 
370.71	484.98  
371.159	450.06 
371.608	447.73 
372.057	440.75 
372.506	505.94 
372.955	545.51 
373.403	517.58 
373.852	424.45 
374.301	447.73 
374.749	489.64 
375.198	389.53 
375.646	380.22 
376.094	417.47 
376.543	443.08 
376.991	459.37 
377.439	445.4  
377.887	417.47 
378.336	450.06 
378.784	426.78 
379.232	433.76 
379.68	412.81  
380.128	436.09 
380.576	498.95 
381.023	422.12 
381.471	422.12 
381.919	424.45 
382.367	417.47 
382.814	431.43 
383.262	410.48 
383.71	363.92  
384.157	403.5  
384.605	370.9  
385.052	424.45 
385.499	438.42 
385.947	387.2  
386.394	396.51 
386.841	440.75 
387.288	445.4  
387.735	387.2  
388.182	436.09 
388.63	473.34  
389.076	452.39 
389.523	436.09 
389.97	454.72  
390.417	398.84 
390.864	417.47 
391.311	450.06 
391.757	454.72 
392.204	478    
392.651	454.72 
393.097	450.06 
393.544	401.17 
393.99	370.9   
394.436	475.67 
394.883	431.43 
395.329	452.39 
395.775	545.51 
396.221	370.9  
396.668	433.76 
397.114	443.08 
397.56	510.59  
398.006	505.94 
398.452	361.59 
398.897	464.03 
399.343	454.72 
399.789	454.72 
400.235	471.01 
400.681	454.72 
401.126	450.06 
401.572	389.53 
402.017	440.75 
402.463	412.81 
402.908	459.37 
403.354	471.01 
403.799	501.28 
404.244	471.01 
404.689	396.51 
405.135	489.64 
405.58	422.12  
406.025	431.43 
406.47	491.97  
406.915	380.22 
407.36	398.84  
407.805	466.36 
408.25	443.08  
408.694	482.65 
409.139	468.69 
409.584	491.97 
410.029	424.45 
410.473	473.34 
410.918	468.69 
411.362	433.76 
411.807	412.81 
412.251	510.59 
412.695	450.06 
413.14	466.36  
413.584	431.43 
414.028	457.04 
414.472	445.4  
414.916	498.95 
415.36	457.04  
415.804	447.73 
416.248	424.45 
416.692	450.06 
417.136	459.37 
417.58	475.67  
418.024	489.64 
418.467	436.09 
418.911	480.33 
419.355	359.26 
419.798	517.58 
420.242	440.75 
420.685	552.5  
421.128	473.34 
421.572	496.62 
422.015	524.56 
422.458	522.23 
422.902	545.51 
423.345	589.75 
423.788	526.89 
424.231	559.48 
424.674	531.54 
425.117	501.28 
425.56	578.11  
426.003	566.47 
426.445	526.89 
426.888	592.08 
427.331	571.12 
427.773	578.11 
428.216	608.37 
428.659	692.19 
429.101	640.97 
429.543	750.39 
429.986	624.67 
430.428	727.11 
430.87	722.45  
431.313	771.34 
431.755	762.03 
432.197	820.24 
432.639	838.86 
433.081	817.91 
433.523	822.56 
433.965	925    
434.407	955.27 
434.849	899.39 
435.291	1087.97
435.732	1136.86
436.174	1076.33
436.616	1167.13
437.057	1195.07
437.499	1344.07
437.94	1248.61 
438.382	1339.41
438.823	1397.62
439.264	1406.93
439.706	1597.84
440.147	1658.37
440.588	1795.73
441.029	1825.99
441.47	1816.68 
441.911	1846.95
442.352	2086.75
442.793	2168.23
443.234	2147.28
443.675	2286.97
444.116	2380.09
444.556	2477.88
444.997	2657.14
445.438	2713.02
445.878	2782.86
446.319	2964.46
446.759	3097.16
447.199	3316.01
447.64	3469.67 
448.08	3644.28 
448.52	3702.48 
448.961	3928.31
449.401	4000.48
449.841	4263.56
450.281	4405.58
450.721	4547.6 
451.161	4561.57
451.601	4826.98
452.041	5166.88
452.48	5504.47 
452.92	5644.16 
453.36	5748.92 
453.799	6002.69
454.239	6326.3 
454.679	6500.91
455.118	6724.42
455.557	6938.6 
455.997	7131.84
456.436	7385.61
456.875	7208.67
457.315	7534.61
457.754	7897.8 
458.193	7639.38
458.632	7958.33
459.071	8186.49
459.51	7958.33 
459.949	7990.93
460.388	8233.05
460.827	8398.35
461.265	8209.77
461.704	8058.44
462.143	7683.61
462.581	7837.27
463.02	7900.13 
463.458	7555.56
463.897	7539.27
464.335	7129.51
464.774	6931.62
465.212	6878.07
465.65	6752.35 
466.088	6852.46
466.527	6442.71
466.965	6100.47
467.403	6163.33
467.841	6086.5 
468.279	5665.11
468.716	5809.45
469.154	5467.22
469.592	5264.67
470.03	5222.76 
470.467	5015.56
470.905	5031.85
471.343	4903.8 
471.78	4731.52 
472.218	4636.07
472.655	4626.75
473.092	4494.05
473.53	4393.94 
473.967	4452.14
474.404	4328.75
474.841	4319.44
475.278	4147.16
475.716	4128.53
476.153	4233.3 
476.589	4114.56
477.026	4058.69
477.463	3972.55
477.9	3953.92  
478.337	4012.12
478.773	3886.4 
479.21	3863.12 
479.647	3723.43
480.083	3756.03
480.52	3602.37 
480.956	3441.73
481.392	3513.9 
481.829	3448.71
482.265	3385.85
482.701	3346.27
483.137	3220.55
483.574	3176.32
484.01	3153.04 
484.446	3071.55
484.882	3041.29
485.317	2824.77
485.753	2966.79
486.189	2862.02
486.625	2927.21
487.061	2782.86
487.496	2687.41
487.932	2699.05
488.367	2673.44
488.803	2678.1 
489.238	2559.36
489.674	2466.23
490.109	2503.49
490.544	2491.84
490.979	2410.36
491.415	2396.39
491.85	2401.05 
492.285	2298.61
492.72	2349.83 
493.155	2284.64
493.59	2217.12 
494.024	2177.54
494.459	2079.76
494.894	2170.56
495.329	2100.72
495.763	2086.75
496.198	2121.67
496.632	2091.4 
497.067	2077.43
497.501	2033.2 
497.936	2030.87
498.37	2047.17 
498.804	2075.11
499.238	2077.43
499.673	2016.9 
500.107	1914.46
500.541	1944.73
500.975	2061.14
501.409	1979.65
501.843	1963.36
502.277	2000.61
502.71	2042.51 
503.144	1965.68
503.578	1968.01
504.011	2019.23
504.445	2075.11
504.878	1961.03
505.312	2044.84
505.745	2068.12
506.179	1907.48
506.612	2065.79
507.045	2033.2 
507.479	2135.64
507.912	2142.62
508.345	2089.08
508.778	2103.04
509.211	2035.53
509.644	2137.97
510.077	2151.94
510.509	2254.37
510.942	2354.48
511.375	2354.48
511.808	2340.51
512.24	2263.69 
512.673	2328.87
513.105	2321.89
513.538	2470.89
513.97	2515.13 
514.403	2496.5 
514.835	2445.28
515.267	2505.81
515.699	2454.59
516.131	2612.91
516.564	2622.22
516.996	2564.02
517.428	2664.13
517.859	2680.42
518.291	2675.77
518.723	2740.96
519.155	2729.32
519.587	2794.5 
520.018	2852.71
520.45	2882.97 
520.881	2924.88
521.313	2920.22
521.744	3073.88
522.176	2943.5 
522.607	3173.99
523.038	3013.35
523.47	2997.05 
523.901	3078.54
524.332	3167.01
524.763	3071.55
525.194	3253.15
525.625	3099.49
526.056	3290.4 
526.487	3260.13
526.917	3281.09
527.348	3376.54
527.779	3341.62
528.21	3432.42 
528.64	3353.26 
529.071	3348.6 
529.501	3462.68
529.932	3504.59
530.362	3462.68
530.792	3586.07
531.222	3541.84
531.653	3565.12
532.083	3627.98
532.513	3700.15
532.943	3660.57
533.373	3637.29
533.803	3644.28
534.233	3779.31
534.663	3632.64
535.092	3716.45
535.522	3709.47
535.952	3860.79
536.381	3700.15
536.811	3865.45
537.24	3967.89 
537.67	3818.89 
538.099	3774.65
538.529	3786.29
538.958	3860.79
539.387	3972.55
539.816	3898.05
540.245	3884.08
540.674	3928.31
541.103	3928.31
541.532	4026.09
541.961	3946.94
542.39	3930.64 
542.819	4105.25
543.248	3965.56
543.676	3995.83
544.105	3923.65
544.534	4047.05
544.962	4193.72
545.391	4026.09
545.819	4065.67
546.247	3991.17
546.676	4044.72
547.104	4158.8 
547.532	4074.98
547.96	4007.47 
548.388	4156.47
548.816	3977.2 
549.244	4077.31
549.672	4100.59
550.1	4065.67  
550.528	4056.36
550.956	3972.55
551.383	4142.5 
551.811	4088.95
552.238	4352.03
552.666	4272.88
553.094	4077.31
553.521	4156.47
553.948	4149.48
554.376	4261.24
554.803	4105.25
555.23	4095.94 
555.657	4219.33
556.084	4226.31
556.511	4133.19
556.938	4133.19
557.365	4198.38
557.792	4210.02
558.219	4044.72
558.646	4119.22
559.072	4123.88
559.499	4119.22
559.926	4205.36
560.352	4126.2 
560.779	4130.86
561.205	4109.91
561.632	4182.08
562.058	4086.62
562.484	4210.02
562.91	4068    
563.337	4186.74
563.763	4112.23
564.189	4109.91
564.615	4317.11
565.041	4147.16
565.466	4179.75
565.892	4244.94
566.318	4349.71
566.744	4151.81
567.169	4200.7 
567.595	4221.66
568.021	4230.97
568.446	4359.02
568.872	4300.81
569.297	4107.58
569.722	4172.77
570.148	4210.02
570.573	4079.64
570.998	4170.44
571.423	4130.86
571.848	4084.3 
572.273	4070.33
572.698	4205.36
573.123	4119.22
573.548	4035.41
573.973	3993.5 
574.397	4070.33
574.822	3895.72
575.247	3795.61
575.671	3870.11
576.096	3797.93
576.52	3846.83 
576.944	3870.11
577.369	3839.84
577.793	3770   
578.217	3690.84
578.641	3637.29
579.065	3732.75
579.49	3763.01 
579.914	3686.18
580.337	3753.7 
580.761	3709.47
581.185	3644.28
581.609	3614.01
582.033	3602.37
582.456	3735.07
582.88	3572.1  
583.303	3702.48
583.727	3506.92
584.15	3574.43 
584.574	3600.04
584.997	3551.15
585.42	3700.15 
585.844	3448.71
586.267	3565.12
586.69	3513.9  
587.113	3381.2 
587.536	3492.95
587.959	3586.07
588.382	3490.62
588.804	3441.73
589.227	3478.98
589.65	3269.45 
590.073	3302.04
590.495	3271.77
590.918	3388.18
591.34	3467.34 
591.763	3292.73
592.185	3346.27
592.607	3302.04
593.03	3383.52 
593.452	3413.79
593.874	3229.87
594.296	3232.2 
594.718	3318.34
595.14	3325.32 
595.562	3458.03
595.984	3360.24
596.406	3302.04
596.827	3157.69
597.249	3162.35
597.671	3278.76
598.092	3243.84
598.514	3318.34
598.935	3232.2 
599.357	3350.93
599.778	3204.26
600.199	3185.63
600.621	3316.01
601.042	3381.2 
601.463	3225.21
601.884	3325.32
602.305	3371.88
602.726	3437.07
603.147	3320.66
603.568	3199.6 
603.988	3353.26
604.409	3371.88
604.83	3441.73 
605.25	3225.21 
605.671	3243.84
606.092	3311.35
606.512	3292.73
606.932	3160.02
607.353	3208.91
607.773	3222.88
608.193	3192.62
608.613	3150.71
609.034	3171.66
609.454	3024.99
609.874	3008.69
610.293	3080.87
610.713	2966.79
611.133	2978.43
611.553	2978.43
611.973	3013.35
612.392	2889.96
612.812	2796.83
613.231	2782.86
613.651	2834.08
614.07	2605.92 
614.49	2761.91 
614.909	2761.91
615.328	2624.55
615.747	2720   
616.167	2661.8 
616.586	2726.99
617.005	2647.83
617.424	2610.58
617.843	2515.13
618.261	2508.14
618.68	2447.61 
619.099	2584.97
619.518	2482.53
619.936	2603.6 
620.355	2449.94
620.773	2410.36
621.192	2447.61
621.61	2387.08 
622.029	2433.64
622.447	2389.41
622.865	2289.3 
623.283	2228.76
623.701	2296.28
624.119	2366.12
624.537	2214.8 
624.955	2275.33
625.373	2277.65
625.791	2177.54
626.209	2249.72
626.627	2210.14
627.044	2151.94
627.462	2075.11
627.879	2154.26
628.297	2182.2 
628.714	2077.43
629.132	2082.09
629.549	2154.26
629.966	1988.96
630.383	2044.84
630.8	2072.78  
631.217	2051.82
631.634	1979.65
632.051	1968.01
632.468	1879.54
632.885	2084.42
633.302	2002.93
633.719	1856.26
634.135	2105.37
634.552	1940.07
634.969	1879.54
635.385	1863.24
635.801	1919.12
636.218	1891.18
636.634	1877.21
637.05	1898.17 
637.467	1849.28
637.883	1742.18
638.299	1798.06
638.715	1786.42
639.131	1846.95
639.547	1721.23
639.963	1751.49
640.378	1649.06
640.794	1646.73
641.21	1658.37 
641.626	1688.63
642.041	1802.71
642.457	1756.15
642.872	1604.82
643.287	1835.31
643.703	1690.96
644.118	1586.2 
644.533	1646.73
644.948	1588.52
645.364	1611.81
645.779	1567.57
646.194	1490.74
646.609	1539.63
647.023	1614.13
647.438	1630.43
647.853	1486.09
648.268	1402.27
648.682	1416.24
649.097	1639.74
649.511	1486.09
649.926	1581.54
650.34	1507.04 
650.755	1504.71
651.169	1430.21
651.583	1418.57
651.997	1385.97
652.411	1427.88
652.825	1432.54
653.239	1460.48
653.653	1313.8 
654.067	1432.54
654.481	1467.46
654.895	1334.76
655.309	1334.76
655.722	1337.08
656.136	1330.1 
656.549	1311.47
656.963	1360.37
657.376	1295.18
657.79	1302.16 
658.203	1213.69
658.616	1246.29
659.029	1304.49
659.442	1164.8 
659.855	1190.41
660.268	1327.77
660.681	1241.63
661.094	1234.65
661.507	1183.43
661.92	1232.32 
662.333	1199.72
662.745	1216.02
663.158	1236.97
663.57	1122.89 
663.983	1113.58
664.395	1129.88
664.808	1199.72
665.22	1148.5  
665.632	1064.69
666.044	1120.57
666.456	1090.3 
666.868	1115.91
667.28	1048.39 
667.692	1146.18
668.104	1146.18
668.516	1039.08
668.928	1106.6 
669.34	1027.44 
669.751	1067.02
670.163	1076.33
670.574	1092.63
670.986	1069.35
671.397	1067.02
671.809	962.25 
672.22	1092.63 
672.631	1057.71
673.042	1032.1 
673.453	999.5  
673.864	992.52 
674.275	922.67 
674.686	976.22 
675.097	1027.44
675.508	983.21 
675.919	962.25 
676.33	959.92  
676.74	883.1   
677.151	950.61 
677.561	883.1  
677.972	931.99 
678.382	936.64 
678.792	929.66 
679.203	899.39 
679.613	901.72 
680.023	908.7  
680.433	892.41 
680.843	817.91 
681.253	822.56 
681.663	873.78 
682.073	906.38 
682.483	836.53 
682.893	864.47 
683.302	838.86 
683.712	822.56 
684.122	885.42 
684.531	785.31 
684.94	850.5   
685.35	815.58  
685.759	843.52 
686.168	796.95 
686.578	801.61 
686.987	782.98 
687.396	887.75 
687.805	752.72 
688.214	897.06 
688.623	769.02 
689.032	787.64 
689.44	796.95  
689.849	817.91 
690.258	782.98 
690.666	808.59 
691.075	766.69 
691.484	729.44 
691.892	817.91 
692.3	769.02   
692.709	803.94 
693.117	773.67 
693.525	796.95 
693.933	687.53 
694.341	710.81 
694.749	764.36 
695.157	615.36 
695.565	757.38 
695.973	720.12 
696.381	680.55 
696.788	708.48 
697.196	694.52 
697.604	652.61 
698.011	657.26 
698.419	699.17 
698.826	685.2  
699.234	766.69 
699.641	647.95 
700.048	720.12 
700.455	731.77 
700.862	659.59 
701.269	624.67 
701.676	724.78 
702.083	671.23 
702.49	575.78  
702.897	617.69 
703.304	657.26 
703.71	608.37  
704.117	661.92 
704.524	650.28 
704.93	610.7   
705.337	613.03 
705.743	657.26 
706.149	615.36 
706.556	594.4  
706.962	654.94 
707.368	654.94 
707.774	664.25 
708.18	671.23  
708.586	533.87 
708.992	624.67 
709.398	606.05 
709.804	610.7  
710.209	536.2  
710.615	610.7  
711.021	624.67 
711.426	587.42 
711.832	589.75 
712.237	580.44 
712.642	580.44 
713.048	536.2  
713.453	573.45 
713.858	587.42 
714.263	540.86 
714.668	573.45 
715.073	552.5  
715.478	659.59 
715.883	615.36 
716.288	629.33 
716.693	599.06 
717.097	647.95 
717.502	640.97 
717.906	582.76 
718.311	585.09 
718.715	531.54 
719.12	589.75  
719.524	552.5  
719.928	487.31 
720.333	552.5  
720.737	606.05 
721.141	424.45 
721.545	526.89 
721.949	484.98 
722.353	559.48 
722.757	508.26 
723.16	571.12  
723.564	547.84 
723.968	564.14 
724.371	587.42 
724.775	487.31 
725.178	587.42 
725.582	636.31 
725.985	505.94 
726.388	582.76 
726.792	606.05 
727.195	489.64 
727.598	540.86 
728.001	503.61 
728.404	515.25 
728.807	508.26 
729.21	613.03  
729.612	498.95 
730.015	540.86 
730.418	550.17 
730.82	464.03  
731.223	478    
731.625	529.22 
732.028	554.83 
732.43	531.54  
732.833	510.59 
733.235	443.08 
733.637	608.37 
734.039	524.56 
734.441	564.14 
734.843	510.59 
735.245	478    
735.647	564.14 
736.049	484.98 
736.451	543.19 
736.852	538.53 
737.254	475.67 
737.655	505.94 
738.057	550.17 
738.458	475.67 
738.86	524.56  
739.261	494.29 
739.662	508.26 
740.064	480.33 
740.465	494.29 
740.866	461.7  
741.267	517.58 
741.668	510.59 
742.069	464.03 
742.469	471.01 
742.87	459.37  
743.271	501.28 
743.672	505.94 
744.072	501.28 
744.473	473.34 
744.873	401.17 
745.274	482.65 
745.674	443.08 
746.074	482.65 
746.474	519.9  
746.875	457.04 
747.275	473.34 
747.675	436.09 
748.075	445.4  
748.474	543.19 
748.874	466.36 
749.274	491.97 
749.674	454.72 
750.073	454.72 
750.473	457.04 
750.873	461.7  
751.272	436.09 
751.671	524.56 
752.071	436.09 
752.47	466.36  
752.869	487.31 
753.268	473.34 
753.668	471.01 
754.067	501.28 
754.466	424.45 
754.864	419.79 
755.263	473.34 
755.662	422.12 
756.061	473.34 
756.459	464.03 
756.858	475.67 
757.257	431.43 
757.655	391.86 
758.053	482.65 
758.452	468.69 
758.85	401.17  
759.248	484.98 
759.646	452.39 
760.045	436.09 
760.443	452.39 
760.841	489.64 
761.238	484.98 
761.636	436.09 
762.034	491.97 
762.432	478    
762.829	468.69 
763.227	377.89 
763.625	487.31 
764.022	408.15 
764.419	429.11 
764.817	410.48 
765.214	436.09 
765.611	471.01 
766.008	412.81 
766.406	522.23 
766.803	438.42 
767.199	436.09 
767.596	417.47 
767.993	382.54 
768.39	438.42  
768.787	484.98 
769.183	468.69 
769.58	473.34  
769.977	447.73 
770.373	452.39 
770.769	424.45 
771.166	433.76 
771.562	450.06 
771.958	526.89 
772.354	352.28 
772.75	440.75  
773.146	468.69 
773.542	415.14 
773.938	473.34 
774.334	468.69 
774.73	443.08  
775.126	391.86 
775.521	384.87 
775.917	412.81 
776.312	484.98 
776.708	417.47 
777.103	438.42 
777.499	484.98 
777.894	480.33 
778.289	391.86 
778.684	398.84 
779.079	484.98 
779.474	508.26 
779.869	431.43 
780.264	391.86 
780.659	464.03 
781.054	415.14 
781.448	426.78 
781.843	457.04 
782.238	387.2  
782.632	412.81 
783.027	482.65 
783.421	464.03 
783.815	457.04 
784.21	445.4   
784.604	317.36 
784.998	473.34 
785.392	468.69 
785.786	480.33 
786.18	464.03  
786.574	377.89 
786.968	445.4  
787.361	475.67 
787.755	450.06 
788.149	431.43 
788.542	450.06 
788.936	436.09 
789.329	461.7  
789.722	475.67 
790.116	410.48 
790.509	429.11 
790.902	426.78 
791.295	496.62 
791.688	447.73 
792.081	433.76 
792.474	452.39 
792.867	454.72 
793.26	457.04  
793.653	475.67 
794.045	431.43 
794.438	422.12 
794.83	519.9   
795.223	391.86 
795.615	405.83 
796.008	429.11 
796.4	429.11   
796.792	356.93 
797.184	480.33 
797.576	468.69 
797.968	475.67 
798.36	396.51  
798.752	429.11 
799.144	338.31 
799.536	419.79 
799.928	433.76 
800.319	389.53 
800.711	424.45 
801.102	466.36 
801.494	419.79 
801.885	394.18 
802.276	403.5  
802.668	459.37 
803.059	424.45 
803.45	438.42  
803.841	387.2  
804.232	447.73 
804.623	429.11 
805.014	464.03 
805.405	466.36 
805.795	431.43 
806.186	461.7  
806.577	471.01 
806.967	491.97 
807.358	452.39 
807.748	387.2  
808.139	487.31 
808.529	459.37 
808.919	403.5  
809.309	459.37 
809.699	440.75 
810.089	391.86 
810.479	429.11 
810.869	396.51 
811.259	433.76 
811.649	401.17 
812.039	359.26 
812.428	419.79 
812.818	496.62 
813.207	482.65 
813.597	443.08 
813.986	436.09 
814.376	433.76 
814.765	415.14 
815.154	431.43 
815.543	468.69 
815.932	417.47 
816.321	426.78 
816.71	412.81  
817.099	438.42 
817.488	401.17 
817.877	398.84 
818.265	417.47 
818.654	433.76 
819.043	387.2  
819.431	410.48 
819.819	394.18 
820.208	464.03 
820.596	445.4  
820.984	431.43 
821.372	387.2  
821.761	405.83 
822.149	403.5  
822.537	394.18 
822.924	405.83 
823.312	454.72 
823.7	384.87   
824.088	484.98 
824.475	433.76 
824.863	412.81 
825.251	398.84 
825.638	438.42 
826.025	475.67 
826.413	440.75 
826.8	401.17   
827.187	459.37 
827.574	452.39 
827.961	410.48 
828.348	457.04 
828.735	387.2  
829.122	419.79 
829.509	417.47 
829.896	368.57 
830.282	424.45 
830.669	426.78 
831.055	410.48 
831.442	380.22 
831.828	450.06 
832.215	389.53 
832.601	459.37 
832.987	452.39 
833.373	408.15 
833.759	410.48 
834.145	450.06 
834.531	405.83 
834.917	440.75 
835.303	436.09 
835.689	405.83 
836.074	401.17 
836.46	426.78  
836.846	396.51 
837.231	417.47 
837.617	389.53 
838.002	438.42 
838.387	389.53 
838.772	431.43 
839.158	454.72 
839.543	422.12 
839.928	340.64 
840.313	412.81 
840.698	503.61 
841.082	338.31 
841.467	429.11 
841.852	417.47 
842.237	424.45 
842.621	410.48 
843.006	387.2  
843.39	377.89  
843.774	412.81 
844.159	398.84 
844.543	387.2  
844.927	426.78 
845.311	464.03 
845.695	419.79 
846.079	398.84 
846.463	431.43 
846.847	510.59 
847.231	431.43 
847.615	457.04 
847.998	450.06 
848.382	363.92 
848.765	431.43 
849.149	387.2  
849.532	447.73 
849.916	415.14 
850.299	382.54 
850.682	391.86 
851.065	370.9  
851.448	405.83 
851.831	398.84 
852.214	405.83 
852.597	433.76 
852.98	491.97  
853.363	403.5  
853.745	408.15 
854.128	356.93 
854.51	464.03  
854.893	394.18 
855.275	466.36 
855.658	403.5  
856.04	452.39  
856.422	412.81 
856.804	452.39 
857.186	433.76 
857.568	373.23 
857.95	436.09  
858.332	457.04 
858.714	366.25 
859.096	417.47 
859.477	452.39 
859.859	347.62 
860.24	373.23  
860.622	368.57 
861.003	370.9  
861.385	361.59 
861.766	373.23 
862.147	452.39 
862.528	375.56 
862.909	384.87 
863.29	459.37  
863.671	415.14 
864.052	394.18 
864.433	363.92 
864.814	424.45 
865.194	354.61 
865.575	408.15 
865.955	424.45 
866.336	405.83 
866.716	478    
867.097	526.89 
867.477	370.9  
867.857	431.43 
868.237	473.34 
868.617	457.04 
868.997	417.47 
869.377	403.5  
869.757	391.86 
870.137	422.12 
870.517	415.14 
870.896	431.43 
871.276	415.14 
871.655	373.23 
872.035	401.17 
872.414	445.4  
872.794	349.95 
873.173	389.53 
873.552	424.45 
873.931	363.92 
874.31	454.72  
874.689	384.87 
875.068	496.62 
875.447	417.47 
875.826	387.2  
876.205	464.03 
876.583	443.08 
876.962	354.61 
877.341	375.56 
877.719	394.18 
878.097	417.47 
878.476	412.81 
878.854	447.73 
879.232	405.83 
879.61	373.23  
879.988	384.87 
880.366	387.2  
880.744	443.08 
881.122	403.5  
881.5	410.48   
881.878	415.14 
882.255	384.87 
882.633	417.47 
883.011	466.36 
883.388	377.89 
883.765	436.09 
884.143	419.79 
884.52	422.12  
884.897	452.39 
885.274	412.81 
885.651	375.56 
886.028	391.86 
886.405	419.79 
886.782	389.53 
887.159	424.45 
887.536	433.76 
887.912	387.2  
888.289	405.83 
888.665	445.4  
889.042	422.12 
889.418	370.9  
889.794	412.81 
890.171	398.84 
890.547	417.47 
890.923	484.98 
891.299	412.81 
891.675	391.86 
892.051	454.72 
892.427	408.15 
892.803	382.54 
893.178	471.01 
893.554	452.39 
893.929	454.72 
894.305	403.5  
894.68	405.83  
895.056	431.43 
895.431	403.5  
895.806	412.81 
896.181	349.95 
896.557	426.78 
896.932	396.51 
897.307	373.23 
897.681	424.45 
898.056	422.12 
898.431	412.81 
898.806	398.84 
899.18	359.26  
899.555	450.06 
899.929	429.11 
900.304	494.29 
900.678	459.37 
901.052	417.47 
901.427	443.08 
901.801	433.76 
902.175	457.04 
902.549	363.92 
902.923	426.78 
903.297	394.18 
903.67	445.4   
904.044	391.86 
904.418	429.11 
904.791	412.81 
905.165	429.11 
905.538	403.5  
905.912	396.51 
906.285	494.29 
906.658	489.64 
907.032	405.83 
907.405	354.61 
907.778	464.03 
908.151	438.42 
908.524	403.5  
908.896	370.9  
909.269	410.48 
909.642	487.31 
910.015	475.67 
910.387	363.92 
910.76	450.06  
911.132	424.45 
911.504	433.76 
911.877	466.36 
912.249	484.98 
912.621	415.14 
912.993	468.69 
913.365	426.78 
913.737	303.39 
914.109	410.48 
914.481	445.4  
914.853	363.92 
915.224	408.15 
915.596	482.65 
915.968	424.45 
916.339	478    
916.71	387.2   
917.082	445.4  
917.453	408.15 
917.824	398.84 
918.195	419.79 
918.566	352.28 
918.937	408.15 
919.308	384.87 
919.679	478    
920.05	424.45  
920.421	338.31 
920.791	482.65 
921.162	498.95 
921.532	457.04 
921.903	398.84 
922.273	443.08 
922.644	398.84 
923.014	403.5  
923.384	438.42 
923.754	445.4  
924.124	403.5  
924.494	366.25 
924.864	377.89 
925.234	405.83 
925.604	384.87 
925.973	349.95 
926.343	382.54 
926.712	454.72 
927.082	436.09 
927.451	452.39 
927.821	468.69 
928.19	424.45  
928.559	426.78 
928.928	440.75 
929.297	436.09 
929.666	377.89 
930.035	417.47 
930.404	454.72 
930.773	410.48 
931.142	384.87 
931.51	431.43  
931.879	417.47 
932.247	361.59 
932.616	387.2  
932.984	443.08 
933.353	391.86 
933.721	426.78 
934.089	473.34 
934.457	412.81 
934.825	422.12 
935.193	331.32 
935.561	394.18 
935.929	496.62 
936.296	461.7  
936.664	349.95 
937.032	436.09 
937.399	396.51 
937.767	415.14 
938.134	450.06 
938.501	436.09 
938.869	440.75 
939.236	468.69 
939.603	459.37 
939.97	410.48  
940.337	431.43 
940.704	363.92 
941.071	387.2  
941.438	401.17 
941.804	424.45 
942.171	433.76 
942.538	452.39 
942.904	440.75 
943.27	396.51  
943.637	361.59 
944.003	417.47 
944.369	389.53 
944.735	308.04 
945.102	375.56 
945.468	417.47 
945.833	454.72 
946.199	412.81 
946.565	387.2  
946.931	308.04 
947.296	361.59 
947.662	403.5  
948.028	396.51 
948.393	417.47 
948.758	461.7  
949.124	431.43 
949.489	405.83 
949.854	403.5  
950.219	445.4  
950.584	412.81 
950.949	438.42 
951.314	417.47 
951.679	480.33 
952.044	431.43 
952.408	396.51 
952.773	447.73 
953.137	431.43 
953.502	389.53 
953.866	345.29 
954.231	482.65 
954.595	405.83 
954.959	373.23 
955.323	450.06 
955.687	447.73 
956.051	384.87 
956.415	408.15 
956.779	419.79 
957.143	345.29 
957.506	415.14 
957.87	429.11  
958.234	450.06 
958.597	382.54 
958.961	498.95 
959.324	426.78 
959.687	410.48 
960.05	387.2   
960.413	368.57 
960.776	459.37 
961.139	370.9  
961.502	340.64 
961.865	370.9  
962.228	468.69 
962.591	405.83 
962.953	417.47 
963.316	394.18 
963.678	403.5  
964.041	377.89 
964.403	412.81 
964.765	370.9  
965.128	359.26 
965.49	405.83  
965.852	398.84 
966.214	359.26 
966.576	431.43 
966.938	394.18 
967.299	384.87 
967.661	408.15 
968.023	408.15 
968.384	377.89 
968.746	396.51 
969.107	471.01 
969.469	370.9  
969.83	412.81  
970.191	384.87 
970.552	445.4  
970.913	370.9  
971.274	445.4  
971.635	466.36 
971.996	424.45 
972.357	417.47 
972.718	412.81 
973.078	426.78 
973.439	410.48 
973.8	417.47   
974.16	389.53  
974.52	419.79  
974.881	403.5  
975.241	410.48 
975.601	375.56 
975.961	356.93 
976.321	438.42 
976.681	387.2  
977.041	443.08 
977.401	387.2  
977.76	484.98  
978.12	410.48  
978.48	426.78  
978.839	422.12 
979.199	412.81 
979.558	401.17 
979.917	396.51 
980.277	426.78 
980.636	387.2  
980.995	387.2  
981.354	475.67 
981.713	422.12 
982.072	454.72 
982.43	389.53  
982.789	394.18 
983.148	410.48 
983.506	415.14 
983.865	464.03 
984.223	389.53 
984.582	410.48 
984.94	401.17  
985.298	440.75 
985.656	422.12 
986.015	329    
986.373	415.14 
986.731	405.83 
987.088	415.14 
987.446	447.73 
987.804	457.04 
988.162	431.43 
988.519	431.43 
988.877	445.4  
989.234	447.73 
989.591	363.92 
989.949	396.51 
990.306	457.04 
990.663	436.09 
991.02	391.86  
991.377	396.51 
991.734	394.18 
992.091	410.48 
992.448	440.75 
992.805	326.67 
993.161	384.87 
993.518	396.51 
993.874	424.45 
994.231	447.73 
994.587	457.04 
994.943	391.86 
995.3	403.5    
995.656	440.75 
996.012	419.79 
996.368	405.83 
996.724	438.42 
997.08	396.51  
997.435	433.76 
997.791	387.2  
998.147	426.78 
998.502	401.17 
998.858	366.25 
999.213	431.43 
999.569	356.93 
999.924	445.4  
1000.279	410.48
1000.634	396.51
1000.989	415.14
1001.344	410.48
1001.699	338.31
1002.054	424.45
1002.409	356.93
1002.764	384.87
1003.118	368.57
1003.473	424.45
1003.827	445.4 
1004.182	419.79
1004.536	415.14
1004.89	412.81 
1005.245	445.4 
1005.599	403.5 
1005.953	387.2 
1006.307	440.75
1006.661	419.79
1007.015	375.56
1007.368	377.89
1007.722	403.5 
1008.076	387.2 
1008.429	391.86
1008.783	443.08
1009.136	389.53
1009.489	382.54
1009.843	417.47
1010.196	471.01
1010.549	445.4 
1010.902	408.15
1011.255	438.42
1011.608	440.75
1011.961	403.5 
1012.313	426.78
1012.666	356.93
1013.019	429.11
1013.371	391.86
1013.724	419.79
1014.076	384.87
1014.428	359.26
1014.781	466.36
1015.133	484.98
1015.485	405.83
1015.837	419.79
1016.189	384.87
1016.541	429.11
1016.893	424.45
1017.244	370.9 
1017.596	433.76
1017.947	396.51
1018.299	382.54
1018.65	436.09 
1019.002	319.68
1019.353	375.56
1019.704	375.56
1020.055	447.73
1020.407	370.9 
1020.758	461.7 
1021.108	447.73
1021.459	322.01
1021.81	377.89 
1022.161	459.37
1022.511	464.03
1022.862	331.32
1023.213	389.53
1023.563	408.15
1023.913	415.14
1024.264	431.43
1024.614	384.87
1024.964	403.5 
1025.314	403.5 
1025.664	352.28
1026.014	391.86
1026.364	340.64
1026.713	419.79
1027.063	405.83
1027.413	366.25
1027.762	433.76
1028.112	431.43
1028.461	401.17
1028.81	361.59 
1029.16	480.33 
1029.509	408.15
1029.858	396.51
1030.207	340.64
1030.556	398.84
1030.905	431.43
1031.254	361.59
1031.602	464.03
1031.951	384.87
1032.3	375.56  
1032.648	447.73
1032.996	447.73
1033.345	447.73