187.879	-36.67 
188.346	-36.67 
188.813	-36.67 
189.28	-69.26  
189.747	-78.57 
190.214	-73.92 
190.681	-115.83
191.148	-125.14
191.614	-136.78
192.081	-104.18
192.548	-97.2  
193.014	16.88  
193.481	21.54  
193.948	-8.73  
194.414	77.41  
194.881	35.5   
195.347	110    
195.813	84.4   
196.28	47.14   
196.746	103.02 
197.212	165.88 
197.678	128.63 
198.145	177.52 
198.611	228.74 
199.077	219.43 
199.543	198.47 
200.009	272.98 
200.475	321.87 
200.941	212.44 
201.407	249.69 
201.873	284.62 
202.338	368.43 
202.804	277.63 
203.27	310.23  
203.735	319.54 
204.201	282.29 
204.667	338.16 
205.132	384.73 
205.598	354.46 
206.063	368.43 
206.529	447.59 
206.994	382.4  
207.459	289.27 
207.925	419.65 
208.39	426.63  
208.855	414.99 
209.32	405.68  
209.785	359.12 
210.25	456.9   
210.715	435.95 
211.18	384.73  
211.645	356.79 
212.11	389.38  
212.575	312.55 
213.04	352.13  
213.504	335.84 
213.969	419.65 
214.434	412.66 
214.899	361.44 
215.363	417.32 
215.828	387.05 
216.292	391.71 
216.757	340.49 
217.221	380.07 
217.685	487.16 
218.15	435.95  
218.614	307.9  
219.078	375.41 
219.542	394.04 
220.007	377.74 
220.471	356.79 
220.935	321.87 
221.399	335.84 
221.863	331.18 
222.327	352.13 
222.791	428.96 
223.254	384.73 
223.718	326.52 
224.182	468.54 
224.646	384.73 
225.109	447.59 
225.573	326.52 
226.037	382.4  
226.5	307.9    
226.964	414.99 
227.427	368.43 
227.89	424.3   
228.354	377.74 
228.817	382.4  
229.28	370.76  
229.744	394.04 
230.207	421.98 
230.67	305.57  
231.133	363.77 
231.596	384.73 
232.059	307.9  
232.522	405.68 
232.985	417.32 
233.448	335.84 
233.911	428.96 
234.374	359.12 
234.836	417.32 
235.299	361.44 
235.762	331.18 
236.224	414.99 
236.687	408.01 
237.149	319.54 
237.612	375.41 
238.074	403.35 
238.537	398.7  
238.999	366.1  
239.461	377.74 
239.924	335.84 
240.386	368.43 
240.848	333.51 
241.31	368.43  
241.772	342.82 
242.234	363.77 
242.696	403.35 
243.158	300.91 
243.62	408.01  
244.082	384.73 
244.544	349.8  
245.006	401.02 
245.468	363.77 
245.929	370.76 
246.391	293.93 
246.852	361.44 
247.314	326.52 
247.776	307.9  
248.237	384.73 
248.698	347.48 
249.16	389.38  
249.621	428.96 
250.082	391.71 
250.544	298.58 
251.005	368.43 
251.466	338.16 
251.927	405.68 
252.388	401.02 
252.849	428.96 
253.31	394.04  
253.771	373.09 
254.232	352.13 
254.693	373.09 
255.154	335.84 
255.615	359.12 
256.075	387.05 
256.536	468.54 
256.997	345.15 
257.457	354.46 
257.918	449.91 
258.378	459.23 
258.839	405.68 
259.299	382.4  
259.759	349.8  
260.22	414.99  
260.68	466.21  
261.14	366.1   
261.6	433.62   
262.06	449.91  
262.521	356.79 
262.981	387.05 
263.441	373.09 
263.901	408.01 
264.36	345.15  
264.82	359.12  
265.28	389.38  
265.74	424.3   
266.2	403.35   
266.659	377.74 
267.119	375.41 
267.579	366.1  
268.038	324.19 
268.498	424.3  
268.957	356.79 
269.416	414.99 
269.876	373.09 
270.335	361.44 
270.794	435.95 
271.254	428.96 
271.713	417.32 
272.172	396.37 
272.631	380.07 
273.09	361.44  
273.549	405.68 
274.008	384.73 
274.467	347.48 
274.926	328.85 
275.385	426.63 
275.843	328.85 
276.302	456.9  
276.761	424.3  
277.22	289.27  
277.678	380.07 
278.137	424.3  
278.595	410.34 
279.054	389.38 
279.512	396.37 
279.97	366.1   
280.429	394.04 
280.887	387.05 
281.345	333.51 
281.803	333.51 
282.262	387.05 
282.72	279.96  
283.178	342.82 
283.636	380.07 
284.094	394.04 
284.552	356.79 
285.01	410.34  
285.467	403.35 
285.925	463.88 
286.383	433.62 
286.841	359.12 
287.298	405.68 
287.756	391.71 
288.213	445.26 
288.671	389.38 
289.128	389.38 
289.586	342.82 
290.043	349.8  
290.5	412.66   
290.958	370.76 
291.415	366.1  
291.872	440.6  
292.329	352.13 
292.786	466.21 
293.243	435.95 
293.7	470.87   
294.157	387.05 
294.614	403.35 
295.071	363.77 
295.528	380.07 
295.985	356.79 
296.441	356.79 
296.898	382.4  
297.355	396.37 
297.811	356.79 
298.268	414.99 
298.724	377.74 
299.181	335.84 
299.637	380.07 
300.094	414.99 
300.55	366.1   
301.006	473.2  
301.462	354.46 
301.919	454.57 
302.375	398.7  
302.831	387.05 
303.287	431.29 
303.743	405.68 
304.199	328.85 
304.655	412.66 
305.11	421.98  
305.566	368.43 
306.022	352.13 
306.478	377.74 
306.933	438.27 
307.389	363.77 
307.845	361.44 
308.3	356.79   
308.756	398.7  
309.211	387.05 
309.666	442.93 
310.122	445.26 
310.577	405.68 
311.032	389.38 
311.487	366.1  
311.943	421.98 
312.398	435.95 
312.853	421.98 
313.308	412.66 
313.763	405.68 
314.218	363.77 
314.672	352.13 
315.127	373.09 
315.582	401.02 
316.037	375.41 
316.492	401.02 
316.946	384.73 
317.401	447.59 
317.855	461.56 
318.31	414.99  
318.764	428.96 
319.219	396.37 
319.673	391.71 
320.127	435.95 
320.582	482.51 
321.036	414.99 
321.49	449.91  
321.944	494.15 
322.398	435.95 
322.852	333.51 
323.306	408.01 
323.76	424.3   
324.214	442.93 
324.668	421.98 
325.122	431.29 
325.575	380.07 
326.029	356.79 
326.483	417.32 
326.936	396.37 
327.39	396.37  
327.843	375.41 
328.297	447.59 
328.75	435.95  
329.204	445.26 
329.657	412.66 
330.11	382.4   
330.564	414.99 
331.017	431.29 
331.47	487.16  
331.923	391.71 
332.376	442.93 
332.829	431.29 
333.282	456.9  
333.735	387.05 
334.188	433.62 
334.641	384.73 
335.093	373.09 
335.546	442.93 
335.999	435.95 
336.451	394.04 
336.904	405.68 
337.356	419.65 
337.809	375.41 
338.261	384.73 
338.714	414.99 
339.166	366.1  
339.618	414.99 
340.07	410.34  
340.523	321.87 
340.975	380.07 
341.427	377.74 
341.879	449.91 
342.331	484.84 
342.783	361.44 
343.235	445.26 
343.687	342.82 
344.138	373.09 
344.59	340.49  
345.042	394.04 
345.494	426.63 
345.945	366.1  
346.397	489.49 
346.848	426.63 
347.3	401.02   
347.751	342.82 
348.203	438.27 
348.654	431.29 
349.105	445.26 
349.556	456.9  
350.008	403.35 
350.459	419.65 
350.91	442.93  
351.361	356.79 
351.812	438.27 
352.263	401.02 
352.714	442.93 
353.165	431.29 
353.615	456.9  
354.066	438.27 
354.517	498.81 
354.968	421.98 
355.418	428.96 
355.869	354.46 
356.319	438.27 
356.77	417.32  
357.22	396.37  
357.671	424.3  
358.121	373.09 
358.571	377.74 
359.021	361.44 
359.472	454.57 
359.922	398.7  
360.372	410.34 
360.822	394.04 
361.272	454.57 
361.722	398.7  
362.172	487.16 
362.622	335.84 
363.071	405.68 
363.521	408.01 
363.971	421.98 
364.42	456.9   
364.87	452.24  
365.32	408.01  
365.769	412.66 
366.219	508.12 
366.668	391.71 
367.117	394.04 
367.567	421.98 
368.016	391.71 
368.465	445.26 
368.914	359.12 
369.363	466.21 
369.812	405.68 
370.261	428.96 
370.71	449.91  
371.159	445.26 
371.608	391.71 
372.057	408.01 
372.506	419.65 
372.955	414.99 
373.403	394.04 
373.852	359.12 
374.301	421.98 
374.749	396.37 
375.198	375.41 
375.646	387.05 
376.094	408.01 
376.543	438.27 
376.991	389.38 
377.439	466.21 
377.887	417.32 
378.336	421.98 
378.784	419.65 
379.232	435.95 
379.68	405.68  
380.128	384.73 
380.576	442.93 
381.023	461.56 
381.471	463.88 
381.919	366.1  
382.367	401.02 
382.814	347.48 
383.262	468.54 
383.71	449.91  
384.157	382.4  
384.605	410.34 
385.052	373.09 
385.499	438.27 
385.947	405.68 
386.394	387.05 
386.841	424.3  
387.288	345.15 
387.735	428.96 
388.182	403.35 
388.63	352.13  
389.076	370.76 
389.523	419.65 
389.97	452.24  
390.417	377.74 
390.864	380.07 
391.311	403.35 
391.757	419.65 
392.204	375.41 
392.651	384.73 
393.097	408.01 
393.544	461.56 
393.99	387.05  
394.436	340.49 
394.883	414.99 
395.329	417.32 
395.775	412.66 
396.221	394.04 
396.668	459.23 
397.114	384.73 
397.56	384.73  
398.006	345.15 
398.452	475.52 
398.897	419.65 
399.343	396.37 
399.789	470.87 
400.235	442.93 
400.681	401.02 
401.126	419.65 
401.572	394.04 
402.017	440.6  
402.463	426.63 
402.908	382.4  
403.354	466.21 
403.799	391.71 
404.244	498.81 
404.689	389.38 
405.135	405.68 
405.58	447.59  
406.025	419.65 
406.47	403.35  
406.915	445.26 
407.36	445.26  
407.805	424.3  
408.25	405.68  
408.694	433.62 
409.139	421.98 
409.584	366.1  
410.029	459.23 
410.473	449.91 
410.918	394.04 
411.362	410.34 
411.807	452.24 
412.251	410.34 
412.695	424.3  
413.14	452.24  
413.584	428.96 
414.028	421.98 
414.472	410.34 
414.916	440.6  
415.36	421.98  
415.804	438.27 
416.248	419.65 
416.692	475.52 
417.136	456.9  
417.58	475.52  
418.024	461.56 
418.467	470.87 
418.911	419.65 
419.355	484.84 
419.798	466.21 
420.242	417.32 
420.685	426.63 
421.128	489.49 
421.572	522.09 
422.015	470.87 
422.458	552.35 
422.902	566.32 
423.345	538.38 
423.788	484.84 
424.231	561.67 
424.674	573.31 
425.117	519.76 
425.56	603.57  
426.003	517.43 
426.445	657.12 
426.888	584.95 
427.331	640.82 
427.773	617.54 
428.216	626.85 
428.659	668.76 
429.101	738.6  
429.543	794.48 
429.986	764.21 
430.428	736.28 
430.87	803.79  
431.313	754.9  
431.755	871.31 
432.197	820.09 
432.639	903.9  
433.081	964.43 
433.523	945.81 
433.965	980.73 
434.407	1057.56
434.849	1127.41
435.291	1185.61
435.732	1097.14
436.174	1271.75
436.616	1311.33
437.057	1336.94
437.499	1471.97
437.94	1548.8  
438.382	1665.21
438.823	1600.02
439.264	1823.52
439.706	1965.54
440.147	1942.26
440.588	1972.52
441.029	2074.96
441.47	2209.99 
441.911	2212.32
442.352	2363.65
442.793	2540.59
443.234	2629.06
443.675	2864.2 
444.116	2829.28
444.556	3076.06
444.997	3099.35
445.438	3236.71
445.878	3299.57
446.319	3485.82
446.759	3609.21
447.199	3821.07
447.64	4109.76 
448.08	4326.28 
448.52	4461.31 
448.961	4743.02
449.401	4926.94
449.841	4968.85
450.281	5138.8 
450.721	5401.88
451.161	5662.63
451.601	5825.6 
452.041	6163.19
452.48	6400.66 
452.92	6631.14 
453.36	6803.43 
453.799	7019.94
454.239	7355.2 
454.679	7576.37
455.118	7762.62
455.557	8053.64
455.997	8337.68
456.436	8444.77
456.875	8463.4 
457.315	8668.27
457.754	8966.27
458.193	8880.13
458.632	9012.84
459.071	9529.69
459.51	9036.12 
459.949	9073.37
460.388	9254.96
460.827	9324.81
461.265	9289.89
461.704	8968.6 
462.143	8824.26
462.581	8570.49
463.02	8852.2  
463.458	8393.55
463.897	8353.97
464.335	8137.45
464.774	8079.25
465.212	7839.45
465.65	7562.4  
466.088	7315.62
466.527	7541.45
466.965	6717.29
467.403	6777.82
467.841	6617.17
468.279	6396   
468.716	6288.91
469.154	5848.89
469.592	5739.46
470.03	5813.96 
470.467	5529.93
470.905	5588.13
471.343	5271.51
471.78	5206.32 
472.218	5085.25
472.655	5264.52
473.092	5029.38
473.53	4885.03 
473.967	4791.91
474.404	4805.88
474.841	4712.75
475.278	4470.62
475.716	4542.8 
476.153	4533.48
476.589	4428.72
477.026	4493.91
477.463	4298.34
477.9	4277.39  
478.337	4258.76
478.773	4184.26
479.21	4314.64 
479.647	4179.61
480.083	3800.12
480.52	3823.4  
480.956	4074.84
481.392	3967.74
481.829	3676.73
482.265	3618.52
482.701	3713.98
483.137	3690.69
483.574	3585.93
484.01	3583.6  
484.446	3448.57
484.882	3411.32
485.317	3250.67
485.753	3185.49
486.189	3187.81
486.625	3152.89
487.061	3078.39
487.496	2924.73
487.932	2999.23
488.367	2878.17
488.803	2838.59
489.238	2824.62
489.674	2733.83
490.109	2654.67
490.544	2603.45
490.979	2643.03
491.415	2594.14
491.85	2568.53 
492.285	2589.48
492.72	2582.5  
493.155	2498.68
493.59	2410.21 
494.024	2475.4 
494.459	2454.45
494.894	2487.04
495.329	2333.38
495.763	2363.65
496.198	2358.99
496.632	2275.18
497.067	2286.82
497.501	2358.99
497.936	2303.12
498.37	2291.48 
498.804	2249.57
499.238	2172.74
499.673	2216.98
500.107	2161.1 
500.541	2240.26
500.975	2107.55
501.409	2324.07
501.843	2226.29
502.277	2142.48
502.71	2154.12 
503.144	2244.92
503.578	2228.62
504.011	2133.16
504.445	2235.6 
504.878	2193.7 
505.312	2333.38
505.745	2230.95
506.179	2291.48
506.612	2212.32
507.045	2233.27
507.479	2251.9 
507.912	2265.87
508.345	2384.6 
508.778	2345.03
509.211	2382.28
509.644	2340.37
510.077	2403.23
510.509	2491.7 
510.942	2433.5 
511.375	2554.56
511.808	2538.26
512.24	2524.29 
512.673	2596.47
513.105	2566.2 
513.538	2733.83
513.97	2764.09 
514.403	2757.11
514.835	2722.19
515.267	2806   
515.699	2731.5 
516.131	2857.22
516.564	2873.52
516.996	2989.92
517.428	3045.8 
517.859	2896.8 
518.291	3211.1 
518.723	3178.5 
519.155	3171.52
519.587	3138.92
520.018	3171.52
520.45	3108.66 
520.881	3143.58
521.313	3304.22
521.744	3395.02
522.176	3271.63
522.607	3509.1 
523.038	3420.63
523.47	3406.66 
523.901	3513.76
524.332	3530.05
524.763	3523.07
525.194	3553.33
525.625	3578.94
526.056	3557.99
526.487	3730.27
526.917	3679.05
527.348	3904.88
527.779	3790.8 
528.21	3879.27 
528.64	3858.32 
529.071	3874.62
529.501	3837.37
529.932	3925.84
530.362	4109.76
530.792	3981.71
531.222	3972.4 
531.653	4032.93
532.083	4030.6 
532.513	4088.81
532.943	4156.32
533.373	4035.26
533.803	4158.65
534.233	4296.01
534.663	4321.62
535.092	4233.15
535.522	4223.84
535.952	4263.42
536.381	4270.4 
536.811	4456.65
537.24	4333.26 
537.67	4268.07 
538.099	4356.54
538.529	4393.79
538.958	4389.14
539.387	4386.81
539.816	4447.34
540.245	4472.95
540.674	4300.67
541.103	4559.09
541.532	4540.47
541.961	4472.95
542.39	4475.28 
542.819	4426.39
543.248	4575.39
543.676	4570.73
544.105	4419.4 
544.534	4561.42
544.962	4628.94
545.391	4498.56
545.819	4542.8 
546.247	4663.86
546.676	4472.95
547.104	4507.87
547.532	4568.41
547.96	4724.39 
548.388	4589.36
548.816	4712.75
549.244	4661.53
549.672	4607.98
550.1	4554.44  
550.528	4701.11
550.956	4628.94
551.383	4603.33
551.811	4580.05
552.238	4656.88
552.666	4812.86
553.094	4614.97
553.521	4731.38
553.948	4668.52
554.376	4712.75
554.803	4621.95
555.23	4552.11 
555.657	4638.25
556.084	4652.22
556.511	4712.75
556.938	4614.97
557.365	4719.74
557.792	4787.25
558.219	4584.7 
558.646	4722.06
559.072	4710.42
559.499	4654.55
559.926	4670.84
560.352	4852.44
560.779	4661.53
561.205	4710.42
561.632	4580.05
562.058	4705.77
562.484	4689.47
562.91	4840.8  
563.337	4892.02
563.763	4724.39
564.189	4652.22
564.615	4882.71
565.041	4756.99
565.466	4777.94
565.892	4666.19
566.318	4845.46
566.744	4773.28
567.169	4729.05
567.595	4843.13
568.021	4759.31
568.446	4750   
568.872	4733.7 
569.297	4770.95
569.722	4815.19
570.148	4577.72
570.573	4652.22
570.998	4703.44
571.423	4722.06
571.848	4726.72
572.273	4598.67
572.698	4663.86
573.123	4405.44
573.548	4465.97
573.973	4542.8 
574.397	4426.39
574.822	4379.83
575.247	4326.28
575.671	4407.76
576.096	4445.01
576.52	4340.25 
576.944	4456.65
577.369	4361.2 
577.793	4293.68
578.217	4298.34
578.641	4195.9 
579.065	4263.42
579.49	4209.87 
579.914	4200.56
580.337	4160.98
580.761	4128.39
581.185	4160.98
581.609	3977.06
582.033	4126.06
582.456	4137.7 
582.88	3963.09 
583.303	4095.79
583.727	4018.96
584.15	4135.37 
584.574	4037.59
584.997	4011.98
585.42	3993.35 
585.844	3951.45
586.267	3986.37
586.69	4067.85 
587.113	3835.04
587.536	3909.54
587.959	3828.06
588.382	3986.37
588.804	3821.07
589.227	3876.95
589.65	3872.29 
590.073	3842.02
590.495	3883.93
590.918	3781.49
591.34	3907.21 
591.763	3802.45
592.185	3783.82
592.607	3697.68
593.03	3809.43 
593.452	3700.01
593.874	3693.02
594.296	3646.46
594.718	3846.68
595.14	3809.43 
595.562	3585.93
595.984	3658.1 
596.406	3718.63
596.827	3800.12
597.249	3511.43
597.671	3706.99
598.092	3672.07
598.514	3516.08
598.935	3651.12
599.357	3632.49
599.778	3646.46
600.199	3706.99
600.621	3630.16
601.042	3683.71
601.463	3693.02
601.884	3644.13
602.305	3674.4 
602.726	3844.35
603.147	3662.76
603.568	3746.57
603.988	3665.08
604.409	3783.82
604.83	3737.26 
605.25	3753.55 
605.671	3758.21
606.092	3760.54
606.512	3539.36
606.932	3786.15
607.353	3553.33
607.773	3616.19
608.193	3639.48
608.613	3497.46
609.034	3611.54
609.454	3509.1 
609.874	3418.3 
610.293	3481.16
610.713	3243.69
611.133	3215.75
611.553	3406.66
611.973	3376.39
612.392	3229.72
612.812	3297.24
613.231	3227.39
613.651	3127.28
614.07	3127.28 
614.49	3029.5  
614.909	2961.98
615.328	2992.25
615.747	3052.78
616.167	2959.66
616.586	3003.89
617.005	2845.58
617.424	2854.89
617.843	2838.59
618.261	2927.06
618.68	2754.78 
619.099	2936.37
619.518	2745.47
619.936	2740.81
620.355	2808.33
620.773	2689.59
621.192	2822.3 
621.61	2619.75 
622.029	2673.29
622.447	2643.03
622.865	2605.78
623.283	2691.92
623.701	2570.86
624.119	2561.54
624.537	2508   
624.955	2489.37
625.373	2487.04
625.791	2468.42
626.209	2426.51
626.627	2370.64
627.044	2389.26
627.462	2440.48
627.879	2389.26
628.297	2442.81
628.714	2349.68
629.132	2321.74
629.549	2356.67
629.966	2251.9 
630.383	2342.7 
630.8	2263.54  
631.217	2216.98
631.634	2170.41
632.051	2154.12
632.468	2158.77
632.885	2105.23
633.302	2151.79
633.719	2091.26
634.135	2240.26
634.552	2084.27
634.969	2119.2 
635.385	2058.66
635.801	1958.55
636.218	2060.99
636.634	2005.12
637.05	2009.77 
637.467	1984.16
637.883	1877.07
638.299	1928.29
638.715	2035.38
639.131	1967.87
639.547	1881.72
639.963	1888.71
640.378	1881.72
640.794	1902.68
641.21	1867.76 
641.626	1853.79
642.041	1730.39
642.457	1709.44
642.872	1830.51
643.287	1800.24
643.703	1732.72
644.118	1814.21
644.533	1697.8 
644.948	1632.61
645.364	1695.47
645.779	1690.82
646.194	1753.68
646.609	1653.57
647.023	1714.1 
647.438	1695.47
647.853	1735.05
648.268	1565.1 
648.682	1739.71
649.097	1588.38
649.511	1439.38
649.926	1551.13
650.34	1653.57 
650.755	1544.14
651.169	1530.17
651.583	1618.64
651.997	1474.3 
652.411	1455.67
652.825	1530.17
653.239	1607   
653.653	1451.02
654.067	1588.38
654.481	1471.97
654.895	1518.53
655.309	1469.64
655.722	1511.55
656.136	1502.24
656.549	1420.75
656.963	1434.72
657.376	1413.77
657.79	1444.03 
658.203	1416.1 
658.616	1437.05
659.029	1392.81
659.442	1339.27
659.855	1290.38
660.268	1406.78
660.681	1327.63
661.094	1325.3 
661.507	1283.39
661.92	1371.86 
662.333	1341.59
662.745	1297.36
663.158	1192.59
663.57	1297.36 
663.983	1276.41
664.395	1336.94
664.808	1253.12
665.22	1187.94 
665.632	1253.12
666.044	1253.12
666.456	1166.98
666.868	1213.55
667.28	1162.33 
667.692	1139.05
668.104	1129.73
668.516	1118.09
668.928	1173.97
669.34	1213.55 
669.751	1197.25
670.163	1127.41
670.574	1146.03
670.986	1052.9 
671.397	1169.31
671.809	1148.36
672.22	1094.81 
672.631	1048.25
673.042	1038.94
673.453	1073.86
673.864	1052.9 
674.275	1073.86
674.686	1013.33
675.097	1022.64
675.508	1024.97
675.919	1034.28
676.33	1011    
676.74	1031.95 
677.151	994.7  
677.561	959.78 
677.972	955.12 
678.382	957.45 
678.792	990.04 
679.203	1041.26
679.613	983.06 
680.023	952.79 
680.433	952.79 
680.843	955.12 
681.253	915.54 
681.663	873.64 
682.073	829.4  
682.483	950.47 
682.893	924.86 
683.302	866.65 
683.712	896.92 
684.122	950.47 
684.531	843.37 
684.94	875.97  
685.35	796.81  
685.759	875.97 
686.168	848.03 
686.578	878.29 
686.987	787.5  
687.396	827.07 
687.805	824.75 
688.214	796.81 
688.623	806.12 
689.032	752.57 
689.44	878.29  
689.849	901.57 
690.258	761.89 
690.666	794.48 
691.075	729.29 
691.484	796.81 
691.892	757.23 
692.3	752.57   
692.709	750.25 
693.117	796.81 
693.525	794.48 
693.933	787.5  
694.341	710.67 
694.749	766.54 
695.157	752.57 
695.565	717.65 
695.973	831.73 
696.381	717.65 
696.788	782.84 
697.196	696.7  
697.604	694.37 
698.011	759.56 
698.419	810.78 
698.826	703.68 
699.234	659.45 
699.641	640.82 
700.048	692.04 
700.455	619.87 
700.862	650.13 
701.269	664.1  
701.676	706.01 
702.083	689.71 
702.49	645.48  
702.897	631.51 
703.304	726.96 
703.71	631.51  
704.117	694.37 
704.524	712.99 
704.93	696.7   
705.337	624.53 
705.743	575.63 
706.149	608.23 
706.556	664.1  
706.962	664.1  
707.368	671.09 
707.774	622.2  
708.18	563.99  
708.586	568.65 
708.992	615.21 
709.398	610.56 
709.804	557.01 
710.209	603.57 
710.615	591.93 
711.021	689.71 
711.426	603.57 
711.832	612.88 
712.237	566.32 
712.642	589.6  
713.048	629.18 
713.453	673.42 
713.858	557.01 
714.263	626.85 
714.668	582.62 
715.073	552.35 
715.478	601.24 
715.883	561.67 
716.288	498.81 
716.693	552.35 
717.097	587.27 
717.502	575.63 
717.906	550.02 
718.311	575.63 
718.715	633.84 
719.12	596.59  
719.524	529.07 
719.928	522.09 
720.333	538.38 
720.737	563.99 
721.141	503.46 
721.545	468.54 
721.949	545.37 
722.353	589.6  
722.757	552.35 
723.16	568.65  
723.564	512.77 
723.968	505.79 
724.371	522.09 
724.775	531.4  
725.178	484.84 
725.582	531.4  
725.985	591.93 
726.388	582.62 
726.792	498.81 
727.195	484.84 
727.598	494.15 
728.001	557.01 
728.404	501.13 
728.807	501.13 
729.21	475.52  
729.612	573.31 
730.015	473.2  
730.418	496.48 
730.82	529.07  
731.223	508.12 
731.625	538.38 
732.028	533.73 
732.43	489.49  
732.833	426.63 
733.235	510.45 
733.637	482.51 
734.039	526.74 
734.441	491.82 
734.843	496.48 
735.245	552.35 
735.647	412.66 
736.049	496.48 
736.451	505.79 
736.852	517.43 
737.254	456.9  
737.655	466.21 
738.057	494.15 
738.458	536.06 
738.86	482.51  
739.261	536.06 
739.662	452.24 
740.064	377.74 
740.465	515.1  
740.866	384.73 
741.267	463.88 
741.668	547.7  
742.069	440.6  
742.469	480.18 
742.87	563.99  
743.271	482.51 
743.672	496.48 
744.072	494.15 
744.473	440.6  
744.873	445.26 
745.274	566.32 
745.674	456.9  
746.074	498.81 
746.474	452.24 
746.875	403.35 
747.275	505.79 
747.675	428.96 
748.075	515.1  
748.474	445.26 
748.874	498.81 
749.274	475.52 
749.674	438.27 
750.073	424.3  
750.473	431.29 
750.873	463.88 
751.272	489.49 
751.671	414.99 
752.071	431.29 
752.47	456.9   
752.869	431.29 
753.268	440.6  
753.668	412.66 
754.067	438.27 
754.466	414.99 
754.864	433.62 
755.263	433.62 
755.662	489.49 
756.061	428.96 
756.459	412.66 
756.858	463.88 
757.257	487.16 
757.655	421.98 
758.053	517.43 
758.452	438.27 
758.85	454.57  
759.248	470.87 
759.646	447.59 
760.045	389.38 
760.443	363.77 
760.841	421.98 
761.238	449.91 
761.636	447.59 
762.034	426.63 
762.432	424.3  
762.829	461.56 
763.227	456.9  
763.625	428.96 
764.022	412.66 
764.419	361.44 
764.817	384.73 
765.214	456.9  
765.611	452.24 
766.008	424.3  
766.406	454.57 
766.803	414.99 
767.199	461.56 
767.596	468.54 
767.993	426.63 
768.39	389.38  
768.787	417.32 
769.183	412.66 
769.58	489.49  
769.977	421.98 
770.373	398.7  
770.769	505.79 
771.166	382.4  
771.562	440.6  
771.958	354.46 
772.354	403.35 
772.75	438.27  
773.146	428.96 
773.542	359.12 
773.938	489.49 
774.334	396.37 
774.73	410.34  
775.126	447.59 
775.521	491.82 
775.917	454.57 
776.312	347.48 
776.708	424.3  
777.103	424.3  
777.499	366.1  
777.894	403.35 
778.289	461.56 
778.684	403.35 
779.079	440.6  
779.474	456.9  
779.869	452.24 
780.264	394.04 
780.659	349.8  
781.054	405.68 
781.448	340.49 
781.843	435.95 
782.238	354.46 
782.632	440.6  
783.027	468.54 
783.421	421.98 
783.815	421.98 
784.21	405.68  
784.604	401.02 
784.998	387.05 
785.392	396.37 
785.786	433.62 
786.18	408.01  
786.574	335.84 
786.968	417.32 
787.361	370.76 
787.755	408.01 
788.149	356.79 
788.542	391.71 
788.936	333.51 
789.329	375.41 
789.722	435.95 
790.116	447.59 
790.509	377.74 
790.902	421.98 
791.295	410.34 
791.688	403.35 
792.081	377.74 
792.474	454.57 
792.867	401.02 
793.26	433.62  
793.653	419.65 
794.045	352.13 
794.438	468.54 
794.83	414.99  
795.223	403.35 
795.615	387.05 
796.008	408.01 
796.4	373.09   
796.792	431.29 
797.184	382.4  
797.576	454.57 
797.968	398.7  
798.36	410.34  
798.752	373.09 
799.144	391.71 
799.536	403.35 
799.928	408.01 
800.319	410.34 
800.711	382.4  
801.102	317.21 
801.494	414.99 
801.885	370.76 
802.276	475.52 
802.668	326.52 
803.059	401.02 
803.45	356.79  
803.841	468.54 
804.232	401.02 
804.623	312.55 
805.014	405.68 
805.405	438.27 
805.795	354.46 
806.186	419.65 
806.577	431.29 
806.967	408.01 
807.358	382.4  
807.748	354.46 
808.139	470.87 
808.529	428.96 
808.919	445.26 
809.309	405.68 
809.699	345.15 
810.089	431.29 
810.479	382.4  
810.869	370.76 
811.259	412.66 
811.649	456.9  
812.039	396.37 
812.428	331.18 
812.818	370.76 
813.207	419.65 
813.597	410.34 
813.986	398.7  
814.376	431.29 
814.765	300.91 
815.154	396.37 
815.543	354.46 
815.932	435.95 
816.321	340.49 
816.71	359.12  
817.099	342.82 
817.488	419.65 
817.877	482.51 
818.265	361.44 
818.654	394.04 
819.043	412.66 
819.431	447.59 
819.819	352.13 
820.208	445.26 
820.596	368.43 
820.984	373.09 
821.372	373.09 
821.761	366.1  
822.149	496.48 
822.537	435.95 
822.924	396.37 
823.312	508.12 
823.7	377.74   
824.088	331.18 
824.475	384.73 
824.863	333.51 
825.251	375.41 
825.638	361.44 
826.025	440.6  
826.413	396.37 
826.8	417.32   
827.187	405.68 
827.574	412.66 
827.961	382.4  
828.348	375.41 
828.735	375.41 
829.122	375.41 
829.509	447.59 
829.896	456.9  
830.282	438.27 
830.669	480.18 
831.055	428.96 
831.442	438.27 
831.828	382.4  
832.215	359.12 
832.601	398.7  
832.987	345.15 
833.373	387.05 
833.759	447.59 
834.145	356.79 
834.531	449.91 
834.917	419.65 
835.303	342.82 
835.689	428.96 
836.074	401.02 
836.46	354.46  
836.846	419.65 
837.231	361.44 
837.617	433.62 
838.002	414.99 
838.387	405.68 
838.772	387.05 
839.158	421.98 
839.543	389.38 
839.928	445.26 
840.313	319.54 
840.698	431.29 
841.082	401.02 
841.467	352.13 
841.852	370.76 
842.237	419.65 
842.621	368.43 
843.006	438.27 
843.39	398.7   
843.774	412.66 
844.159	359.12 
844.543	408.01 
844.927	419.65 
845.311	445.26 
845.695	391.71 
846.079	403.35 
846.463	394.04 
846.847	424.3  
847.231	473.2  
847.615	354.46 
847.998	396.37 
848.382	377.74 
848.765	361.44 
849.149	403.35 
849.532	419.65 
849.916	449.91 
850.299	421.98 
850.682	417.32 
851.065	359.12 
851.448	447.59 
851.831	373.09 
852.214	363.77 
852.597	366.1  
852.98	417.32  
853.363	414.99 
853.745	424.3  
854.128	373.09 
854.51	396.37  
854.893	375.41 
855.275	375.41 
855.658	421.98 
856.04	414.99  
856.422	408.01 
856.804	349.8  
857.186	419.65 
857.568	373.09 
857.95	375.41  
858.332	421.98 
858.714	370.76 
859.096	373.09 
859.477	410.34 
859.859	405.68 
860.24	391.71  
860.622	356.79 
861.003	312.55 
861.385	391.71 
861.766	384.73 
862.147	401.02 
862.528	447.59 
862.909	342.82 
863.29	363.77  
863.671	321.87 
864.052	410.34 
864.433	391.71 
864.814	403.35 
865.194	456.9  
865.575	356.79 
865.955	382.4  
866.336	438.27 
866.716	405.68 
867.097	391.71 
867.477	387.05 
867.857	414.99 
868.237	387.05 
868.617	435.95 
868.997	433.62 
869.377	398.7  
869.757	408.01 
870.137	408.01 
870.517	403.35 
870.896	380.07 
871.276	375.41 
871.655	314.88 
872.035	375.41 
872.414	382.4  
872.794	352.13 
873.173	428.96 
873.552	408.01 
873.931	349.8  
874.31	359.12  
874.689	463.88 
875.068	484.84 
875.447	445.26 
875.826	459.23 
876.205	408.01 
876.583	356.79 
876.962	368.43 
877.341	426.63 
877.719	405.68 
878.097	435.95 
878.476	377.74 
878.854	403.35 
879.232	435.95 
879.61	403.35  
879.988	412.66 
880.366	412.66 
880.744	303.24 
881.122	342.82 
881.5	424.3    
881.878	373.09 
882.255	433.62 
882.633	403.35 
883.011	389.38 
883.388	412.66 
883.765	414.99 
884.143	431.29 
884.52	438.27  
884.897	421.98 
885.274	307.9  
885.651	408.01 
886.028	391.71 
886.405	387.05 
886.782	424.3  
887.159	438.27 
887.536	380.07 
887.912	382.4  
888.289	398.7  
888.665	431.29 
889.042	363.77 
889.418	319.54 
889.794	373.09 
890.171	421.98 
890.547	387.05 
890.923	382.4  
891.299	373.09 
891.675	401.02 
892.051	326.52 
892.427	347.48 
892.803	303.24 
893.178	410.34 
893.554	405.68 
893.929	382.4  
894.305	349.8  
894.68	375.41  
895.056	405.68 
895.431	408.01 
895.806	340.49 
896.181	431.29 
896.557	326.52 
896.932	412.66 
897.307	380.07 
897.681	366.1  
898.056	387.05 
898.431	368.43 
898.806	326.52 
899.18	380.07  
899.555	414.99 
899.929	412.66 
900.304	361.44 
900.678	433.62 
901.052	440.6  
901.427	408.01 
901.801	382.4  
902.175	384.73 
902.549	384.73 
902.923	373.09 
903.297	459.23 
903.67	414.99  
904.044	410.34 
904.418	363.77 
904.791	447.59 
905.165	410.34 
905.538	431.29 
905.912	275.3  
906.285	401.02 
906.658	405.68 
907.032	321.87 
907.405	349.8  
907.778	463.88 
908.151	377.74 
908.524	296.26 
908.896	398.7  
909.269	398.7  
909.642	380.07 
910.015	375.41 
910.387	435.95 
910.76	421.98  
911.132	352.13 
911.504	352.13 
911.877	466.21 
912.249	352.13 
912.621	414.99 
912.993	366.1  
913.365	417.32 
913.737	377.74 
914.109	384.73 
914.481	417.32 
914.853	382.4  
915.224	408.01 
915.596	449.91 
915.968	377.74 
916.339	435.95 
916.71	377.74  
917.082	398.7  
917.453	368.43 
917.824	352.13 
918.195	412.66 
918.566	389.38 
918.937	440.6  
919.308	394.04 
919.679	389.38 
920.05	359.12  
920.421	333.51 
920.791	387.05 
921.162	331.18 
921.532	342.82 
921.903	370.76 
922.273	398.7  
922.644	389.38 
923.014	384.73 
923.384	412.66 
923.754	375.41 
924.124	394.04 
924.494	398.7  
924.864	419.65 
925.234	368.43 
925.604	424.3  
925.973	396.37 
926.343	347.48 
926.712	387.05 
927.082	338.16 
927.451	352.13 
927.821	342.82 
928.19	345.15  
928.559	459.23 
928.928	405.68 
929.297	408.01 
929.666	398.7  
930.035	424.3  
930.404	312.55 
930.773	389.38 
931.142	403.35 
931.51	384.73  
931.879	403.35 
932.247	370.76 
932.616	375.41 
932.984	359.12 
933.353	391.71 
933.721	396.37 
934.089	394.04 
934.457	373.09 
934.825	389.38 
935.193	363.77 
935.561	375.41 
935.929	340.49 
936.296	340.49 
936.664	347.48 
937.032	321.87 
937.399	363.77 
937.767	375.41 
938.134	389.38 
938.501	377.74 
938.869	352.13 
939.236	335.84 
939.603	382.4  
939.97	356.79  
940.337	328.85 
940.704	342.82 
941.071	401.02 
941.438	373.09 
941.804	391.71 
942.171	391.71 
942.538	342.82 
942.904	396.37 
943.27	396.37  
943.637	387.05 
944.003	414.99 
944.369	440.6  
944.735	408.01 
945.102	463.88 
945.468	459.23 
945.833	398.7  
946.199	340.49 
946.565	412.66 
946.931	384.73 
947.296	307.9  
947.662	421.98 
948.028	459.23 
948.393	368.43 
948.758	419.65 
949.124	405.68 
949.489	303.24 
949.854	335.84 
950.219	463.88 
950.584	410.34 
950.949	421.98 
951.314	328.85 
951.679	387.05 
952.044	361.44 
952.408	391.71 
952.773	331.18 
953.137	405.68 
953.502	370.76 
953.866	342.82 
954.231	424.3  
954.595	380.07 
954.959	394.04 
955.323	421.98 
955.687	408.01 
956.051	352.13 
956.415	347.48 
956.779	349.8  
957.143	354.46 
957.506	333.51 
957.87	398.7   
958.234	387.05 
958.597	412.66 
958.961	349.8  
959.324	403.35 
959.687	412.66 
960.05	338.16  
960.413	368.43 
960.776	361.44 
961.139	368.43 
961.502	391.71 
961.865	359.12 
962.228	389.38 
962.591	463.88 
962.953	338.16 
963.316	410.34 
963.678	435.95 
964.041	366.1  
964.403	417.32 
964.765	368.43 
965.128	382.4  
965.49	394.04  
965.852	359.12 
966.214	319.54 
966.576	310.23 
966.938	414.99 
967.299	373.09 
967.661	417.32 
968.023	354.46 
968.384	419.65 
968.746	375.41 
969.107	345.15 
969.469	384.73 
969.83	349.8   
970.191	349.8  
970.552	428.96 
970.913	382.4  
971.274	401.02 
971.635	370.76 
971.996	333.51 
972.357	456.9  
972.718	377.74 
973.078	405.68 
973.439	310.23 
973.8	398.7    
974.16	405.68  
974.52	408.01  
974.881	417.32 
975.241	349.8  
975.601	412.66 
975.961	384.73 
976.321	435.95 
976.681	366.1  
977.041	398.7  
977.401	321.87 
977.76	363.77  
978.12	328.85  
978.48	387.05  
978.839	319.54 
979.199	403.35 
979.558	382.4  
979.917	335.84 
980.277	380.07 
980.636	433.62 
980.995	368.43 
981.354	461.56 
981.713	414.99 
982.072	370.76 
982.43	440.6   
982.789	370.76 
983.148	361.44 
983.506	366.1  
983.865	319.54 
984.223	470.87 
984.582	408.01 
984.94	403.35  
985.298	349.8  
985.656	359.12 
986.015	366.1  
986.373	314.88 
986.731	414.99 
987.088	370.76 
987.446	366.1  
987.804	470.87 
988.162	310.23 
988.519	394.04 
988.877	394.04 
989.234	340.49 
989.591	417.32 
989.949	405.68 
990.306	438.27 
990.663	340.49 
991.02	380.07  
991.377	398.7  
991.734	384.73 
992.091	331.18 
992.448	338.16 
992.805	389.38 
993.161	389.38 
993.518	349.8  
993.874	417.32 
994.231	414.99 
994.587	398.7  
994.943	338.16 
995.3	394.04   
995.656	408.01 
996.012	403.35 
996.368	454.57 
996.724	354.46 
997.08	391.71  
997.435	403.35 
997.791	410.34 
998.147	375.41 
998.502	368.43 
998.858	414.99 
999.213	391.71 
999.569	363.77 
999.924	396.37 
1000.279	356.79
1000.634	375.41
1000.989	414.99
1001.344	307.9 
1001.699	324.19
1002.054	470.87
1002.409	377.74
1002.764	347.48
1003.118	326.52
1003.473	370.76
1003.827	389.38
1004.182	449.91
1004.536	382.4 
1004.89	442.93 
1005.245	356.79
1005.599	352.13
1005.953	331.18
1006.307	401.02
1006.661	403.35
1007.015	359.12
1007.368	319.54
1007.722	398.7 
1008.076	312.55
1008.429	387.05
1008.783	398.7 
1009.136	433.62
1009.489	384.73
1009.843	398.7 
1010.196	394.04
1010.549	412.66
1010.902	394.04
1011.255	442.93
1011.608	487.16
1011.961	377.74
1012.313	326.52
1012.666	321.87
1013.019	426.63
1013.371	419.65
1013.724	380.07
1014.076	340.49
1014.428	328.85
1014.781	426.63
1015.133	405.68
1015.485	375.41
1015.837	408.01
1016.189	363.77
1016.541	314.88
1016.893	361.44
1017.244	373.09
1017.596	305.57
1017.947	401.02
1018.299	435.95
1018.65	356.79 
1019.002	373.09
1019.353	408.01
1019.704	354.46
1020.055	319.54
1020.407	373.09
1020.758	396.37
1021.108	324.19
1021.459	359.12
1021.81	442.93 
1022.161	377.74
1022.511	389.38
1022.862	398.7 
1023.213	370.76
1023.563	370.76
1023.913	366.1 
1024.264	384.73
1024.614	361.44
1024.964	352.13
1025.314	370.76
1025.664	335.84
1026.014	428.96
1026.364	412.66
1026.713	352.13
1027.063	324.19
1027.413	349.8 
1027.762	321.87
1028.112	354.46
1028.461	394.04
1028.81	440.6  
1029.16	431.29 
1029.509	398.7 
1029.858	396.37
1030.207	377.74
1030.556	368.43
1030.905	368.43
1031.254	333.51
1031.602	431.29
1031.951	310.23
1032.3	370.76  
1032.648	356.79
1032.996	356.79
1033.345	356.79