187.879	13.24  
188.346	13.24  
188.813	13.24  
189.28	-149.73 
189.747	-28.67 
190.214	-68.24 
190.681	-61.26 
191.148	-117.13
191.614	-84.54 
192.081	-107.82
192.548	-61.26 
193.014	-30.99 
193.481	-44.96 
193.948	17.9   
194.414	34.19  
194.881	29.54  
195.347	97.05  
195.813	57.48  
196.28	78.43   
196.746	124.99 
197.212	136.63 
197.678	173.88 
198.145	187.85 
198.611	267.01 
199.077	192.51 
199.543	190.18 
200.009	297.28 
200.475	313.57 
200.941	339.18 
201.407	329.87 
201.873	360.14 
202.338	325.21 
202.804	390.4  
203.27	350.82  
203.735	378.76 
204.201	357.81 
204.667	371.78 
205.132	362.46 
205.598	357.81 
206.063	413.68 
206.529	434.64 
206.994	464.9  
207.459	506.81 
207.925	402.04 
208.39	416.01  
208.855	278.65 
209.32	409.03  
209.785	443.95 
210.25	499.82  
210.715	390.4  
211.18	390.4   
211.645	432.31 
212.11	418.34  
212.575	385.74 
213.04	385.74  
213.504	483.53 
213.969	416.01 
214.434	404.37 
214.899	416.01 
215.363	416.01 
215.828	381.09 
216.292	385.74 
216.757	406.7  
217.221	385.74 
217.685	520.78 
218.15	413.68  
218.614	462.57 
219.078	376.43 
219.542	336.85 
220.007	371.78 
220.471	406.7  
220.935	399.71 
221.399	332.2  
221.863	467.23 
222.327	427.65 
222.791	413.68 
223.254	390.4  
223.718	418.34 
224.182	392.73 
224.646	409.03 
225.109	434.64 
225.573	390.4  
226.037	320.56 
226.5	346.17   
226.964	353.15 
227.427	376.43 
227.89	385.74  
228.354	364.79 
228.817	383.42 
229.28	367.12  
229.744	406.7  
230.207	388.07 
230.67	420.67  
231.133	402.04 
231.596	378.76 
232.059	339.18 
232.522	306.59 
232.985	327.54 
233.448	392.73 
233.911	362.46 
234.374	332.2  
234.836	409.03 
235.299	453.26 
235.762	374.1  
236.224	395.06 
236.687	404.37 
237.149	455.59 
237.612	427.65 
238.074	369.45 
238.537	383.42 
238.999	369.45 
239.461	418.34 
239.924	395.06 
240.386	395.06 
240.848	350.82 
241.31	441.62  
241.772	418.34 
242.234	434.64 
242.696	392.73 
243.158	339.18 
243.62	388.07  
244.082	371.78 
244.544	395.06 
245.006	448.6  
245.468	369.45 
245.929	385.74 
246.391	413.68 
246.852	448.6  
247.314	411.35 
247.776	395.06 
248.237	485.86 
248.698	532.42 
249.16	369.45  
249.621	416.01 
250.082	406.7  
250.544	374.1  
251.005	416.01 
251.466	418.34 
251.927	404.37 
252.388	464.9  
252.849	397.39 
253.31	404.37  
253.771	371.78 
254.232	411.35 
254.693	427.65 
255.154	413.68 
255.615	360.14 
256.075	474.21 
256.536	304.26 
256.997	404.37 
257.457	443.95 
257.918	315.9  
258.378	446.28 
258.839	409.03 
259.299	411.35 
259.759	432.31 
260.22	423     
260.68	385.74  
261.14	362.46  
261.6	360.14   
262.06	406.7   
262.521	453.26 
262.981	388.07 
263.441	427.65 
263.901	418.34 
264.36	376.43  
264.82	488.18  
265.28	404.37  
265.74	376.43  
266.2	381.09   
266.659	448.6  
267.119	383.42 
267.579	462.57 
268.038	388.07 
268.498	404.37 
268.957	378.76 
269.416	457.92 
269.876	367.12 
270.335	404.37 
270.794	462.57 
271.254	376.43 
271.713	411.35 
272.172	467.23 
272.631	416.01 
273.09	409.03  
273.549	369.45 
274.008	490.51 
274.467	448.6  
274.926	320.56 
275.385	376.43 
275.843	371.78 
276.302	450.93 
276.761	416.01 
277.22	397.39  
277.678	416.01 
278.137	385.74 
278.595	425.32 
279.054	409.03 
279.512	413.68 
279.97	446.28  
280.429	439.29 
280.887	469.56 
281.345	390.4  
281.803	425.32 
282.262	432.31 
282.72	355.48  
283.178	383.42 
283.636	441.62 
284.094	399.71 
284.552	402.04 
285.01	448.6   
285.467	476.54 
285.925	448.6  
286.383	427.65 
286.841	411.35 
287.298	369.45 
287.756	457.92 
288.213	392.73 
288.671	446.28 
289.128	406.7  
289.586	427.65 
290.043	406.7  
290.5	402.04   
290.958	409.03 
291.415	483.53 
291.872	488.18 
292.329	390.4  
292.786	383.42 
293.243	450.93 
293.7	446.28   
294.157	476.54 
294.614	418.34 
295.071	443.95 
295.528	485.86 
295.985	418.34 
296.441	439.29 
296.898	390.4  
297.355	441.62 
297.811	467.23 
298.268	334.53 
298.724	443.95 
299.181	413.68 
299.637	355.48 
300.094	416.01 
300.55	395.06  
301.006	436.96 
301.462	443.95 
301.919	416.01 
302.375	455.59 
302.831	457.92 
303.287	399.71 
303.743	464.9  
304.199	492.84 
304.655	423    
305.11	434.64  
305.566	409.03 
306.022	436.96 
306.478	376.43 
306.933	467.23 
307.389	432.31 
307.845	427.65 
308.3	446.28   
308.756	402.04 
309.211	462.57 
309.666	495.17 
310.122	409.03 
310.577	390.4  
311.032	402.04 
311.487	474.21 
311.943	439.29 
312.398	399.71 
312.853	376.43 
313.308	369.45 
313.763	409.03 
314.218	448.6  
314.672	404.37 
315.127	388.07 
315.582	371.78 
316.037	432.31 
316.492	429.98 
316.946	392.73 
317.401	441.62 
317.855	395.06 
318.31	448.6   
318.764	471.89 
319.219	425.32 
319.673	457.92 
320.127	420.67 
320.582	388.07 
321.036	409.03 
321.49	446.28  
321.944	420.67 
322.398	420.67 
322.852	404.37 
323.306	441.62 
323.76	436.96  
324.214	406.7  
324.668	504.48 
325.122	416.01 
325.575	439.29 
326.029	436.96 
326.483	450.93 
326.936	439.29 
327.39	502.15  
327.843	481.2  
328.297	371.78 
328.75	439.29  
329.204	439.29 
329.657	492.84 
330.11	423     
330.564	446.28 
331.017	439.29 
331.47	448.6   
331.923	441.62 
332.376	439.29 
332.829	441.62 
333.282	434.64 
333.735	448.6  
334.188	504.48 
334.641	397.39 
335.093	378.76 
335.546	413.68 
335.999	457.92 
336.451	457.92 
336.904	455.59 
337.356	399.71 
337.809	448.6  
338.261	448.6  
338.714	495.17 
339.166	432.31 
339.618	455.59 
340.07	406.7   
340.523	439.29 
340.975	467.23 
341.427	434.64 
341.879	469.56 
342.331	502.15 
342.783	406.7  
343.235	485.86 
343.687	455.59 
344.138	471.89 
344.59	446.28  
345.042	450.93 
345.494	434.64 
345.945	339.18 
346.397	450.93 
346.848	385.74 
347.3	457.92   
347.751	427.65 
348.203	411.35 
348.654	457.92 
349.105	416.01 
349.556	448.6  
350.008	460.25 
350.459	481.2  
350.91	402.04  
351.361	399.71 
351.812	425.32 
352.263	402.04 
352.714	455.59 
353.165	406.7  
353.615	446.28 
354.066	474.21 
354.517	439.29 
354.968	478.87 
355.418	427.65 
355.869	413.68 
356.319	474.21 
356.77	439.29  
357.22	434.64  
357.671	478.87 
358.121	434.64 
358.571	418.34 
359.021	453.26 
359.472	446.28 
359.922	499.82 
360.372	483.53 
360.822	492.84 
361.272	478.87 
361.722	427.65 
362.172	390.4  
362.622	464.9  
363.071	399.71 
363.521	476.54 
363.971	399.71 
364.42	450.93  
364.87	404.37  
365.32	455.59  
365.769	453.26 
366.219	460.25 
366.668	439.29 
367.117	457.92 
367.567	395.06 
368.016	450.93 
368.465	443.95 
368.914	420.67 
369.363	416.01 
369.812	416.01 
370.261	471.89 
370.71	474.21  
371.159	457.92 
371.608	381.09 
372.057	418.34 
372.506	497.5  
372.955	455.59 
373.403	420.67 
373.852	390.4  
374.301	516.12 
374.749	481.2  
375.198	455.59 
375.646	364.79 
376.094	455.59 
376.543	392.73 
376.991	441.62 
377.439	483.53 
377.887	416.01 
378.336	488.18 
378.784	509.14 
379.232	429.98 
379.68	381.09  
380.128	469.56 
380.576	443.95 
381.023	516.12 
381.471	416.01 
381.919	418.34 
382.367	453.26 
382.814	446.28 
383.262	457.92 
383.71	460.25  
384.157	478.87 
384.605	488.18 
385.052	353.15 
385.499	434.64 
385.947	425.32 
386.394	439.29 
386.841	490.51 
387.288	427.65 
387.735	460.25 
388.182	409.03 
388.63	443.95  
389.076	404.37 
389.523	450.93 
389.97	411.35  
390.417	395.06 
390.864	488.18 
391.311	429.98 
391.757	499.82 
392.204	420.67 
392.651	388.07 
393.097	504.48 
393.544	457.92 
393.99	441.62  
394.436	509.14 
394.883	450.93 
395.329	439.29 
395.775	411.35 
396.221	476.54 
396.668	409.03 
397.114	397.39 
397.56	434.64  
398.006	388.07 
398.452	471.89 
398.897	502.15 
399.343	404.37 
399.789	497.5  
400.235	409.03 
400.681	390.4  
401.126	427.65 
401.572	420.67 
402.017	434.64 
402.463	497.5  
402.908	478.87 
403.354	483.53 
403.799	457.92 
404.244	497.5  
404.689	443.95 
405.135	425.32 
405.58	432.31  
406.025	509.14 
406.47	541.73  
406.915	562.68 
407.36	497.5   
407.805	481.2  
408.25	427.65  
408.694	434.64 
409.139	457.92 
409.584	429.98 
410.029	455.59 
410.473	432.31 
410.918	450.93 
411.362	420.67 
411.807	462.57 
412.251	432.31 
412.695	416.01 
413.14	481.2   
413.584	481.2  
414.028	455.59 
414.472	499.82 
414.916	413.68 
415.36	455.59  
415.804	511.46 
416.248	460.25 
416.692	483.53 
417.136	551.04 
417.58	534.75  
418.024	488.18 
418.467	476.54 
418.911	516.12 
419.355	439.29 
419.798	434.64 
420.242	537.07 
420.685	537.07 
421.128	467.23 
421.572	504.48 
422.015	567.34 
422.458	450.93 
422.902	492.84 
423.345	569.67 
423.788	565.01 
424.231	539.4  
424.674	541.73 
425.117	539.4  
425.56	602.26  
426.003	623.22 
426.445	613.9  
426.888	746.61 
427.331	697.72 
427.773	646.5  
428.216	623.22 
428.659	651.15 
429.101	704.7  
429.543	767.56 
429.986	802.48 
430.428	832.75 
430.87	832.75  
431.313	897.94 
431.755	890.95 
432.197	918.89 
432.639	979.42 
433.081	923.55 
433.523	960.8  
433.965	1042.28
434.407	1060.91
434.849	1216.89
435.291	1179.64
435.732	1277.42
436.174	1275.1 
436.616	1354.25
437.057	1358.91
437.499	1391.5 
437.94	1612.68 
438.382	1638.29
438.823	1621.99
439.264	1773.32
439.706	1826.87
440.147	1985.18
440.588	2066.67
441.029	2148.15
441.47	2162.12 
441.911	2283.18
442.352	2334.4 
442.793	2518.33
443.234	2639.39
443.675	2767.44
444.116	2963   
444.556	2993.27
444.997	3116.66
445.438	3363.44
445.878	3330.85
446.319	3512.45
446.759	3810.45
447.199	3840.71
447.64	3992.04 
448.08	4245.81 
448.52	4494.92 
448.961	4671.86
449.401	4927.96
449.841	5037.38
450.281	5246.91
450.721	5377.29
451.161	5773.08
451.601	5803.34
452.041	6024.52
452.48	6487.82 
452.92	6655.44 
453.36	6736.93 
453.799	7000.01
454.239	7551.78
454.679	7724.06
455.118	7942.91
455.557	7889.36
455.997	8040.69
456.436	8324.72
456.875	8466.74
457.315	8618.07
457.754	9044.12
458.193	8783.37
458.632	9181.48
459.071	9342.12
459.51	9262.97 
459.949	9137.25
460.388	9309.53
460.827	9367.73
461.265	9179.15
461.704	8906.76
462.143	8937.03
462.581	8636.7 
463.02	8804.32 
463.458	8557.54
463.897	8275.83
464.335	8212.97
464.774	7819.52
465.212	7842.8 
465.65	7533.16 
466.088	7430.72
466.527	7253.78
466.965	6965.09
467.403	6920.85
467.841	6564.65
468.279	6383.05
468.716	6322.52
469.154	5926.73
469.592	5877.84
470.03	5814.98 
470.467	5677.62
470.905	5554.23
471.343	5384.28
471.78	5286.49 
472.218	5440.15
472.655	5130.51
473.092	5053.68
473.53	4974.52 
473.967	4669.53
474.404	4792.93
474.841	4781.29
475.278	4543.81
475.716	4681.18
476.153	4518.21
476.589	4469.31
477.026	4350.58
477.463	4264.44
477.9	4343.59  
478.337	4248.14
478.773	4231.84
479.21	4206.23 
479.647	4175.97
480.083	4089.83
480.52	3936.17 
480.956	3945.48
481.392	3891.93
481.829	3740.6 
482.265	3689.38
482.701	3696.37
483.137	3631.18
483.574	3542.71
484.01	3547.37 
484.446	3526.41
484.882	3375.09
485.317	3342.49
485.753	3228.41
486.189	3249.37
486.625	3142.27
487.061	3130.63
487.496	2974.64
487.932	2914.11
488.367	2928.08
488.803	2935.07
489.238	2790.72
489.674	2716.22
490.109	2755.8 
490.544	2730.19
490.979	2665   
491.415	2634.73
491.85	2574.2  
492.285	2727.86
492.72	2688.28 
493.155	2520.66
493.59	2550.92 
494.024	2408.9 
494.459	2495.05
494.894	2476.42
495.329	2439.17
495.763	2378.64
496.198	2285.51
496.632	2304.14
497.067	2350.7 
497.501	2257.57
497.936	2306.47
498.37	2278.53 
498.804	2362.34
499.238	2311.12
499.673	2227.31
500.107	2145.82
500.541	2173.76
500.975	2234.29
501.409	2231.97
501.843	2162.12
502.277	2259.9 
502.71	2264.56 
503.144	2299.48
503.578	2243.61
504.011	2082.96
504.445	2150.48
504.878	2204.03
505.312	2332.08
505.745	2257.57
506.179	2248.26
506.612	2280.86
507.045	2271.54
507.479	2348.37
507.912	2348.37
508.345	2348.37
508.778	2350.7 
509.211	2462.45
509.644	2394.94
510.077	2464.78
510.509	2348.37
510.942	2339.06
511.375	2483.4 
511.808	2520.66
512.24	2592.83 
512.673	2683.63
513.105	2660.34
513.538	2741.83
513.97	2690.61 
514.403	2669.66
514.835	2795.38
515.267	2779.08
515.699	2907.13
516.131	2825.64
516.564	3030.52
516.996	2939.72
517.428	2944.38
517.859	3018.88
518.291	3163.22
518.723	3079.41
519.155	3100.36
519.587	3158.57
520.018	3265.66
520.45	3277.3  
520.881	3463.55
521.313	3263.33
521.744	3414.66
522.176	3309.9 
522.607	3342.49
523.038	3472.87
523.47	3512.45 
523.901	3472.87
524.332	3526.41
524.763	3496.15
525.194	3626.52
525.625	3731.29
526.056	3780.18
526.487	3775.53
526.917	3656.79
527.348	3759.23
527.779	3817.43
528.21	3877.96 
528.64	4024.64 
529.071	4082.84
529.501	4078.19
529.932	4003.68
530.362	3950.14
530.792	4006.01
531.222	4150.36
531.653	4082.84
532.083	4036.28
532.513	3917.54
532.943	4038.61
533.373	4189.94
533.803	4271.42
534.233	4178.3 
534.663	4157.34
535.092	4329.63
535.522	4157.34
535.952	4180.62
536.381	4320.31
536.811	4252.8 
537.24	4297.03 
537.67	4397.14 
538.099	4241.16
538.529	4427.41
538.958	4278.41
539.387	4313.33
539.816	4373.86
540.245	4574.08
540.674	4392.49
541.103	4439.05
541.532	4485.61
541.961	4534.5 
542.39	4359.89 
542.819	4548.47
543.248	4525.19
543.676	4469.31
544.105	4548.47
544.534	4634.61
544.962	4555.46
545.391	4464.66
545.819	4646.25
546.247	4546.14
546.676	4548.47
547.104	4667.21
547.532	4769.64
547.96	4720.75 
548.388	4550.8 
548.816	4597.36
549.244	4629.96
549.672	4690.49
550.1	4688.16  
550.528	4720.75
550.956	4641.6 
551.383	4643.93
551.811	4678.85
552.238	4713.77
552.666	4571.75
553.094	4778.96
553.521	4674.19
553.948	4774.3 
554.376	4816.21
554.803	4674.19
555.23	4643.93 
555.657	4785.94
556.084	4627.63
556.511	4629.96
556.938	4869.76
557.365	4688.16
557.792	4837.16
558.219	4669.53
558.646	4592.71
559.072	4655.57
559.499	4639.27
559.926	4723.08
560.352	4685.83
560.779	4853.46
561.205	4725.41
561.632	4699.8 
562.058	4690.49
562.484	4746.36
562.91	4816.21 
563.337	4848.8 
563.763	4674.19
564.189	4851.13
564.615	4851.13
565.041	4797.58
565.466	4804.57
565.892	4753.35
566.318	4776.63
566.744	4790.6 
567.169	4820.86
567.595	4874.41
568.021	4858.11
568.446	4809.22
568.872	4820.86
569.297	4944.26
569.722	4844.15
570.148	4683.5 
570.573	4699.8 
570.998	4669.53
571.423	4650.91
571.848	4648.58
572.273	4576.41
572.698	4534.5 
573.123	4597.36
573.548	4518.21
573.973	4439.05
574.397	4499.58
574.822	4515.88
575.247	4511.22
575.671	4546.14
576.096	4362.22
576.52	4304.02 
576.944	4343.59
577.369	4304.02
577.793	4210.89
578.217	4434.39
578.641	4262.11
579.065	4271.42
579.49	4299.36 
579.914	4206.23
580.337	4131.73
580.761	4148.03
581.185	4138.72
581.609	4245.81
582.033	4082.84
582.456	4092.15
582.88	4122.42 
583.303	4178.3 
583.727	4185.28
584.15	3903.57 
584.574	4089.83
584.997	4040.94
585.42	4017.65 
585.844	3936.17
586.267	4094.48
586.69	4001.36 
587.113	3882.62
587.536	3936.17
587.959	3952.47
588.382	3877.96
588.804	3831.4 
589.227	3901.25
589.65	3910.56 
590.073	3810.45
590.495	3884.95
590.918	3815.1 
591.34	3826.75 
591.763	3742.93
592.185	3712.67
592.607	3745.26
593.03	3891.93 
593.452	3663.78
593.874	3877.96
594.296	3691.71
594.718	3824.42
595.14	3728.96 
595.562	3721.98
595.984	3735.95
596.406	3749.92
596.827	3752.24
597.249	3680.07
597.671	3756.9 
598.092	3801.14
598.514	3784.84
598.935	3756.9 
599.357	3777.85
599.778	3689.38
600.199	3768.54
600.621	3819.76
601.042	3829.07
601.463	3649.81
601.884	3773.2 
602.305	3864   
602.726	3847.7 
603.147	3870.98
603.568	3663.78
603.988	3726.64
604.409	3742.93
604.83	3745.26 
605.25	3784.84 
605.671	3698.7 
606.092	3787.17
606.512	3733.62
606.932	3624.2 
607.353	3642.82
607.773	3759.23
608.193	3687.06
608.613	3654.46
609.034	3554.35
609.454	3549.7 
609.874	3449.59
610.293	3379.74
610.713	3349.48
611.133	3379.74
611.553	3382.07
611.973	3242.38
612.392	3309.9 
612.812	3263.33
613.231	3091.05
613.651	3088.72
614.07	3153.91 
614.49	3144.6  
614.909	3149.25
615.328	3021.21
615.747	3114.33
616.167	2839.61
616.586	3030.52
617.005	3023.53
617.424	2935.07
617.843	2772.1 
618.261	2839.61
618.68	2841.94 
619.099	2839.61
619.518	2902.47
619.936	2807.02
620.355	2825.64
620.773	2795.38
621.192	2639.39
621.61	2685.95 
622.029	2790.72
622.447	2692.94
622.865	2683.63
623.283	2618.44
623.701	2455.47
624.119	2602.14
624.537	2543.94
624.955	2450.81
625.373	2571.87
625.791	2569.55
626.209	2432.19
626.627	2441.5 
627.044	2432.19
627.462	2474.09
627.879	2383.29
628.297	2325.09
628.714	2334.4 
629.132	2325.09
629.549	2387.95
629.966	2285.51
630.383	2318.11
630.8	2299.48  
631.217	2127.2 
631.634	2250.59
632.051	2213.34
632.468	2211.01
632.885	2164.45
633.302	2241.28
633.719	2206.36
634.135	2099.26
634.552	2129.53
634.969	2171.43
635.385	1992.17
635.801	2169.11
636.218	1985.18
636.634	2108.57
637.05	2022.43 
637.467	2006.13
637.883	2029.42
638.299	2017.78
638.715	1985.18
639.131	1966.56
639.547	1915.34
639.963	2034.07
640.378	1992.17
640.794	1906.02
641.21	1878.09 
641.626	1899.04
642.041	1845.49
642.457	1787.29
642.872	1857.13
643.287	1852.48
643.703	1750.04
644.118	1864.12
644.533	1875.76
644.948	1868.77
645.364	1815.23
645.779	1652.26
646.194	1687.18
646.609	1682.52
647.023	1708.13
647.438	1773.32
647.853	1747.71
648.268	1677.87
648.682	1684.85
649.097	1654.58
649.511	1649.93
649.926	1638.29
650.34	1603.37 
650.755	1601.04
651.169	1549.82
651.583	1673.21
651.997	1531.19
652.411	1547.49
652.825	1545.16
653.239	1608.02
653.653	1531.19
654.067	1524.21
654.481	1482.3 
654.895	1638.29
655.309	1503.26
655.722	1514.9 
656.136	1405.47
656.549	1496.27
656.963	1433.41
657.376	1375.21
657.79	1428.75 
658.203	1424.1 
658.616	1386.85
659.029	1396.16
659.442	1419.44
659.855	1389.18
660.268	1400.82
660.681	1344.94
661.094	1372.88
661.507	1384.52
661.92	1337.96 
662.333	1417.11
662.745	1319.33
663.158	1365.89
663.57	1289.07 
663.983	1270.44
664.395	1342.61
664.808	1195.94
665.22	1275.1  
665.632	1212.24
666.044	1300.71
666.456	1198.27
666.868	1221.55
667.28	1247.16 
667.692	1272.77
668.104	1177.31
668.516	1205.25
668.928	1174.99
669.34	1261.13 
669.751	1181.97
670.163	1151.71
670.574	1091.17
670.986	1081.86
671.397	1142.39
671.809	1126.1 
672.22	1088.85 
672.631	1123.77
673.042	1119.11
673.453	1112.13
673.864	1107.47
674.275	1102.81
674.686	1060.91
675.097	1081.86
675.508	1049.27
675.919	1042.28
676.33	1030.64 
676.74	1014.34 
677.151	1086.52
677.561	972.44 
677.972	1056.25
678.382	1023.66
678.792	1019   
679.203	991.06 
679.613	1012.02
680.023	1007.36
680.433	958.47 
680.843	886.3  
681.253	988.73 
681.663	967.78 
682.073	951.48 
682.483	842.06 
682.893	918.89 
683.302	909.58 
683.712	916.56 
684.122	942.17 
684.531	932.86 
684.94	949.16  
685.35	916.56  
685.759	900.27 
686.168	807.14 
686.578	886.3  
686.987	916.56 
687.396	881.64 
687.805	865.34 
688.214	930.53 
688.623	835.08 
689.032	797.83 
689.44	860.69  
689.849	851.37 
690.258	911.91 
690.666	846.72 
691.075	837.41 
691.484	779.2  
691.892	751.26 
692.3	786.19   
692.709	800.15 
693.117	776.87 
693.525	730.31 
693.933	730.31 
694.341	816.45 
694.749	786.19 
695.157	844.39 
695.565	751.26 
695.973	783.86 
696.381	781.53 
696.788	718.67 
697.196	767.56 
697.604	744.28 
698.011	732.64 
698.419	739.62 
698.826	718.67 
699.234	723.33 
699.641	721    
700.048	758.25 
700.455	779.2  
700.862	648.83 
701.269	683.75 
701.676	648.83 
702.083	662.79 
702.49	688.4   
702.897	693.06 
703.304	700.04 
703.71	641.84  
704.117	746.61 
704.524	679.09 
704.93	704.7   
705.337	676.76 
705.743	646.5  
706.149	592.95 
706.556	660.47 
706.962	599.93 
707.368	688.4  
707.774	634.86 
708.18	660.47  
708.586	707.03 
708.992	667.45 
709.398	623.22 
709.804	672.11 
710.209	632.53 
710.615	651.15 
711.021	599.93 
711.426	572    
711.832	625.54 
712.237	651.15 
712.642	613.9  
713.048	630.2  
713.453	569.67 
713.858	611.58 
714.263	506.81 
714.668	544.06 
715.073	595.28 
715.478	602.26 
715.883	595.28 
716.288	658.14 
716.693	588.29 
717.097	553.37 
717.502	623.22 
717.906	525.43 
718.311	632.53 
718.715	588.29 
719.12	527.76  
719.524	567.34 
719.928	509.14 
720.333	599.93 
720.737	551.04 
721.141	572    
721.545	618.56 
721.949	534.75 
722.353	644.17 
722.757	565.01 
723.16	578.98  
723.564	527.76 
723.968	546.39 
724.371	541.73 
724.775	572    
725.178	583.64 
725.582	599.93 
725.985	544.06 
726.388	509.14 
726.792	555.7  
727.195	637.18 
727.598	597.61 
728.001	532.42 
728.404	483.53 
728.807	534.75 
729.21	588.29  
729.612	551.04 
730.015	523.11 
730.418	539.4  
730.82	499.82  
731.223	499.82 
731.625	476.54 
732.028	565.01 
732.43	618.56  
732.833	539.4  
733.235	474.21 
733.637	476.54 
734.039	558.03 
734.441	527.76 
734.843	511.46 
735.245	483.53 
735.647	532.42 
736.049	539.4  
736.451	488.18 
736.852	525.43 
737.254	469.56 
737.655	555.7  
738.057	511.46 
738.458	504.48 
738.86	574.32  
739.261	485.86 
739.662	525.43 
740.064	525.43 
740.465	495.17 
740.866	483.53 
741.267	439.29 
741.668	551.04 
742.069	518.45 
742.469	499.82 
742.87	492.84  
743.271	481.2  
743.672	467.23 
744.072	492.84 
744.473	450.93 
744.873	464.9  
745.274	534.75 
745.674	471.89 
746.074	506.81 
746.474	485.86 
746.875	544.06 
747.275	462.57 
747.675	483.53 
748.075	504.48 
748.474	481.2  
748.874	485.86 
749.274	502.15 
749.674	497.5  
750.073	416.01 
750.473	483.53 
750.873	481.2  
751.272	478.87 
751.671	457.92 
752.071	530.09 
752.47	460.25  
752.869	446.28 
753.268	504.48 
753.668	448.6  
754.067	469.56 
754.466	523.11 
754.864	497.5  
755.263	509.14 
755.662	523.11 
756.061	532.42 
756.459	476.54 
756.858	388.07 
757.257	511.46 
757.655	495.17 
758.053	448.6  
758.452	513.79 
758.85	423     
759.248	455.59 
759.646	457.92 
760.045	513.79 
760.443	411.35 
760.841	434.64 
761.238	455.59 
761.636	485.86 
762.034	495.17 
762.432	490.51 
762.829	488.18 
763.227	464.9  
763.625	397.39 
764.022	411.35 
764.419	502.15 
764.817	443.95 
765.214	413.68 
765.611	423    
766.008	402.04 
766.406	474.21 
766.803	385.74 
767.199	467.23 
767.596	416.01 
767.993	448.6  
768.39	455.59  
768.787	406.7  
769.183	485.86 
769.58	404.37  
769.977	402.04 
770.373	418.34 
770.769	450.93 
771.166	518.45 
771.562	471.89 
771.958	439.29 
772.354	436.96 
772.75	406.7   
773.146	492.84 
773.542	492.84 
773.938	453.26 
774.334	450.93 
774.73	497.5   
775.126	423    
775.521	474.21 
775.917	474.21 
776.312	462.57 
776.708	416.01 
777.103	429.98 
777.499	418.34 
777.894	483.53 
778.289	441.62 
778.684	450.93 
779.079	429.98 
779.474	427.65 
779.869	441.62 
780.264	416.01 
780.659	416.01 
781.054	462.57 
781.448	446.28 
781.843	476.54 
782.238	381.09 
782.632	455.59 
783.027	376.43 
783.421	469.56 
783.815	467.23 
784.21	413.68  
784.604	441.62 
784.998	420.67 
785.392	388.07 
785.786	448.6  
786.18	462.57  
786.574	471.89 
786.968	416.01 
787.361	432.31 
787.755	495.17 
788.149	450.93 
788.542	436.96 
788.936	423    
789.329	509.14 
789.722	411.35 
790.116	388.07 
790.509	544.06 
790.902	490.51 
791.295	371.78 
791.688	378.76 
792.081	413.68 
792.474	448.6  
792.867	418.34 
793.26	455.59  
793.653	399.71 
794.045	495.17 
794.438	416.01 
794.83	460.25  
795.223	455.59 
795.615	423    
796.008	383.42 
796.4	413.68   
796.792	429.98 
797.184	404.37 
797.576	406.7  
797.968	411.35 
798.36	467.23  
798.752	439.29 
799.144	364.79 
799.536	469.56 
799.928	388.07 
800.319	439.29 
800.711	411.35 
801.102	411.35 
801.494	416.01 
801.885	488.18 
802.276	439.29 
802.668	448.6  
803.059	397.39 
803.45	376.43  
803.841	411.35 
804.232	457.92 
804.623	471.89 
805.014	432.31 
805.405	406.7  
805.795	425.32 
806.186	402.04 
806.577	427.65 
806.967	453.26 
807.358	460.25 
807.748	409.03 
808.139	416.01 
808.529	385.74 
808.919	520.78 
809.309	406.7  
809.699	413.68 
810.089	385.74 
810.479	443.95 
810.869	362.46 
811.259	460.25 
811.649	392.73 
812.039	388.07 
812.428	399.71 
812.818	385.74 
813.207	495.17 
813.597	416.01 
813.986	423    
814.376	464.9  
814.765	406.7  
815.154	462.57 
815.543	474.21 
815.932	443.95 
816.321	409.03 
816.71	446.28  
817.099	464.9  
817.488	436.96 
817.877	399.71 
818.265	427.65 
818.654	478.87 
819.043	390.4  
819.431	404.37 
819.819	418.34 
820.208	525.43 
820.596	453.26 
820.984	432.31 
821.372	443.95 
821.761	357.81 
822.149	406.7  
822.537	436.96 
822.924	467.23 
823.312	455.59 
823.7	346.17   
824.088	427.65 
824.475	455.59 
824.863	416.01 
825.251	390.4  
825.638	397.39 
826.025	446.28 
826.413	409.03 
826.8	418.34   
827.187	450.93 
827.574	436.96 
827.961	357.81 
828.348	367.12 
828.735	469.56 
829.122	411.35 
829.509	460.25 
829.896	429.98 
830.282	457.92 
830.669	392.73 
831.055	453.26 
831.442	471.89 
831.828	378.76 
832.215	513.79 
832.601	429.98 
832.987	409.03 
833.373	441.62 
833.759	409.03 
834.145	388.07 
834.531	388.07 
834.917	446.28 
835.303	378.76 
835.689	367.12 
836.074	381.09 
836.46	376.43  
836.846	427.65 
837.231	469.56 
837.617	416.01 
838.002	381.09 
838.387	397.39 
838.772	399.71 
839.158	425.32 
839.543	423    
839.928	404.37 
840.313	404.37 
840.698	441.62 
841.082	404.37 
841.467	481.2  
841.852	443.95 
842.237	429.98 
842.621	388.07 
843.006	429.98 
843.39	464.9   
843.774	381.09 
844.159	439.29 
844.543	418.34 
844.927	374.1  
845.311	404.37 
845.695	441.62 
846.079	420.67 
846.463	474.21 
846.847	364.79 
847.231	378.76 
847.615	378.76 
847.998	402.04 
848.382	460.25 
848.765	448.6  
849.149	399.71 
849.532	409.03 
849.916	457.92 
850.299	411.35 
850.682	499.82 
851.065	418.34 
851.448	441.62 
851.831	364.79 
852.214	481.2  
852.597	353.15 
852.98	474.21  
853.363	457.92 
853.745	416.01 
854.128	404.37 
854.51	427.65  
854.893	423    
855.275	416.01 
855.658	423    
856.04	425.32  
856.422	418.34 
856.804	439.29 
857.186	423    
857.568	392.73 
857.95	441.62  
858.332	409.03 
858.714	485.86 
859.096	471.89 
859.477	420.67 
859.859	397.39 
860.24	395.06  
860.622	378.76 
861.003	450.93 
861.385	383.42 
861.766	432.31 
862.147	378.76 
862.528	357.81 
862.909	364.79 
863.29	467.23  
863.671	364.79 
864.052	385.74 
864.433	457.92 
864.814	499.82 
865.194	462.57 
865.575	457.92 
865.955	374.1  
866.336	453.26 
866.716	450.93 
867.097	418.34 
867.477	402.04 
867.857	402.04 
868.237	413.68 
868.617	439.29 
868.997	460.25 
869.377	429.98 
869.757	378.76 
870.137	355.48 
870.517	411.35 
870.896	388.07 
871.276	378.76 
871.655	423    
872.035	434.64 
872.414	369.45 
872.794	464.9  
873.173	423    
873.552	457.92 
873.931	409.03 
874.31	376.43  
874.689	436.96 
875.068	416.01 
875.447	457.92 
875.826	413.68 
876.205	397.39 
876.583	460.25 
876.962	464.9  
877.341	425.32 
877.719	378.76 
878.097	395.06 
878.476	425.32 
878.854	427.65 
879.232	381.09 
879.61	367.12  
879.988	397.39 
880.366	464.9  
880.744	436.96 
881.122	395.06 
881.5	504.48   
881.878	441.62 
882.255	399.71 
882.633	436.96 
883.011	290.29 
883.388	341.51 
883.765	416.01 
884.143	385.74 
884.52	455.59  
884.897	453.26 
885.274	432.31 
885.651	446.28 
886.028	448.6  
886.405	497.5  
886.782	409.03 
887.159	406.7  
887.536	376.43 
887.912	392.73 
888.289	397.39 
888.665	418.34 
889.042	469.56 
889.418	439.29 
889.794	364.79 
890.171	329.87 
890.547	367.12 
890.923	402.04 
891.299	313.57 
891.675	416.01 
892.051	425.32 
892.427	425.32 
892.803	416.01 
893.178	381.09 
893.554	464.9  
893.929	436.96 
894.305	423    
894.68	418.34  
895.056	399.71 
895.431	348.49 
895.806	436.96 
896.181	439.29 
896.557	371.78 
896.932	478.87 
897.307	406.7  
897.681	441.62 
898.056	402.04 
898.431	446.28 
898.806	360.14 
899.18	334.53  
899.555	411.35 
899.929	392.73 
900.304	376.43 
900.678	455.59 
901.052	446.28 
901.427	425.32 
901.801	425.32 
902.175	397.39 
902.549	441.62 
902.923	455.59 
903.297	446.28 
903.67	520.78  
904.044	381.09 
904.418	402.04 
904.791	404.37 
905.165	376.43 
905.538	376.43 
905.912	395.06 
906.285	388.07 
906.658	397.39 
907.032	420.67 
907.405	383.42 
907.778	402.04 
908.151	488.18 
908.524	450.93 
908.896	420.67 
909.269	448.6  
909.642	364.79 
910.015	406.7  
910.387	434.64 
910.76	448.6   
911.132	471.89 
911.504	397.39 
911.877	423    
912.249	418.34 
912.621	476.54 
912.993	441.62 
913.365	385.74 
913.737	425.32 
914.109	409.03 
914.481	420.67 
914.853	327.54 
915.224	388.07 
915.596	460.25 
915.968	395.06 
916.339	416.01 
916.71	416.01  
917.082	418.34 
917.453	388.07 
917.824	443.95 
918.195	423    
918.566	385.74 
918.937	446.28 
919.308	399.71 
919.679	455.59 
920.05	481.2   
920.421	434.64 
920.791	385.74 
921.162	427.65 
921.532	357.81 
921.903	376.43 
922.273	413.68 
922.644	425.32 
923.014	395.06 
923.384	369.45 
923.754	360.14 
924.124	406.7  
924.494	464.9  
924.864	420.67 
925.234	404.37 
925.604	436.96 
925.973	381.09 
926.343	460.25 
926.712	439.29 
927.082	378.76 
927.451	404.37 
927.821	488.18 
928.19	416.01  
928.559	378.76 
928.928	367.12 
929.297	425.32 
929.666	420.67 
930.035	362.46 
930.404	385.74 
930.773	448.6  
931.142	455.59 
931.51	374.1   
931.879	362.46 
932.247	392.73 
932.616	471.89 
932.984	423    
933.353	411.35 
933.721	409.03 
934.089	457.92 
934.457	492.84 
934.825	457.92 
935.193	332.2  
935.561	464.9  
935.929	434.64 
936.296	343.84 
936.664	439.29 
937.032	371.78 
937.399	436.96 
937.767	432.31 
938.134	432.31 
938.501	383.42 
938.869	371.78 
939.236	474.21 
939.603	481.2  
939.97	429.98  
940.337	467.23 
940.704	460.25 
941.071	357.81 
941.438	409.03 
941.804	406.7  
942.171	425.32 
942.538	448.6  
942.904	448.6  
943.27	423     
943.637	390.4  
944.003	441.62 
944.369	388.07 
944.735	383.42 
945.102	462.57 
945.468	390.4  
945.833	388.07 
946.199	404.37 
946.565	336.85 
946.931	450.93 
947.296	385.74 
947.662	357.81 
948.028	457.92 
948.393	392.73 
948.758	476.54 
949.124	443.95 
949.489	411.35 
949.854	448.6  
950.219	448.6  
950.584	439.29 
950.949	357.81 
951.314	402.04 
951.679	402.04 
952.044	406.7  
952.408	429.98 
952.773	411.35 
953.137	457.92 
953.502	434.64 
953.866	404.37 
954.231	439.29 
954.595	467.23 
954.959	374.1  
955.323	399.71 
955.687	388.07 
956.051	434.64 
956.415	388.07 
956.779	425.32 
957.143	376.43 
957.506	427.65 
957.87	427.65  
958.234	423    
958.597	455.59 
958.961	434.64 
959.324	418.34 
959.687	399.71 
960.05	374.1   
960.413	436.96 
960.776	446.28 
961.139	404.37 
961.502	423    
961.865	434.64 
962.228	390.4  
962.591	441.62 
962.953	453.26 
963.316	364.79 
963.678	441.62 
964.041	432.31 
964.403	443.95 
964.765	455.59 
965.128	467.23 
965.49	425.32  
965.852	490.51 
966.214	446.28 
966.576	362.46 
966.938	453.26 
967.299	367.12 
967.661	390.4  
968.023	497.5  
968.384	483.53 
968.746	409.03 
969.107	369.45 
969.469	441.62 
969.83	397.39  
970.191	497.5  
970.552	427.65 
970.913	409.03 
971.274	402.04 
971.635	418.34 
971.996	448.6  
972.357	432.31 
972.718	339.18 
973.078	341.51 
973.439	464.9  
973.8	388.07   
974.16	420.67  
974.52	406.7   
974.881	436.96 
975.241	395.06 
975.601	455.59 
975.961	485.86 
976.321	413.68 
976.681	409.03 
977.041	402.04 
977.401	432.31 
977.76	499.82  
978.12	374.1   
978.48	450.93  
978.839	416.01 
979.199	490.51 
979.558	381.09 
979.917	420.67 
980.277	416.01 
980.636	441.62 
980.995	395.06 
981.354	460.25 
981.713	411.35 
982.072	404.37 
982.43	378.76  
982.789	425.32 
983.148	416.01 
983.506	388.07 
983.865	448.6  
984.223	427.65 
984.582	399.71 
984.94	409.03  
985.298	436.96 
985.656	406.7  
986.015	399.71 
986.373	418.34 
986.731	390.4  
987.088	395.06 
987.446	432.31 
987.804	329.87 
988.162	362.46 
988.519	385.74 
988.877	425.32 
989.234	374.1  
989.591	341.51 
989.949	371.78 
990.306	374.1  
990.663	441.62 
991.02	420.67  
991.377	418.34 
991.734	450.93 
992.091	397.39 
992.448	443.95 
992.805	485.86 
993.161	399.71 
993.518	388.07 
993.874	418.34 
994.231	418.34 
994.587	406.7  
994.943	395.06 
995.3	441.62   
995.656	441.62 
996.012	516.12 
996.368	399.71 
996.724	383.42 
997.08	485.86  
997.435	476.54 
997.791	397.39 
998.147	418.34 
998.502	374.1  
998.858	448.6  
999.213	402.04 
999.569	390.4  
999.924	432.31 
1000.279	350.82
1000.634	453.26
1000.989	378.76
1001.344	446.28
1001.699	457.92
1002.054	381.09
1002.409	409.03
1002.764	432.31
1003.118	395.06
1003.473	457.92
1003.827	381.09
1004.182	478.87
1004.536	425.32
1004.89	453.26 
1005.245	448.6 
1005.599	348.49
1005.953	374.1 
1006.307	418.34
1006.661	404.37
1007.015	402.04
1007.368	383.42
1007.722	434.64
1008.076	404.37
1008.429	406.7 
1008.783	402.04
1009.136	378.76
1009.489	404.37
1009.843	443.95
1010.196	436.96
1010.549	406.7 
1010.902	367.12
1011.255	383.42
1011.608	450.93
1011.961	362.46
1012.313	460.25
1012.666	443.95
1013.019	406.7 
1013.371	411.35
1013.724	395.06
1014.076	429.98
1014.428	409.03
1014.781	418.34
1015.133	439.29
1015.485	411.35
1015.837	369.45
1016.189	441.62
1016.541	348.49
1016.893	392.73
1017.244	485.86
1017.596	460.25
1017.947	425.32
1018.299	392.73
1018.65	383.42 
1019.002	411.35
1019.353	411.35
1019.704	367.12
1020.055	443.95
1020.407	392.73
1020.758	369.45
1021.108	406.7 
1021.459	439.29
1021.81	488.18 
1022.161	467.23
1022.511	404.37
1022.862	446.28
1023.213	383.42
1023.563	443.95
1023.913	434.64
1024.264	369.45
1024.614	385.74
1024.964	378.76
1025.314	399.71
1025.664	376.43
1026.014	418.34
1026.364	360.14
1026.713	404.37
1027.063	483.53
1027.413	490.51
1027.762	395.06
1028.112	446.28
1028.461	457.92
1028.81	436.96 
1029.16	418.34 
1029.509	439.29
1029.858	404.37
1030.207	462.57
1030.556	413.68
1030.905	455.59
1031.254	467.23
1031.602	416.01
1031.951	460.25
1032.3	439.29  
1032.648	455.59
1032.996	455.59
1033.345	455.59