187.879	-95.16 
188.346	-95.16 
188.813	-95.16 
189.28	-92.83  
189.747	-85.85 
190.214	-34.63 
190.681	-111.46
191.148	-57.91 
191.614	-171.99
192.081	-76.54 
192.548	-60.24 
193.014	-4.37  
193.481	21.24  
193.948	-25.32 
194.414	-11.35 
194.881	44.53  
195.347	39.87  
195.813	93.42  
196.28	126.01  
196.746	67.81  
197.212	160.93 
197.678	98.07  
198.145	158.6  
198.611	221.46 
199.077	153.95 
199.543	242.42 
200.009	254.06 
200.475	233.11 
200.941	305.28 
201.407	268.03 
201.873	326.23 
202.338	251.73 
202.804	302.95 
203.27	305.28  
203.735	337.87 
204.201	326.23 
204.667	293.64 
205.132	328.56 
205.598	370.47 
206.063	363.48 
206.529	368.14 
206.994	389.09 
207.459	386.76 
207.925	323.9  
208.39	424.01  
208.855	375.12 
209.32	435.65  
209.785	417.03 
210.25	421.69  
210.715	347.18 
211.18	428.67  
211.645	384.44 
212.11	389.09  
212.575	400.73 
213.04	349.51  
213.504	354.17 
213.969	396.08 
214.434	328.56 
214.899	340.2  
215.363	379.78 
215.828	316.92 
216.292	365.81 
216.757	382.11 
217.221	417.03 
217.685	403.06 
218.15	368.14  
218.614	349.51 
219.078	307.61 
219.542	398.4  
220.007	293.64 
220.471	351.84 
220.935	328.56 
221.399	354.17 
221.863	305.28 
222.327	328.56 
222.791	351.84 
223.254	372.79 
223.718	363.48 
224.182	375.12 
224.646	326.23 
225.109	403.06 
225.573	321.58 
226.037	349.51 
226.5	382.11   
226.964	354.17 
227.427	298.29 
227.89	351.84  
228.354	319.25 
228.817	377.45 
229.28	424.01  
229.744	377.45 
230.207	398.4  
230.67	372.79  
231.133	375.12 
231.596	319.25 
232.059	379.78 
232.522	351.84 
232.985	354.17 
233.448	391.42 
233.911	396.08 
234.374	291.31 
234.836	426.34 
235.299	358.83 
235.762	419.36 
236.224	384.44 
236.687	386.76 
237.149	328.56 
237.612	412.37 
238.074	298.29 
238.537	377.45 
238.999	384.44 
239.461	321.58 
239.924	326.23 
240.386	340.2  
240.848	375.12 
241.31	410.04  
241.772	356.5  
242.234	326.23 
242.696	384.44 
243.158	321.58 
243.62	335.54  
244.082	358.83 
244.544	396.08 
245.006	316.92 
245.468	389.09 
245.929	358.83 
246.391	365.81 
246.852	333.22 
247.314	405.39 
247.776	361.15 
248.237	403.06 
248.698	335.54 
249.16	398.4   
249.621	403.06 
250.082	347.18 
250.544	372.79 
251.005	400.73 
251.466	370.47 
251.927	344.86 
252.388	358.83 
252.849	368.14 
253.31	307.61  
253.771	342.53 
254.232	363.48 
254.693	370.47 
255.154	351.84 
255.615	312.26 
256.075	342.53 
256.536	340.2  
256.997	361.15 
257.457	370.47 
257.918	412.37 
258.378	365.81 
258.839	365.81 
259.299	361.15 
259.759	370.47 
260.22	405.39  
260.68	354.17  
261.14	451.95  
261.6	365.81   
262.06	407.72  
262.521	337.87 
262.981	321.58 
263.441	389.09 
263.901	386.76 
264.36	356.5   
264.82	410.04  
265.28	286.65  
265.74	356.5   
266.2	323.9    
266.659	414.7  
267.119	405.39 
267.579	333.22 
268.038	419.36 
268.498	375.12 
268.957	347.18 
269.416	412.37 
269.876	309.93 
270.335	363.48 
270.794	363.48 
271.254	377.45 
271.713	354.17 
272.172	326.23 
272.631	419.36 
273.09	335.54  
273.549	342.53 
274.008	400.73 
274.467	326.23 
274.926	288.98 
275.385	433.33 
275.843	389.09 
276.302	372.79 
276.761	396.08 
277.22	344.86  
277.678	444.97 
278.137	365.81 
278.595	344.86 
279.054	412.37 
279.512	368.14 
279.97	351.84  
280.429	451.95 
280.887	470.58 
281.345	382.11 
281.803	379.78 
282.262	379.78 
282.72	384.44  
283.178	351.84 
283.636	447.3  
284.094	370.47 
284.552	370.47 
285.01	410.04  
285.467	356.5  
285.925	391.42 
286.383	398.4  
286.841	351.84 
287.298	419.36 
287.756	400.73 
288.213	400.73 
288.671	379.78 
289.128	328.56 
289.586	344.86 
290.043	363.48 
290.5	382.11   
290.958	361.15 
291.415	391.42 
291.872	368.14 
292.329	433.33 
292.786	405.39 
293.243	351.84 
293.7	354.17   
294.157	393.75 
294.614	417.03 
295.071	398.4  
295.528	384.44 
295.985	363.48 
296.441	344.86 
296.898	309.93 
297.355	417.03 
297.811	419.36 
298.268	391.42 
298.724	363.48 
299.181	433.33 
299.637	379.78 
300.094	391.42 
300.55	396.08  
301.006	316.92 
301.462	389.09 
301.919	375.12 
302.375	396.08 
302.831	356.5  
303.287	414.7  
303.743	403.06 
304.199	456.61 
304.655	417.03 
305.11	372.79  
305.566	323.9  
306.022	410.04 
306.478	410.04 
306.933	417.03 
307.389	447.3  
307.845	417.03 
308.3	414.7    
308.756	493.86 
309.211	431    
309.666	400.73 
310.122	379.78 
310.577	370.47 
311.032	400.73 
311.487	419.36 
311.943	344.86 
312.398	393.75 
312.853	365.81 
313.308	363.48 
313.763	354.17 
314.218	461.26 
314.672	368.14 
315.127	386.76 
315.582	447.3  
316.037	484.55 
316.492	389.09 
316.946	361.15 
317.401	379.78 
317.855	363.48 
318.31	368.14  
318.764	361.15 
319.219	365.81 
319.673	403.06 
320.127	419.36 
320.582	384.44 
321.036	389.09 
321.49	344.86  
321.944	335.54 
322.398	386.76 
322.852	442.64 
323.306	435.65 
323.76	330.89  
324.214	437.98 
324.668	384.44 
325.122	431    
325.575	393.75 
326.029	412.37 
326.483	349.51 
326.936	410.04 
327.39	382.11  
327.843	298.29 
328.297	414.7  
328.75	361.15  
329.204	377.45 
329.657	372.79 
330.11	391.42  
330.564	398.4  
331.017	365.81 
331.47	407.72  
331.923	396.08 
332.376	368.14 
332.829	384.44 
333.282	363.48 
333.735	454.28 
334.188	403.06 
334.641	393.75 
335.093	419.36 
335.546	368.14 
335.999	435.65 
336.451	391.42 
336.904	396.08 
337.356	433.33 
337.809	384.44 
338.261	375.12 
338.714	410.04 
339.166	412.37 
339.618	403.06 
340.07	372.79  
340.523	377.45 
340.975	461.26 
341.427	363.48 
341.879	358.83 
342.331	410.04 
342.783	375.12 
343.235	375.12 
343.687	424.01 
344.138	389.09 
344.59	451.95  
345.042	382.11 
345.494	354.17 
345.945	375.12 
346.397	389.09 
346.848	398.4  
347.3	442.64   
347.751	386.76 
348.203	465.92 
348.654	458.94 
349.105	323.9  
349.556	370.47 
350.008	389.09 
350.459	400.73 
350.91	391.42  
351.361	398.4  
351.812	444.97 
352.263	468.25 
352.714	405.39 
353.165	372.79 
353.615	309.93 
354.066	431    
354.517	344.86 
354.968	468.25 
355.418	335.54 
355.869	410.04 
356.319	419.36 
356.77	372.79  
357.22	437.98  
357.671	368.14 
358.121	419.36 
358.571	410.04 
359.021	377.45 
359.472	326.23 
359.922	458.94 
360.372	428.67 
360.822	382.11 
361.272	379.78 
361.722	400.73 
362.172	424.01 
362.622	424.01 
363.071	372.79 
363.521	510.16 
363.971	363.48 
364.42	398.4   
364.87	342.53  
365.32	358.83  
365.769	379.78 
366.219	340.2  
366.668	417.03 
367.117	417.03 
367.567	431    
368.016	417.03 
368.465	389.09 
368.914	472.9  
369.363	407.72 
369.812	386.76 
370.261	393.75 
370.71	444.97  
371.159	403.06 
371.608	351.84 
372.057	431    
372.506	377.45 
372.955	379.78 
373.403	451.95 
373.852	421.69 
374.301	400.73 
374.749	435.65 
375.198	393.75 
375.646	398.4  
376.094	414.7  
376.543	386.76 
376.991	389.09 
377.439	382.11 
377.887	379.78 
378.336	379.78 
378.784	449.62 
379.232	407.72 
379.68	424.01  
380.128	421.69 
380.576	389.09 
381.023	382.11 
381.471	384.44 
381.919	384.44 
382.367	391.42 
382.814	342.53 
383.262	326.23 
383.71	410.04  
384.157	372.79 
384.605	377.45 
385.052	342.53 
385.499	372.79 
385.947	451.95 
386.394	447.3  
386.841	370.47 
387.288	375.12 
387.735	340.2  
388.182	361.15 
388.63	386.76  
389.076	407.72 
389.523	424.01 
389.97	398.4   
390.417	398.4  
390.864	384.44 
391.311	435.65 
391.757	458.94 
392.204	463.59 
392.651	375.12 
393.097	368.14 
393.544	379.78 
393.99	437.98  
394.436	375.12 
394.883	382.11 
395.329	389.09 
395.775	370.47 
396.221	326.23 
396.668	456.61 
397.114	428.67 
397.56	421.69  
398.006	444.97 
398.452	428.67 
398.897	377.45 
399.343	405.39 
399.789	349.51 
400.235	407.72 
400.681	428.67 
401.126	444.97 
401.572	393.75 
402.017	375.12 
402.463	449.62 
402.908	437.98 
403.354	435.65 
403.799	442.64 
404.244	391.42 
404.689	419.36 
405.135	363.48 
405.58	477.56  
406.025	454.28 
406.47	391.42  
406.915	419.36 
407.36	461.26  
407.805	410.04 
408.25	389.09  
408.694	456.61 
409.139	414.7  
409.584	468.25 
410.029	470.58 
410.473	375.12 
410.918	405.39 
411.362	468.25 
411.807	377.45 
412.251	449.62 
412.695	405.39 
413.14	477.56  
413.584	382.11 
414.028	472.9  
414.472	363.48 
414.916	431    
415.36	498.51  
415.804	382.11 
416.248	417.03 
416.692	451.95 
417.136	461.26 
417.58	417.03  
418.024	465.92 
418.467	412.37 
418.911	403.06 
419.355	412.37 
419.798	421.69 
420.242	410.04 
420.685	475.23 
421.128	372.79 
421.572	503.17 
422.015	475.23 
422.458	503.17 
422.902	503.17 
423.345	507.83 
423.788	535.76 
424.231	573.02 
424.674	545.08 
425.117	554.39 
425.56	500.84  
426.003	552.06 
426.445	519.47 
426.888	626.56 
427.331	649.84 
427.773	607.94 
428.216	670.8  
428.659	654.5  
429.101	675.45 
429.543	705.72 
429.986	740.64 
430.428	740.64 
430.87	712.7   
431.313	770.91 
431.755	817.47 
432.197	873.35 
432.639	947.85 
433.081	971.13 
433.523	1027   
433.965	1064.25
434.407	1050.29
434.849	1115.47
435.291	1122.46
435.732	1257.49
436.174	1318.02
436.616	1352.94
437.057	1371.57
437.499	1418.13
437.94	1560.15 
438.382	1576.45
438.823	1592.74
439.264	1816.25
439.706	1788.31
440.147	1841.86
440.588	2044.4 
441.029	2072.34
441.47	2053.72 
441.911	2184.09
442.352	2381.99
442.793	2461.14
443.234	2591.52
443.675	2805.71
444.116	2833.65
444.556	2917.46
444.997	3036.19
445.438	3287.63
445.878	3357.48
446.319	3473.89
446.759	3795.17
447.199	3930.2 
447.64	4079.2  
448.08	4207.25 
448.52	4521.55 
448.961	4630.97
449.401	4838.18
449.841	4917.34
450.281	5264.23
450.721	5478.42
451.161	5741.5 
451.601	5855.58
452.041	6216.44
452.48	6388.73 
452.92	6519.1  
453.36	6679.74 
453.799	7094.15
454.239	7131.4 
454.679	7594.71
455.118	7827.52
455.557	7934.61
455.997	8127.85
456.436	8318.76
456.875	8514.32
457.315	8761.11
457.754	9084.72
458.193	8784.39
458.632	9056.78
459.071	9187.16
459.51	8989.27 
459.949	9226.74
460.388	9229.06
460.827	9445.58
461.265	9464.21
461.704	8959   
462.143	8858.89
462.581	8651.68
463.02	8837.94 
463.458	8474.74
463.897	8251.24
464.335	8307.12
464.774	7780.96
465.212	7822.86
465.65	7576.08 
466.088	7534.17
466.527	7306.02
466.965	6935.84
467.403	6882.29
467.841	6600.59
468.279	6290.94
468.716	6358.46
469.154	6060.46
469.592	5741.5 
470.03	5860.24 
470.467	5594.83
470.905	5487.73
471.343	5240.95
471.78	5175.76 
472.218	5145.5 
472.655	5166.45
473.092	5061.68
473.53	4831.2  
473.967	4775.32
474.404	4733.41
474.841	4682.19
475.278	4547.16
475.716	4612.35
476.153	4388.85
476.589	4502.93
477.026	4412.13
477.463	4335.3 
477.9	4279.42  
478.337	4246.83
478.773	4328.32
479.21	4197.94 
479.647	4109.47
480.083	3927.87
480.52	3865.01 
480.956	3774.22
481.392	3769.56
481.829	3762.58
482.265	3723   
482.701	3618.23
483.137	3655.48
483.574	3462.25
484.01	3464.57 
484.446	3397.06
484.882	3355.15
485.317	3257.37
485.753	3131.65
486.189	3175.88
486.625	3057.15
487.061	3082.76
487.496	2996.62
487.932	2915.13
488.367	2966.35
488.803	2770.79
489.238	2733.54
489.674	2633.42
490.109	2766.13
490.544	2661.36
490.979	2856.93
491.415	2670.68
491.85	2544.96 
492.285	2593.85
492.72	2507.7  
493.155	2428.55
493.59	2451.83 
494.024	2482.1 
494.459	2461.14
494.894	2281.87
495.329	2293.52
495.763	2305.16
496.198	2340.08
496.632	2295.84
497.067	2216.69
497.501	2286.53
497.936	2209.7 
498.37	2277.22 
498.804	2256.27
499.238	2146.84
499.673	2153.83
500.107	2202.72
500.541	2260.92
500.975	2216.69
501.409	2153.83
501.843	2109.59
502.277	2144.51
502.71	2209.7  
503.144	2198.06
503.578	2104.94
504.011	2144.51
504.445	2212.03
504.878	2123.56
505.312	2151.5 
505.745	2230.66
506.179	2253.94
506.612	2228.33
507.045	2263.25
507.479	2272.56
507.912	2358.7 
508.345	2300.5 
508.778	2384.31
509.211	2421.56
509.644	2440.19
510.077	2491.41
510.509	2547.28
510.942	2430.88
511.375	2603.16
511.808	2565.91
512.24	2503.05 
512.673	2693.96
513.105	2612.47
513.538	2568.24
513.97	2647.39 
514.403	2726.55
514.835	2770.79
515.267	2735.86
515.699	2819.68
516.131	2696.28
516.564	2917.46
516.996	2912.8 
517.428	2987.3 
517.859	2903.49
518.291	3061.8 
518.723	3068.79
519.155	3071.12
519.587	3131.65
520.018	3289.96
520.45	3080.43 
520.881	3266.68
521.313	3331.87
521.744	3241.07
522.176	3399.39
522.607	3369.12
523.038	3508.81
523.47	3434.31 
523.901	3636.86
524.332	3608.92
524.763	3494.84
525.194	3695.06
525.625	3657.81
526.056	3774.22
526.487	3620.56
526.917	3646.17
527.348	3783.53
527.779	3788.19
528.21	3869.67 
528.64	3909.25 
529.071	3718.34
529.501	4051.27
529.932	3872   
530.362	4081.53
530.792	3848.72
531.222	3986.08
531.653	4014.02
532.083	4076.88
532.513	4125.77
532.943	4163.02
533.373	4093.17
533.803	4195.61
534.233	4258.47
534.663	4176.99
535.092	4242.17
535.522	4281.75
535.952	4225.88
536.381	4270.11
536.811	4300.38
537.24	4346.94 
537.67	4374.88 
538.099	4388.85
538.529	4426.1 
538.958	4323.66
539.387	4514.57
539.816	4309.69
540.245	4605.37
540.674	4414.46
541.103	4391.18
541.532	4491.29
541.961	4449.38
542.39	4486.63 
542.819	4577.43
543.248	4519.22
543.676	4465.68
544.105	4617.01
544.534	4626.32
544.962	4733.41
545.391	4428.43
545.819	4570.44
546.247	4672.88
546.676	4607.69
547.104	4586.74
547.532	4621.66
547.96	4686.85 
548.388	4603.04
548.816	4481.97
549.244	4575.1 
549.672	4693.83
550.1	4759.02  
550.528	4717.12
550.956	4610.02
551.383	4805.59
551.811	4502.93
552.238	4610.02
552.666	4677.54
553.094	4745.05
553.521	4707.8 
553.948	4658.91
554.376	4665.9 
554.803	4633.3 
555.23	4691.51 
555.657	4696.16
556.084	4661.24
556.511	4633.3 
556.938	4789.29
557.365	4668.23
557.792	4759.02
558.219	4766.01
558.646	4766.01
559.072	4717.12
559.499	4642.62
559.926	4572.77
560.352	4672.88
560.779	4682.19
561.205	4775.32
561.632	4672.88
562.058	4726.43
562.484	4635.63
562.91	4621.66 
563.337	4915.01
563.763	4612.35
564.189	4719.44
564.615	4696.16
565.041	4698.49
565.466	4868.45
565.892	4819.55
566.318	4654.26
566.744	4982.52
567.169	4752.04
567.595	4705.48
568.021	4761.35
568.446	4873.1 
568.872	4810.24
569.297	4731.09
569.722	4651.93
570.148	4670.55
570.573	4721.77
570.998	4644.94
571.423	4596.05
571.848	4626.32
572.273	4509.91
572.698	4502.93
573.123	4481.97
573.548	4537.85
573.973	4472.66
574.397	4451.71
574.822	4468   
575.247	4442.39
575.671	4400.49
576.096	4302.71
576.52	4339.96 
576.944	4323.66
577.369	4400.49
577.793	4356.25
578.217	4293.39
578.641	4130.42
579.065	4144.39
579.49	4132.75 
579.914	4207.25
580.337	4149.05
580.761	4076.88
581.185	4079.2 
581.609	4156.03
582.033	4030.31
582.456	4239.85
582.88	4207.25 
583.303	3967.45
583.727	4009.36
584.15	4062.91 
584.574	4102.49
584.997	3997.72
585.42	4051.27 
585.844	4058.25
586.267	3948.83
586.69	3941.84 
587.113	3809.14
587.536	3916.23
587.959	3788.19
588.382	3799.83
588.804	3958.14
589.227	3813.8 
589.65	3913.91 
590.073	3741.62
590.495	3865.01
590.918	3743.95
591.34	3909.25 
591.763	3720.67
592.185	3764.9 
592.607	3716.01
593.03	3688.08 
593.452	3783.53
593.874	3690.4 
594.296	3678.76
594.718	3757.92
595.14	3702.04 
595.562	3618.23
595.984	3683.42
596.406	3660.14
596.827	3643.84
597.249	3690.4 
597.671	3685.75
598.092	3653.15
598.514	3767.23
598.935	3785.86
599.357	3743.95
599.778	3653.15
600.199	3692.73
600.621	3750.94
601.042	3671.78
601.463	3813.8 
601.884	3846.39
602.305	3811.47
602.726	3695.06
603.147	3897.61
603.568	3611.25
603.988	3781.2 
604.409	3818.45
604.83	3690.4  
605.25	3629.87 
605.671	3597.28
606.092	3669.45
606.512	3632.2 
606.932	3678.76
607.353	3657.81
607.773	3632.2 
608.193	3506.48
608.613	3562.36
609.034	3455.26
609.454	3574   
609.874	3483.2 
610.293	3331.87
610.713	3397.06
611.133	3296.95
611.553	3406.37
611.973	3310.92
612.392	3085.09
612.812	3113.02
613.231	3203.82
613.651	3150.27
614.07	3085.09 
614.49	3036.19 
614.909	3096.73
615.328	3022.23
615.747	2971.01
616.167	2994.29
616.586	2943.07
617.005	2847.61
617.424	2880.21
617.843	2854.6 
618.261	2745.18
618.68	2808.04 
619.099	2731.21
619.518	2803.38
619.936	2726.55
620.355	2754.49
620.773	2689.3 
621.192	2668.35
621.61	2631.1  
622.029	2610.14
622.447	2619.46
622.865	2679.99
623.283	2633.42
623.701	2521.67
624.119	2505.38
624.537	2496.06
624.955	2484.42
625.373	2475.11
625.791	2423.89
626.209	2468.13
626.627	2430.88
627.044	2433.2 
627.462	2354.05
627.879	2337.75
628.297	2430.88
628.714	2328.44
629.132	2258.59
629.549	2312.14
629.966	2179.44
630.383	2267.91
630.8	2258.59  
631.217	2200.39
631.634	2207.37
632.051	2156.15
632.468	2163.14
632.885	2107.26
633.302	2179.44
633.719	2142.19
634.135	2195.73
634.552	2095.62
634.969	2090.97
635.385	2077   
635.801	2067.69
636.218	2083.98
636.634	2151.5 
637.05	2093.29 
637.467	1969.9 
637.883	1946.62
638.299	1967.57
638.715	1988.53
639.131	1990.86
639.547	2018.79
639.963	1890.75
640.378	1839.53
640.794	1846.51
641.21	1804.6  
641.626	1841.86
642.041	1839.53
642.457	1846.51
642.872	1765.03
643.287	1753.39
643.703	1869.79
644.118	1799.95
644.533	1713.81
644.948	1739.42
645.364	1699.84
645.779	1692.85
646.194	1667.24
646.609	1709.15
647.023	1627.67
647.438	1548.51
647.853	1646.29
648.268	1723.12
648.682	1650.95
649.097	1576.45
649.511	1643.96
649.926	1576.45
650.34	1583.43 
650.755	1625.34
651.169	1611.37
651.583	1632.32
651.997	1494.96
652.411	1620.68
652.825	1483.32
653.239	1546.18
653.653	1476.34
654.067	1506.6 
654.481	1480.99
654.895	1443.74
655.309	1443.74
655.722	1515.91
656.136	1413.48
656.549	1494.96
656.963	1345.96
657.376	1397.18
657.79	1366.91 
658.203	1418.13
658.616	1390.19
659.029	1422.79
659.442	1336.65
659.855	1366.91
660.268	1318.02
660.681	1327.33
661.094	1283.1 
661.507	1283.1 
661.92	1301.72 
662.333	1241.19
662.745	1269.13
663.158	1231.88
663.57	1338.98 
663.983	1176.01
664.395	1210.93
664.808	1220.24
665.22	1294.74 
665.632	1222.57
666.044	1196.96
666.456	1229.55
666.868	1169.02
667.28	1238.87 
667.692	1243.52
668.104	1180.66
668.516	1238.87
668.928	1120.13
669.34	1113.15 
669.751	1134.1 
670.163	1143.41
670.574	1215.58
670.986	1085.21
671.397	1092.19
671.809	1045.63
672.22	1092.19 
672.631	1017.69
673.042	1078.22
673.453	1075.89
673.864	1080.55
674.275	1038.64
674.686	1029.33
675.097	1110.82
675.508	938.53 
675.919	968.8  
676.33	1073.57 
676.74	1082.88 
677.151	1001.39
677.561	938.53 
677.972	978.11 
678.382	945.52 
678.792	968.8  
679.203	812.81 
679.613	957.16 
680.023	982.77 
680.433	971.13 
680.843	987.43 
681.253	866.36 
681.663	947.85 
682.073	952.5  
682.483	922.24 
682.893	898.96 
683.302	945.52 
683.712	817.47 
684.122	833.77 
684.531	871.02 
684.94	738.31  
685.35	836.1   
685.759	747.63 
686.168	896.63 
686.578	775.56 
686.987	796.52 
687.396	798.85 
687.805	708.05 
688.214	703.39 
688.623	749.95 
689.032	840.75 
689.44	742.97  
689.849	782.55 
690.258	747.63 
690.666	794.19 
691.075	759.27 
691.484	761.59 
691.892	777.89 
692.3	698.74   
692.709	763.92 
693.117	798.85 
693.525	705.72 
693.933	701.06 
694.341	805.83 
694.749	680.11 
695.157	705.72 
695.565	794.19 
695.973	689.42 
696.381	682.44 
696.788	703.39 
697.196	752.28 
697.604	759.27 
698.011	656.83 
698.419	684.77 
698.826	738.31 
699.234	705.72 
699.641	738.31 
700.048	691.75 
700.455	645.19 
700.862	680.11 
701.269	682.44 
701.676	726.67 
702.083	647.52 
702.49	614.92  
702.897	638.2  
703.304	628.89 
703.71	577.67  
704.117	635.88 
704.524	689.42 
704.93	631.22  
705.337	645.19 
705.743	633.55 
706.149	652.17 
706.556	652.17 
706.962	649.84 
707.368	610.27 
707.774	689.42 
708.18	600.95  
708.586	614.92 
708.992	668.47 
709.398	598.62 
709.804	610.27 
710.209	612.59 
710.615	545.08 
711.021	626.56 
711.426	563.7  
711.832	635.88 
712.237	566.03 
712.642	603.28 
713.048	596.3  
713.453	589.31 
713.858	568.36 
714.263	519.47 
714.668	510.16 
715.073	577.67 
715.478	517.14 
715.883	577.67 
716.288	626.56 
716.693	621.91 
717.097	554.39 
717.502	514.81 
717.906	521.8  
718.311	493.86 
718.715	542.75 
719.12	547.41  
719.524	559.05 
719.928	531.11 
720.333	517.14 
720.737	586.98 
721.141	496.19 
721.545	526.45 
721.949	535.76 
722.353	570.69 
722.757	559.05 
723.16	484.55  
723.564	552.06 
723.968	556.72 
724.371	554.39 
724.775	484.55 
725.178	479.89 
725.582	489.2  
725.985	440.31 
726.388	556.72 
726.792	577.67 
727.195	533.44 
727.598	519.47 
728.001	493.86 
728.404	528.78 
728.807	517.14 
729.21	405.39  
729.612	528.78 
730.015	507.83 
730.418	528.78 
730.82	496.19  
731.223	519.47 
731.625	505.5  
732.028	505.5  
732.43	510.16  
732.833	484.55 
733.235	486.87 
733.637	470.58 
734.039	535.76 
734.441	528.78 
734.843	489.2  
735.245	461.26 
735.647	458.94 
736.049	472.9  
736.451	500.84 
736.852	472.9  
737.254	477.56 
737.655	405.39 
738.057	496.19 
738.458	482.22 
738.86	426.34  
739.261	517.14 
739.662	458.94 
740.064	470.58 
740.465	449.62 
740.866	491.53 
741.267	454.28 
741.668	498.51 
742.069	528.78 
742.469	470.58 
742.87	458.94  
743.271	458.94 
743.672	454.28 
744.072	472.9  
744.473	486.87 
744.873	461.26 
745.274	433.33 
745.674	449.62 
746.074	449.62 
746.474	489.2  
746.875	421.69 
747.275	468.25 
747.675	377.45 
748.075	456.61 
748.474	440.31 
748.874	470.58 
749.274	484.55 
749.674	412.37 
750.073	424.01 
750.473	484.55 
750.873	454.28 
751.272	517.14 
751.671	456.61 
752.071	403.06 
752.47	433.33  
752.869	412.37 
753.268	407.72 
753.668	442.64 
754.067	451.95 
754.466	417.03 
754.864	447.3  
755.263	379.78 
755.662	472.9  
756.061	519.47 
756.459	472.9  
756.858	442.64 
757.257	398.4  
757.655	398.4  
758.053	435.65 
758.452	407.72 
758.85	454.28  
759.248	426.34 
759.646	440.31 
760.045	463.59 
760.443	426.34 
760.841	431    
761.238	389.09 
761.636	405.39 
762.034	421.69 
762.432	426.34 
762.829	437.98 
763.227	389.09 
763.625	477.56 
764.022	368.14 
764.419	491.53 
764.817	475.23 
765.214	398.4  
765.611	433.33 
766.008	379.78 
766.406	463.59 
766.803	386.76 
767.199	463.59 
767.596	398.4  
767.993	435.65 
768.39	458.94  
768.787	333.22 
769.183	398.4  
769.58	454.28  
769.977	398.4  
770.373	507.83 
770.769	398.4  
771.166	398.4  
771.562	384.44 
771.958	393.75 
772.354	393.75 
772.75	393.75  
773.146	444.97 
773.542	442.64 
773.938	396.08 
774.334	442.64 
774.73	400.73  
775.126	426.34 
775.521	482.22 
775.917	407.72 
776.312	370.47 
776.708	377.45 
777.103	440.31 
777.499	361.15 
777.894	472.9  
778.289	403.06 
778.684	398.4  
779.079	442.64 
779.474	407.72 
779.869	417.03 
780.264	400.73 
780.659	300.62 
781.054	365.81 
781.448	426.34 
781.843	347.18 
782.238	410.04 
782.632	372.79 
783.027	358.83 
783.421	403.06 
783.815	368.14 
784.21	312.26  
784.604	344.86 
784.998	370.47 
785.392	396.08 
785.786	477.56 
786.18	389.09  
786.574	424.01 
786.968	426.34 
787.361	351.84 
787.755	358.83 
788.149	375.12 
788.542	389.09 
788.936	393.75 
789.329	393.75 
789.722	505.5  
790.116	410.04 
790.509	379.78 
790.902	396.08 
791.295	400.73 
791.688	363.48 
792.081	377.45 
792.474	449.62 
792.867	314.59 
793.26	386.76  
793.653	386.76 
794.045	417.03 
794.438	340.2  
794.83	389.09  
795.223	333.22 
795.615	356.5  
796.008	370.47 
796.4	277.34   
796.792	412.37 
797.184	398.4  
797.576	437.98 
797.968	333.22 
798.36	412.37  
798.752	358.83 
799.144	375.12 
799.536	391.42 
799.928	398.4  
800.319	400.73 
800.711	398.4  
801.102	377.45 
801.494	382.11 
801.885	379.78 
802.276	391.42 
802.668	342.53 
803.059	314.59 
803.45	349.51  
803.841	370.47 
804.232	419.36 
804.623	370.47 
805.014	361.15 
805.405	398.4  
805.795	361.15 
806.186	363.48 
806.577	403.06 
806.967	356.5  
807.358	365.81 
807.748	412.37 
808.139	461.26 
808.529	414.7  
808.919	349.51 
809.309	419.36 
809.699	405.39 
810.089	398.4  
810.479	370.47 
810.869	375.12 
811.259	428.67 
811.649	435.65 
812.039	431    
812.428	407.72 
812.818	465.92 
813.207	433.33 
813.597	444.97 
813.986	372.79 
814.376	417.03 
814.765	437.98 
815.154	337.87 
815.543	440.31 
815.932	358.83 
816.321	435.65 
816.71	410.04  
817.099	382.11 
817.488	335.54 
817.877	356.5  
818.265	417.03 
818.654	396.08 
819.043	372.79 
819.431	437.98 
819.819	419.36 
820.208	379.78 
820.596	398.4  
820.984	400.73 
821.372	354.17 
821.761	428.67 
822.149	407.72 
822.537	379.78 
822.924	433.33 
823.312	372.79 
823.7	293.64   
824.088	431    
824.475	337.87 
824.863	309.93 
825.251	330.89 
825.638	431    
826.025	391.42 
826.413	377.45 
826.8	400.73   
827.187	384.44 
827.574	358.83 
827.961	363.48 
828.348	384.44 
828.735	372.79 
829.122	428.67 
829.509	398.4  
829.896	400.73 
830.282	391.42 
830.669	344.86 
831.055	391.42 
831.442	365.81 
831.828	363.48 
832.215	377.45 
832.601	428.67 
832.987	424.01 
833.373	410.04 
833.759	372.79 
834.145	398.4  
834.531	386.76 
834.917	407.72 
835.303	405.39 
835.689	405.39 
836.074	333.22 
836.46	389.09  
836.846	426.34 
837.231	393.75 
837.617	370.47 
838.002	254.06 
838.387	407.72 
838.772	370.47 
839.158	344.86 
839.543	342.53 
839.928	377.45 
840.313	361.15 
840.698	421.69 
841.082	396.08 
841.467	384.44 
841.852	365.81 
842.237	435.65 
842.621	340.2  
843.006	356.5  
843.39	372.79  
843.774	414.7  
844.159	370.47 
844.543	417.03 
844.927	377.45 
845.311	349.51 
845.695	421.69 
846.079	379.78 
846.463	403.06 
846.847	449.62 
847.231	379.78 
847.615	405.39 
847.998	407.72 
848.382	358.83 
848.765	372.79 
849.149	431    
849.532	361.15 
849.916	440.31 
850.299	435.65 
850.682	461.26 
851.065	484.55 
851.448	454.28 
851.831	447.3  
852.214	407.72 
852.597	412.37 
852.98	428.67  
853.363	370.47 
853.745	386.76 
854.128	384.44 
854.51	396.08  
854.893	363.48 
855.275	398.4  
855.658	463.59 
856.04	335.54  
856.422	393.75 
856.804	386.76 
857.186	449.62 
857.568	412.37 
857.95	386.76  
858.332	349.51 
858.714	403.06 
859.096	424.01 
859.477	358.83 
859.859	295.97 
860.24	347.18  
860.622	410.04 
861.003	337.87 
861.385	333.22 
861.766	342.53 
862.147	344.86 
862.528	340.2  
862.909	377.45 
863.29	347.18  
863.671	384.44 
864.052	368.14 
864.433	370.47 
864.814	393.75 
865.194	377.45 
865.575	433.33 
865.955	379.78 
866.336	398.4  
866.716	382.11 
867.097	333.22 
867.477	426.34 
867.857	361.15 
868.237	356.5  
868.617	354.17 
868.997	356.5  
869.377	347.18 
869.757	356.5  
870.137	354.17 
870.517	321.58 
870.896	386.76 
871.276	461.26 
871.655	405.39 
872.035	354.17 
872.414	333.22 
872.794	412.37 
873.173	370.47 
873.552	333.22 
873.931	358.83 
874.31	375.12  
874.689	377.45 
875.068	412.37 
875.447	305.28 
875.826	472.9  
876.205	372.79 
876.583	309.93 
876.962	372.79 
877.341	356.5  
877.719	398.4  
878.097	405.39 
878.476	386.76 
878.854	363.48 
879.232	363.48 
879.61	356.5   
879.988	407.72 
880.366	440.31 
880.744	405.39 
881.122	354.17 
881.5	344.86   
881.878	426.34 
882.255	410.04 
882.633	384.44 
883.011	377.45 
883.388	400.73 
883.765	375.12 
884.143	396.08 
884.52	340.2   
884.897	347.18 
885.274	372.79 
885.651	396.08 
886.028	421.69 
886.405	449.62 
886.782	372.79 
887.159	344.86 
887.536	393.75 
887.912	400.73 
888.289	391.42 
888.665	340.2  
889.042	354.17 
889.418	363.48 
889.794	312.26 
890.171	433.33 
890.547	435.65 
890.923	396.08 
891.299	358.83 
891.675	389.09 
892.051	444.97 
892.427	389.09 
892.803	328.56 
893.178	370.47 
893.554	403.06 
893.929	407.72 
894.305	407.72 
894.68	433.33  
895.056	403.06 
895.431	442.64 
895.806	426.34 
896.181	389.09 
896.557	370.47 
896.932	400.73 
897.307	407.72 
897.681	314.59 
898.056	398.4  
898.431	421.69 
898.806	428.67 
899.18	361.15  
899.555	417.03 
899.929	361.15 
900.304	405.39 
900.678	340.2  
901.052	337.87 
901.427	389.09 
901.801	365.81 
902.175	431    
902.549	435.65 
902.923	372.79 
903.297	384.44 
903.67	424.01  
904.044	377.45 
904.418	347.18 
904.791	368.14 
905.165	372.79 
905.538	389.09 
905.912	435.65 
906.285	307.61 
906.658	365.81 
907.032	391.42 
907.405	333.22 
907.778	375.12 
908.151	428.67 
908.524	405.39 
908.896	368.14 
909.269	375.12 
909.642	349.51 
910.015	363.48 
910.387	426.34 
910.76	389.09  
911.132	414.7  
911.504	342.53 
911.877	414.7  
912.249	337.87 
912.621	361.15 
912.993	389.09 
913.365	337.87 
913.737	337.87 
914.109	396.08 
914.481	398.4  
914.853	384.44 
915.224	391.42 
915.596	363.48 
915.968	426.34 
916.339	417.03 
916.71	451.95  
917.082	437.98 
917.453	489.2  
917.824	342.53 
918.195	393.75 
918.566	347.18 
918.937	396.08 
919.308	431    
919.679	333.22 
920.05	340.2   
920.421	316.92 
920.791	379.78 
921.162	377.45 
921.532	398.4  
921.903	403.06 
922.273	424.01 
922.644	440.31 
923.014	417.03 
923.384	421.69 
923.754	372.79 
924.124	403.06 
924.494	419.36 
924.864	449.62 
925.234	465.92 
925.604	330.89 
925.973	405.39 
926.343	377.45 
926.712	372.79 
927.082	330.89 
927.451	342.53 
927.821	337.87 
928.19	426.34  
928.559	386.76 
928.928	333.22 
929.297	379.78 
929.666	354.17 
930.035	365.81 
930.404	361.15 
930.773	328.56 
931.142	356.5  
931.51	400.73  
931.879	424.01 
932.247	375.12 
932.616	349.51 
932.984	340.2  
933.353	349.51 
933.721	393.75 
934.089	410.04 
934.457	319.25 
934.825	393.75 
935.193	361.15 
935.561	405.39 
935.929	386.76 
936.296	377.45 
936.664	358.83 
937.032	365.81 
937.399	351.84 
937.767	356.5  
938.134	375.12 
938.501	454.28 
938.869	377.45 
939.236	323.9  
939.603	391.42 
939.97	382.11  
940.337	417.03 
940.704	458.94 
941.071	361.15 
941.438	465.92 
941.804	363.48 
942.171	337.87 
942.538	335.54 
942.904	305.28 
943.27	382.11  
943.637	344.86 
944.003	363.48 
944.369	377.45 
944.735	417.03 
945.102	335.54 
945.468	405.39 
945.833	419.36 
946.199	389.09 
946.565	314.59 
946.931	372.79 
947.296	403.06 
947.662	344.86 
948.028	431    
948.393	323.9  
948.758	405.39 
949.124	410.04 
949.489	391.42 
949.854	377.45 
950.219	365.81 
950.584	370.47 
950.949	363.48 
951.314	368.14 
951.679	389.09 
952.044	400.73 
952.408	375.12 
952.773	372.79 
953.137	370.47 
953.502	379.78 
953.866	363.48 
954.231	316.92 
954.595	414.7  
954.959	407.72 
955.323	440.31 
955.687	400.73 
956.051	368.14 
956.415	431    
956.779	449.62 
957.143	433.33 
957.506	372.79 
957.87	389.09  
958.234	377.45 
958.597	354.17 
958.961	393.75 
959.324	363.48 
959.687	351.84 
960.05	398.4   
960.413	335.54 
960.776	344.86 
961.139	382.11 
961.502	356.5  
961.865	370.47 
962.228	419.36 
962.591	386.76 
962.953	410.04 
963.316	405.39 
963.678	393.75 
964.041	368.14 
964.403	333.22 
964.765	368.14 
965.128	398.4  
965.49	386.76  
965.852	421.69 
966.214	314.59 
966.576	361.15 
966.938	403.06 
967.299	365.81 
967.661	354.17 
968.023	384.44 
968.384	398.4  
968.746	354.17 
969.107	391.42 
969.469	396.08 
969.83	400.73  
970.191	323.9  
970.552	298.29 
970.913	447.3  
971.274	403.06 
971.635	391.42 
971.996	375.12 
972.357	424.01 
972.718	335.54 
973.078	293.64 
973.439	405.39 
973.8	382.11   
974.16	379.78  
974.52	405.39  
974.881	435.65 
975.241	431    
975.601	344.86 
975.961	370.47 
976.321	328.56 
976.681	305.28 
977.041	377.45 
977.401	368.14 
977.76	389.09  
978.12	410.04  
978.48	309.93  
978.839	389.09 
979.199	319.25 
979.558	342.53 
979.917	414.7  
980.277	400.73 
980.636	407.72 
980.995	400.73 
981.354	323.9  
981.713	370.47 
982.072	312.26 
982.43	417.03  
982.789	400.73 
983.148	384.44 
983.506	412.37 
983.865	407.72 
984.223	417.03 
984.582	465.92 
984.94	396.08  
985.298	410.04 
985.656	370.47 
986.015	403.06 
986.373	391.42 
986.731	342.53 
987.088	424.01 
987.446	356.5  
987.804	386.76 
988.162	368.14 
988.519	398.4  
988.877	421.69 
989.234	382.11 
989.591	314.59 
989.949	328.56 
990.306	333.22 
990.663	288.98 
991.02	437.98  
991.377	384.44 
991.734	354.17 
992.091	328.56 
992.448	368.14 
992.805	340.2  
993.161	419.36 
993.518	410.04 
993.874	391.42 
994.231	389.09 
994.587	426.34 
994.943	428.67 
995.3	386.76   
995.656	396.08 
996.012	379.78 
996.368	393.75 
996.724	372.79 
997.08	375.12  
997.435	444.97 
997.791	435.65 
998.147	382.11 
998.502	410.04 
998.858	312.26 
999.213	440.31 
999.569	398.4  
999.924	349.51 
1000.279	335.54
1000.634	365.81
1000.989	358.83
1001.344	375.12
1001.699	365.81
1002.054	298.29
1002.409	344.86
1002.764	361.15
1003.118	349.51
1003.473	358.83
1003.827	326.23
1004.182	382.11
1004.536	403.06
1004.89	393.75 
1005.245	449.62
1005.599	400.73
1005.953	424.01
1006.307	410.04
1006.661	377.45
1007.015	377.45
1007.368	391.42
1007.722	333.22
1008.076	405.39
1008.429	356.5 
1008.783	389.09
1009.136	433.33
1009.489	361.15
1009.843	384.44
1010.196	377.45
1010.549	384.44
1010.902	421.69
1011.255	356.5 
1011.608	335.54
1011.961	328.56
1012.313	363.48
1012.666	396.08
1013.019	340.2 
1013.371	424.01
1013.724	410.04
1014.076	396.08
1014.428	356.5 
1014.781	351.84
1015.133	323.9 
1015.485	349.51
1015.837	342.53
1016.189	340.2 
1016.541	389.09
1016.893	398.4 
1017.244	291.31
1017.596	309.93
1017.947	379.78
1018.299	337.87
1018.65	389.09 
1019.002	400.73
1019.353	321.58
1019.704	417.03
1020.055	451.95
1020.407	337.87
1020.758	344.86
1021.108	319.25
1021.459	309.93
1021.81	398.4  
1022.161	428.67
1022.511	372.79
1022.862	302.95
1023.213	354.17
1023.563	435.65
1023.913	358.83
1024.264	405.39
1024.614	286.65
1024.964	400.73
1025.314	319.25
1025.664	389.09
1026.014	417.03
1026.364	384.44
1026.713	344.86
1027.063	382.11
1027.413	333.22
1027.762	403.06
1028.112	354.17
1028.461	335.54
1028.81	316.92 
1029.16	454.28 
1029.509	279.67
1029.858	340.2 
1030.207	349.51
1030.556	312.26
1030.905	426.34
1031.254	410.04
1031.602	398.4 
1031.951	365.81
1032.3	323.9   
1032.648	393.75
1032.996	393.75
1033.345	393.75