187.879	26.05   
188.346	26.05   
188.813	26.05   
189.28	5.09     
189.747	-125.28 
190.214	-32.16  
190.681	-32.16  
191.148	-78.72  
191.614	-74.06  
192.081	-111.31 
192.548	-27.5   
193.014	-22.84  
193.481	-46.13  
193.948	-57.77  
194.414	44.67   
194.881	58.64   
195.347	9.75    
195.813	30.7    
196.28	60.97    
196.746	112.19  
197.212	165.73  
197.678	151.77  
198.145	133.14  
198.611	177.38  
199.077	226.27  
199.543	251.88  
200.009	235.58  
200.475	254.2   
200.941	310.08  
201.407	272.83  
201.873	277.49  
202.338	361.3   
202.804	230.92  
203.27	324.05   
203.735	365.96  
204.201	368.28  
204.667	391.57  
205.132	335.69  
205.598	331.03  
206.063	314.74  
206.529	424.16  
206.994	412.52  
207.459	398.55  
207.925	358.97  
208.39	391.57   
208.855	480.03  
209.32	384.58   
209.785	354.31  
210.25	400.88   
210.715	393.89  
211.18	428.82   
211.645	403.21  
212.11	426.49   
212.575	454.43  
213.04	417.17   
213.504	421.83  
213.969	445.11  
214.434	382.25  
214.899	433.47  
215.363	400.88  
215.828	356.64  
216.292	405.53  
216.757	417.17  
217.221	368.28  
217.685	542.89  
218.15	365.96   
218.614	317.06  
219.078	382.25  
219.542	433.47  
220.007	319.39  
220.471	314.74  
220.935	440.46  
221.399	319.39  
221.863	438.13  
222.327	314.74  
222.791	368.28  
223.254	370.61  
223.718	370.61  
224.182	365.96  
224.646	340.35  
225.109	368.28  
225.573	368.28  
226.037	335.69  
226.5	328.71    
226.964	340.35  
227.427	368.28  
227.89	452.1    
228.354	435.8   
228.817	351.99  
229.28	345      
229.744	331.03  
230.207	400.88  
230.67	377.6    
231.133	349.66  
231.596	403.21  
232.059	349.66  
232.522	361.3   
232.985	368.28  
233.448	405.53  
233.911	393.89  
234.374	340.35  
234.836	391.57  
235.299	382.25  
235.762	452.1   
236.224	389.24  
236.687	396.22  
237.149	365.96  
237.612	361.3   
238.074	321.72  
238.537	326.38  
238.999	391.57  
239.461	398.55  
239.924	372.94  
240.386	396.22  
240.848	417.17  
241.31	384.58   
241.772	438.13  
242.234	403.21  
242.696	326.38  
243.158	340.35  
243.62	356.64   
244.082	361.3   
244.544	393.89  
245.006	398.55  
245.468	363.63  
245.929	347.33  
246.391	368.28  
246.852	370.61  
247.314	414.85  
247.776	365.96  
248.237	403.21  
248.698	382.25  
249.16	340.35   
249.621	438.13  
250.082	412.52  
250.544	361.3   
251.005	421.83  
251.466	447.44  
251.927	417.17  
252.388	417.17  
252.849	494     
253.31	407.86   
253.771	403.21  
254.232	358.97  
254.693	386.91  
255.154	398.55  
255.615	405.53  
256.075	412.52  
256.536	410.19  
256.997	368.28  
257.457	368.28  
257.918	368.28  
258.378	361.3   
258.839	435.8   
259.299	452.1   
259.759	447.44  
260.22	438.13   
260.68	363.63   
261.14	400.88   
261.6	363.63    
262.06	375.27   
262.521	454.43  
262.981	365.96  
263.441	412.52  
263.901	445.11  
264.36	361.3    
264.82	372.94   
265.28	361.3    
265.74	431.14   
266.2	368.28    
266.659	386.91  
267.119	440.46  
267.579	433.47  
268.038	417.17  
268.498	428.82  
268.957	382.25  
269.416	356.64  
269.876	424.16  
270.335	331.03  
270.794	389.24  
271.254	403.21  
271.713	384.58  
272.172	419.5   
272.631	405.53  
273.09	372.94   
273.549	459.08  
274.008	421.83  
274.467	445.11  
274.926	438.13  
275.385	356.64  
275.843	398.55  
276.302	389.24  
276.761	419.5   
277.22	431.14   
277.678	440.46  
278.137	372.94  
278.595	363.63  
279.054	407.86  
279.512	398.55  
279.97	407.86   
280.429	389.24  
280.887	426.49  
281.345	424.16  
281.803	470.72  
282.262	424.16  
282.72	405.53   
283.178	428.82  
283.636	335.69  
284.094	340.35  
284.552	470.72  
285.01	391.57   
285.467	412.52  
285.925	393.89  
286.383	433.47  
286.841	354.31  
287.298	454.43  
287.756	528.93  
288.213	365.96  
288.671	456.75  
289.128	426.49  
289.586	405.53  
290.043	442.78  
290.5	403.21    
290.958	384.58  
291.415	372.94  
291.872	447.44  
292.329	484.69  
292.786	375.27  
293.243	398.55  
293.7	454.43    
294.157	440.46  
294.614	473.05  
295.071	440.46  
295.528	414.85  
295.985	452.1   
296.441	491.68  
296.898	428.82  
297.355	426.49  
297.811	410.19  
298.268	438.13  
298.724	452.1   
299.181	384.58  
299.637	340.35  
300.094	426.49  
300.55	473.05   
301.006	424.16  
301.462	435.8   
301.919	428.82  
302.375	410.19  
302.831	382.25  
303.287	489.35  
303.743	405.53  
304.199	440.46  
304.655	505.64  
305.11	361.3    
305.566	377.6   
306.022	363.63  
306.478	426.49  
306.933	445.11  
307.389	466.07  
307.845	414.85  
308.3	393.89    
308.756	438.13  
309.211	391.57  
309.666	445.11  
310.122	438.13  
310.577	379.92  
311.032	449.77  
311.487	412.52  
311.943	405.53  
312.398	454.43  
312.853	433.47  
313.308	407.86  
313.763	435.8   
314.218	354.31  
314.672	414.85  
315.127	456.75  
315.582	461.41  
316.037	372.94  
316.492	421.83  
316.946	428.82  
317.401	412.52  
317.855	372.94  
318.31	482.36   
318.764	496.33  
319.219	426.49  
319.673	361.3   
320.127	393.89  
320.582	461.41  
321.036	454.43  
321.49	428.82   
321.944	400.88  
322.398	417.17  
322.852	442.78  
323.306	372.94  
323.76	412.52   
324.214	454.43  
324.668	447.44  
325.122	405.53  
325.575	370.61  
326.029	482.36  
326.483	456.75  
326.936	426.49  
327.39	447.44   
327.843	410.19  
328.297	396.22  
328.75	365.96   
329.204	461.41  
329.657	449.77  
330.11	431.14   
330.564	400.88  
331.017	421.83  
331.47	382.25   
331.923	407.86  
332.376	440.46  
332.829	426.49  
333.282	477.71  
333.735	445.11  
334.188	447.44  
334.641	384.58  
335.093	470.72  
335.546	468.39  
335.999	424.16  
336.451	389.24  
336.904	421.83  
337.356	480.03  
337.809	496.33  
338.261	494     
338.714	410.19  
339.166	426.49  
339.618	424.16  
340.07	477.71   
340.523	473.05  
340.975	412.52  
341.427	456.75  
341.879	433.47  
342.331	412.52  
342.783	433.47  
343.235	426.49  
343.687	435.8   
344.138	424.16  
344.59	403.21   
345.042	410.19  
345.494	363.63  
345.945	368.28  
346.397	382.25  
346.848	384.58  
347.3	393.89    
347.751	435.8   
348.203	428.82  
348.654	454.43  
349.105	361.3   
349.556	454.43  
350.008	484.69  
350.459	487.02  
350.91	452.1    
351.361	410.19  
351.812	372.94  
352.263	449.77  
352.714	407.86  
353.165	456.75  
353.615	445.11  
354.066	403.21  
354.517	351.99  
354.968	340.35  
355.418	463.74  
355.869	396.22  
356.319	468.39  
356.77	503.32   
357.22	424.16   
357.671	452.1   
358.121	475.38  
358.571	473.05  
359.021	477.71  
359.472	461.41  
359.922	442.78  
360.372	417.17  
360.822	428.82  
361.272	431.14  
361.722	400.88  
362.172	414.85  
362.622	433.47  
363.071	449.77  
363.521	454.43  
363.971	435.8   
364.42	442.78   
364.87	438.13   
365.32	445.11   
365.769	456.75  
366.219	424.16  
366.668	452.1   
367.117	459.08  
367.567	358.97  
368.016	468.39  
368.465	372.94  
368.914	424.16  
369.363	463.74  
369.812	419.5   
370.261	370.61  
370.71	473.05   
371.159	498.66  
371.608	396.22  
372.057	482.36  
372.506	424.16  
372.955	382.25  
373.403	438.13  
373.852	391.57  
374.301	396.22  
374.749	452.1   
375.198	440.46  
375.646	361.3   
376.094	491.68  
376.543	447.44  
376.991	438.13  
377.439	449.77  
377.887	368.28  
378.336	447.44  
378.784	431.14  
379.232	379.92  
379.68	468.39   
380.128	456.75  
380.576	449.77  
381.023	426.49  
381.471	475.38  
381.919	431.14  
382.367	468.39  
382.814	426.49  
383.262	349.66  
383.71	417.17   
384.157	398.55  
384.605	435.8   
385.052	382.25  
385.499	438.13  
385.947	428.82  
386.394	410.19  
386.841	498.66  
387.288	500.99  
387.735	445.11  
388.182	384.58  
388.63	403.21   
389.076	419.5   
389.523	456.75  
389.97	354.31   
390.417	426.49  
390.864	454.43  
391.311	365.96  
391.757	384.58  
392.204	370.61  
392.651	433.47  
393.097	461.41  
393.544	473.05  
393.99	459.08   
394.436	512.63  
394.883	405.53  
395.329	424.16  
395.775	396.22  
396.221	487.02  
396.668	482.36  
397.114	461.41  
397.56	461.41   
398.006	442.78  
398.452	491.68  
398.897	424.16  
399.343	438.13  
399.789	428.82  
400.235	424.16  
400.681	433.47  
401.126	410.19  
401.572	454.43  
402.017	449.77  
402.463	452.1   
402.908	470.72  
403.354	514.96  
403.799	433.47  
404.244	473.05  
404.689	363.63  
405.135	405.53  
405.58	473.05   
406.025	489.35  
406.47	419.5    
406.915	440.46  
407.36	461.41   
407.805	438.13  
408.25	466.07   
408.694	468.39  
409.139	351.99  
409.584	470.72  
410.029	421.83  
410.473	417.17  
410.918	356.64  
411.362	494     
411.807	535.91  
412.251	417.17  
412.695	382.25  
413.14	431.14   
413.584	449.77  
414.028	475.38  
414.472	494     
414.916	496.33  
415.36	449.77   
415.804	342.67  
416.248	547.55  
416.692	500.99  
417.136	487.02  
417.58	477.71   
418.024	475.38  
418.467	461.41  
418.911	507.97  
419.355	491.68  
419.798	468.39  
420.242	459.08  
420.685	470.72  
421.128	521.94  
421.572	549.88  
422.015	547.55  
422.458	552.21  
422.902	563.85  
423.345	566.18  
423.788	626.71  
424.231	531.25  
424.674	654.65  
425.117	661.63  
425.56	591.79   
426.003	640.68  
426.445	622.05  
426.888	668.61  
427.331	687.24  
427.773	684.91  
428.216	778.04  
428.659	759.41  
429.101	722.16  
429.543	852.54  
429.986	843.23  
430.428	829.26  
430.87	913.07   
431.313	950.32  
431.755	1034.13 
432.197	1034.13 
432.639	1059.74 
433.081	1120.28 
433.523	1101.65 
433.965	1124.93 
434.407	1273.93 
434.849	1332.14 
435.291	1283.25 
435.732	1422.93 
436.174	1476.48 
436.616	1583.58 
437.057	1576.59 
437.499	1658.08 
437.94	1816.39  
438.382	1890.89 
438.823	1958.41 
439.264	2051.53 
439.706	2126.03 
440.147	2233.13 
440.588	2363.51 
441.029	2438.01 
441.47	2554.41  
441.911	2628.91 
442.352	2742.99 
442.793	2831.46 
443.234	2961.84 
443.675	3206.29 
444.116	3304.08 
444.556	3483.34 
444.997	3681.24 
445.438	3858.18 
445.878	3965.27 
446.319	4149.19 
446.759	4347.09 
447.199	4542.65 
447.64	4659.06  
448.08	4964.05  
448.52	5113.05  
448.961	5457.61 
449.401	5690.43 
449.841	5799.85 
450.281	6079.23 
450.721	6386.54 
451.161	6582.11 
451.601	6712.48 
452.041	7096.63 
452.48	7413.26  
452.92	7720.57  
453.36	7743.85  
453.799	7920.79 
454.239	8412.03 
454.679	8672.78 
455.118	8817.13 
455.557	9094.18 
455.997	9261.8  
456.436	9515.57 
456.875	9585.42 
457.315	9811.25 
457.754	10351.38
458.193	10006.81
458.632	10290.84
459.071	10172.11
459.51	10239.63 
459.949	10221   
460.388	10332.75
460.827	10376.99
461.265	10451.49
461.704	9885.75 
462.143	9988.19 
462.581	9652.93 
463.02	9701.82  
463.458	9198.94 
463.897	9545.84 
464.335	9028.99 
464.774	8586.64 
465.212	8600.61 
465.65	8209.48  
466.088	8197.84 
466.527	8181.54 
466.965	7564.58 
467.403	7450.51 
467.841	7296.85 
468.279	6991.86 
468.716	6924.34 
469.154	6428.45 
469.592	6461.04 
470.03	6253.84  
470.467	6048.96 
470.905	6104.84 
471.343	5720.69 
471.78	5704.4   
472.218	5816.15 
472.655	5625.24 
473.092	5411.05 
473.53	5418.03  
473.967	5429.67 
474.404	5257.39 
474.841	5231.78 
475.278	4966.37 
475.716	5113.05 
476.153	4901.19 
476.589	4875.58 
477.026	4861.61 
477.463	4780.12 
477.9	4691.65   
478.337	4691.65 
478.773	4624.14 
479.21	4435.56  
479.647	4482.12 
480.083	4354.07 
480.52	4395.98  
480.956	4093.32 
481.392	4193.43 
481.829	4072.37 
482.265	3958.29 
482.701	3900.08 
483.137	4032.79 
483.574	3858.18 
484.01	3834.89  
484.446	3765.05 
484.882	3678.91 
485.317	3657.95 
485.753	3564.83 
486.189	3488    
486.625	3513.61 
487.061	3187.67 
487.496	3306.4  
487.932	3199.31 
488.367	3106.18 
488.803	3006.07 
489.238	2940.89 
489.674	3038.67 
490.109	3017.71 
490.544	2910.62 
490.979	2808.18 
491.415	2812.84 
491.85	2810.51  
492.285	2857.07 
492.72	2878.03  
493.155	2719.71 
493.59	2731.35  
494.024	2635.9  
494.459	2580.02 
494.894	2573.04 
495.329	2568.38 
495.763	2624.26 
496.198	2531.13 
496.632	2493.88 
497.067	2540.44 
497.501	2528.8  
497.936	2463.62 
498.37	2426.37  
498.804	2486.9  
499.238	2454.3  
499.673	2314.61 
500.107	2347.21 
500.541	2277.36 
500.975	2451.97 
501.409	2328.58 
501.843	2328.58 
502.277	2358.85 
502.71	2370.49  
503.144	2410.07 
503.578	2368.16 
504.011	2396.1  
504.445	2507.85 
504.878	2370.49 
505.312	2472.93 
505.745	2447.32 
506.179	2573.04 
506.612	2442.66 
507.045	2607.96 
507.479	2598.65 
507.912	2496.21 
508.345	2633.57 
508.778	2582.35 
509.211	2656.85 
509.644	2591.66 
510.077	2740.67 
510.509	2705.74 
510.942	2740.67 
511.375	2726.7  
511.808	2777.92 
512.24	2885.01  
512.673	2789.56 
513.105	2852.42 
513.538	3059.62 
513.97	2978.14  
514.403	2994.43 
514.835	3124.81 
515.267	3173.7  
515.699	3068.93 
516.131	3143.43 
516.564	3245.87 
516.996	3185.34 
517.428	3334.34 
517.859	3301.75 
518.291	3455.41 
518.723	3585.78 
519.155	3471.7  
519.587	3541.55 
520.018	3376.25 
520.45	3597.42  
520.881	3518.27 
521.313	3590.44 
521.744	3732.46 
522.176	3706.85 
522.607	3830.24 
523.038	3809.28 
523.47	3799.97  
523.901	3962.94 
524.332	4035.11 
524.763	4044.43 
525.194	4007.18 
525.625	4025.8  
526.056	4107.29 
526.487	4160.83 
526.917	4207.4  
527.348	4212.05 
527.779	4230.68 
528.21	4314.49  
528.64	4330.79  
529.071	4395.98 
529.501	4440.21 
529.932	4375.02 
530.362	4468.15 
530.792	4388.99 
531.222	4384.34 
531.653	4558.95 
532.083	4363.38 
532.513	4428.57 
532.943	4603.18 
533.373	4577.57 
533.803	4572.92 
534.233	4451.85 
534.663	4642.76 
535.092	4705.62 
535.522	4535.67 
535.952	4756.84 
536.381	4710.28 
536.811	4777.79 
537.24	4794.09  
537.67	4812.72  
538.099	4833.67 
538.529	4842.98 
538.958	4877.9  
539.387	5043.2  
539.816	4912.83 
540.245	4766.15 
540.674	5068.81 
541.103	5019.92 
541.532	4950.08 
541.961	4917.48 
542.39	5005.95  
542.819	5124.69 
543.248	5073.47 
543.676	5029.23 
544.105	5068.81 
544.534	5122.36 
544.962	5255.06 
545.391	5057.17 
545.819	5017.59 
546.247	5143.31 
546.676	5161.94 
547.104	5096.75 
547.532	5227.13 
547.96	5154.95  
548.388	5124.69 
548.816	5138.66 
549.244	5045.53 
549.672	5189.88 
550.1	5182.89   
550.528	5082.78 
550.956	5224.8  
551.383	5094.42 
551.811	5222.47 
552.238	5350.52 
552.666	5192.2  
553.094	4971.03 
553.521	5189.88 
553.948	5173.58 
554.376	5280.67 
554.803	5140.98 
555.23	5285.33  
555.657	5310.94 
556.084	5317.92 
556.511	5259.72 
556.938	5171.25 
557.365	5350.52 
557.792	5189.88 
558.219	5296.97 
558.646	5280.67 
559.072	5031.56 
559.499	5262.05 
559.926	5283    
560.352	5355.17 
560.779	5380.78 
561.205	5283    
561.632	5315.6  
562.058	5315.6  
562.484	5338.88 
562.91	5248.08  
563.337	5227.13 
563.763	5266.7  
564.189	5252.74 
564.615	5338.88 
565.041	5373.8  
565.466	5273.69 
565.892	5448.3  
566.318	5366.81 
566.744	5147.97 
567.169	5436.66 
567.595	5343.53 
568.021	5296.97 
568.446	5283    
568.872	5294.64 
569.297	5131.67 
569.722	5299.3  
570.148	5210.83 
570.573	5348.19 
570.998	5127.02 
571.423	5152.63 
571.848	5227.13 
572.273	5280.67 
572.698	5175.91 
573.123	5145.64 
573.548	5045.53 
573.973	5031.56 
574.397	5008.28 
574.822	4973.36 
575.247	4852.29 
575.671	5075.8  
576.096	4822.03 
576.52	4912.83  
576.944	4887.22 
577.369	4985    
577.793	4859.28 
578.217	4861.61 
578.641	4707.95 
579.065	4656.73 
579.49	4789.43  
579.914	4740.54 
580.337	4691.65 
580.761	4652.07 
581.185	4696.31 
581.609	4524.03 
582.033	4589.21 
582.456	4670.7  
582.88	4652.07  
583.303	4579.9  
583.727	4628.79 
584.15	4614.82  
584.574	4507.73 
584.997	4521.7  
585.42	4419.26  
585.844	4347.09 
586.267	4363.38 
586.69	4402.96  
587.113	4377.35 
587.536	4335.45 
587.959	4260.94 
588.382	4447.2  
588.804	4554.29 
589.227	4263.27 
589.65	4270.26  
590.073	4307.51 
590.495	4246.98 
590.918	4137.55 
591.34	4256.29  
591.763	4205.07 
592.185	4200.41 
592.607	4212.05 
593.03	4291.21  
593.452	4118.93 
593.874	4167.82 
594.296	4132.9  
594.718	4184.12 
595.14	4074.69  
595.562	4118.93 
595.984	4116.6  
596.406	4139.88 
596.827	4165.49 
597.249	4107.29 
597.671	4021.15 
598.092	4188.77 
598.514	4191.1  
598.935	4016.49 
599.357	4030.46 
599.778	4223.69 
600.199	4186.44 
600.621	4142.21 
601.042	4132.9  
601.463	4284.23 
601.884	4256.29 
602.305	4209.73 
602.726	4209.73 
603.147	4177.13 
603.568	4267.93 
603.988	4202.74 
604.409	4165.49 
604.83	4104.96  
605.25	4284.23  
605.671	4090.99 
606.092	4090.99 
606.512	4174.8  
606.932	4079.35 
607.353	4039.77 
607.773	4016.49 
608.193	3909.39 
608.613	3960.61 
609.034	3844.21 
609.454	3711.5  
609.874	3839.55 
610.293	3818.6  
610.713	3723.14 
611.133	3683.56 
611.553	3702.19 
611.973	3681.24 
612.392	3685.89 
612.812	3455.41 
613.231	3529.91 
613.651	3534.56 
614.07	3471.7   
614.49	3362.28  
614.909	3457.73 
615.328	3378.58 
615.747	3418.16 
616.167	3166.72 
616.586	3313.39 
617.005	3243.54 
617.424	3264.5  
617.843	3155.08 
618.261	3145.76 
618.68	3110.84  
619.099	3085.23 
619.518	3115.5  
619.936	3082.9  
620.355	3078.25 
620.773	3117.82 
621.192	3061.95 
621.61	2887.34  
622.029	2940.89 
622.447	2971.15 
622.865	2961.84 
623.283	2798.87 
623.701	2926.92 
624.119	2882.68 
624.537	2749.98 
624.955	2815.17 
625.373	2738.34 
625.791	2749.98 
626.209	2756.96 
626.627	2689.45 
627.044	2684.79 
627.462	2596.32 
627.879	2680.13 
628.297	2652.2  
628.714	2524.15 
629.132	2563.73 
629.549	2454.3  
629.966	2524.15 
630.383	2556.74 
630.8	2493.88   
631.217	2563.73 
631.634	2379.8  
632.051	2461.29 
632.468	2365.83 
632.885	2449.65 
633.302	2382.13 
633.719	2361.18 
634.135	2349.54 
634.552	2382.13 
634.969	2256.41 
635.385	2309.96 
635.801	2361.18 
636.218	2209.85 
636.634	2295.99 
637.05	2172.6   
637.467	2158.63 
637.883	2184.24 
638.299	2205.19 
638.715	2123.71 
639.131	2219.16 
639.547	2063.17 
639.963	2086.46 
640.378	2002.64 
640.794	2060.85 
641.21	2046.88  
641.626	2114.39 
642.041	2037.56 
642.457	2046.88 
642.872	2056.19 
643.287	1946.77 
643.703	2014.28 
644.118	2025.92 
644.533	2002.64 
644.948	1872.27 
645.364	1865.28 
645.779	1953.75 
646.194	1988.67 
646.609	1832.69 
647.023	1949.1  
647.438	1907.19 
647.853	1876.92 
648.268	1793.11 
648.682	1658.08 
649.097	1865.28 
649.511	1779.14 
649.926	1672.05 
650.34	1793.11  
650.755	1762.84 
651.169	1748.87 
651.583	1706.97 
651.997	1811.73 
652.411	1606.86 
652.825	1702.31 
653.239	1639.45 
653.653	1604.53 
654.067	1704.64 
654.481	1653.42 
654.895	1644.11 
655.309	1534.69 
655.722	1562.62 
656.136	1581.25 
656.549	1592.89 
656.963	1555.64 
657.376	1597.55 
657.79	1504.42  
658.203	1616.17 
658.616	1544    
659.029	1525.37 
659.442	1588.23 
659.855	1574.26 
660.268	1434.57 
660.681	1485.79 
661.094	1476.48 
661.507	1462.51 
661.92	1432.25  
662.333	1376.37 
662.745	1420.61 
663.158	1383.36 
663.57	1376.37  
663.983	1420.61 
664.395	1374.04 
664.808	1313.51 
665.22	1378.7   
665.632	1327.48 
666.044	1280.92 
666.456	1294.89 
666.868	1348.43 
667.28	1264.62  
667.692	1229.7  
668.104	1276.26 
668.516	1269.28 
668.928	1290.23 
669.34	1234.35  
669.751	1278.59 
670.163	1152.87 
670.574	1157.53 
670.986	1201.76 
671.397	1211.07 
671.809	1190.12 
672.22	1248.32  
672.631	1194.78 
673.042	1120.28 
673.453	1092.34 
673.864	1197.1  
674.275	1162.18 
674.686	1120.28 
675.097	1190.12 
675.508	1157.53 
675.919	1164.51 
676.33	1117.95  
676.74	1129.59  
677.151	1113.29 
677.561	1124.93 
677.972	1078.37 
678.382	1050.43 
678.792	1055.09 
679.203	1052.76 
679.613	1048.1  
680.023	1024.82 
680.433	964.29  
680.843	975.93  
681.253	1017.84 
681.663	996.88  
682.073	1003.87 
682.483	1024.82 
682.893	982.91  
683.302	994.56  
683.712	999.21  
684.122	1006.2  
684.531	938.68  
684.94	941.01   
685.35	973.6    
685.759	850.21  
686.168	808.3   
686.578	880.48  
686.987	920.05  
687.396	894.44  
687.805	966.62  
688.214	927.04  
688.623	931.7   
689.032	913.07  
689.44	845.55   
689.849	875.82  
690.258	847.88  
690.666	882.8   
691.075	850.21  
691.484	764.07  
691.892	845.55  
692.3	868.84    
692.709	773.38  
693.117	789.68  
693.525	822.27  
693.933	847.88  
694.341	826.93  
694.749	761.74  
695.157	712.85  
695.565	822.27  
695.973	761.74  
696.381	759.41  
696.788	829.26  
697.196	745.44  
697.604	785.02  
698.011	750.1   
698.419	708.19  
698.826	729.15  
699.234	691.9   
699.641	719.83  
700.048	736.13  
700.455	738.46  
700.862	701.21  
701.269	785.02  
701.676	645.33  
702.083	701.21  
702.49	691.9    
702.897	682.58  
703.304	775.71  
703.71	668.61   
704.117	789.68  
704.524	696.55  
704.93	710.52   
705.337	663.96  
705.743	615.07  
706.149	703.54  
706.556	740.79  
706.962	677.93  
707.368	710.52  
707.774	626.71  
708.18	647.66   
708.586	670.94  
708.992	680.26  
709.398	626.71  
709.804	654.65  
710.209	605.75  
710.615	654.65  
711.021	719.83  
711.426	580.15  
711.832	663.96  
712.237	636.02  
712.642	687.24  
713.048	622.05  
713.453	640.68  
713.858	649.99  
714.263	538.24  
714.668	591.79  
715.073	619.72  
715.478	610.41  
715.883	563.85  
716.288	507.97  
716.693	656.97  
717.097	680.26  
717.502	577.82  
717.906	605.75  
718.311	638.35  
718.715	643.01  
719.12	533.58   
719.524	608.08  
719.928	552.21  
720.333	587.13  
720.737	570.83  
721.141	542.89  
721.545	603.43  
721.949	566.18  
722.353	491.68  
722.757	598.77  
723.16	570.83   
723.564	577.82  
723.968	559.19  
724.371	568.5   
724.775	580.15  
725.178	561.52  
725.582	626.71  
725.985	584.8   
726.388	612.74  
726.792	566.18  
727.195	584.8   
727.598	542.89  
728.001	540.57  
728.404	591.79  
728.807	521.94  
729.21	652.32   
729.612	468.39  
730.015	570.83  
730.418	582.47  
730.82	500.99   
731.223	510.3   
731.625	538.24  
732.028	640.68  
732.43	591.79   
732.833	568.5   
733.235	484.69  
733.637	531.25  
734.039	568.5   
734.441	549.88  
734.843	556.86  
735.245	584.8   
735.647	473.05  
736.049	533.58  
736.451	584.8   
736.852	498.66  
737.254	484.69  
737.655	549.88  
738.057	514.96  
738.458	535.91  
738.86	475.38   
739.261	556.86  
739.662	463.74  
740.064	500.99  
740.465	587.13  
740.866	561.52  
741.267	512.63  
741.668	517.29  
742.069	582.47  
742.469	445.11  
742.87	487.02   
743.271	542.89  
743.672	442.78  
744.072	517.29  
744.473	433.47  
744.873	491.68  
745.274	403.21  
745.674	484.69  
746.074	466.07  
746.474	480.03  
746.875	517.29  
747.275	510.3   
747.675	487.02  
748.075	463.74  
748.474	512.63  
748.874	489.35  
749.274	507.97  
749.674	482.36  
750.073	433.47  
750.473	491.68  
750.873	405.53  
751.272	396.22  
751.671	470.72  
752.071	386.91  
752.47	503.32   
752.869	442.78  
753.268	424.16  
753.668	521.94  
754.067	405.53  
754.466	426.49  
754.864	526.6   
755.263	433.47  
755.662	500.99  
756.061	498.66  
756.459	461.41  
756.858	466.07  
757.257	442.78  
757.655	424.16  
758.053	475.38  
758.452	433.47  
758.85	468.39   
759.248	484.69  
759.646	521.94  
760.045	431.14  
760.443	438.13  
760.841	468.39  
761.238	435.8   
761.636	459.08  
762.034	431.14  
762.432	412.52  
762.829	468.39  
763.227	438.13  
763.625	417.17  
764.022	468.39  
764.419	477.71  
764.817	552.21  
765.214	459.08  
765.611	498.66  
766.008	431.14  
766.406	412.52  
766.803	412.52  
767.199	449.77  
767.596	470.72  
767.993	449.77  
768.39	417.17   
768.787	421.83  
769.183	487.02  
769.58	447.44   
769.977	463.74  
770.373	484.69  
770.769	496.33  
771.166	417.17  
771.562	514.96  
771.958	428.82  
772.354	491.68  
772.75	449.77   
773.146	428.82  
773.542	473.05  
773.938	412.52  
774.334	405.53  
774.73	459.08   
775.126	440.46  
775.521	396.22  
775.917	412.52  
776.312	480.03  
776.708	421.83  
777.103	528.93  
777.499	386.91  
777.894	440.46  
778.289	377.6   
778.684	398.55  
779.079	410.19  
779.474	372.94  
779.869	459.08  
780.264	391.57  
780.659	456.75  
781.054	421.83  
781.448	459.08  
781.843	468.39  
782.238	375.27  
782.632	412.52  
783.027	398.55  
783.421	445.11  
783.815	403.21  
784.21	514.96   
784.604	375.27  
784.998	433.47  
785.392	480.03  
785.786	417.17  
786.18	440.46   
786.574	365.96  
786.968	419.5   
787.361	475.38  
787.755	438.13  
788.149	398.55  
788.542	398.55  
788.936	393.89  
789.329	412.52  
789.722	375.27  
790.116	447.44  
790.509	428.82  
790.902	375.27  
791.295	459.08  
791.688	445.11  
792.081	454.43  
792.474	375.27  
792.867	445.11  
793.26	473.05   
793.653	358.97  
794.045	414.85  
794.438	407.86  
794.83	386.91   
795.223	414.85  
795.615	489.35  
796.008	447.44  
796.4	400.88    
796.792	424.16  
797.184	461.41  
797.576	410.19  
797.968	491.68  
798.36	500.99   
798.752	391.57  
799.144	410.19  
799.536	440.46  
799.928	484.69  
800.319	377.6   
800.711	473.05  
801.102	375.27  
801.494	365.96  
801.885	365.96  
802.276	414.85  
802.668	391.57  
803.059	477.71  
803.45	375.27   
803.841	393.89  
804.232	382.25  
804.623	370.61  
805.014	407.86  
805.405	393.89  
805.795	379.92  
806.186	431.14  
806.577	372.94  
806.967	372.94  
807.358	449.77  
807.748	424.16  
808.139	351.99  
808.529	384.58  
808.919	398.55  
809.309	445.11  
809.699	447.44  
810.089	442.78  
810.479	426.49  
810.869	405.53  
811.259	372.94  
811.649	412.52  
812.039	442.78  
812.428	354.31  
812.818	345     
813.207	361.3   
813.597	445.11  
813.986	400.88  
814.376	421.83  
814.765	417.17  
815.154	410.19  
815.543	349.66  
815.932	449.77  
816.321	398.55  
816.71	461.41   
817.099	440.46  
817.488	428.82  
817.877	449.77  
818.265	419.5   
818.654	391.57  
819.043	412.52  
819.431	426.49  
819.819	538.24  
820.208	435.8   
820.596	412.52  
820.984	496.33  
821.372	494     
821.761	475.38  
822.149	433.47  
822.537	421.83  
822.924	426.49  
823.312	393.89  
823.7	365.96    
824.088	498.66  
824.475	435.8   
824.863	396.22  
825.251	459.08  
825.638	384.58  
826.025	414.85  
826.413	480.03  
826.8	438.13    
827.187	403.21  
827.574	365.96  
827.961	405.53  
828.348	470.72  
828.735	351.99  
829.122	435.8   
829.509	407.86  
829.896	396.22  
830.282	363.63  
830.669	414.85  
831.055	447.44  
831.442	405.53  
831.828	377.6   
832.215	393.89  
832.601	428.82  
832.987	398.55  
833.373	377.6   
833.759	414.85  
834.145	370.61  
834.531	412.52  
834.917	386.91  
835.303	456.75  
835.689	386.91  
836.074	331.03  
836.46	445.11   
836.846	433.47  
837.231	389.24  
837.617	419.5   
838.002	447.44  
838.387	345     
838.772	461.41  
839.158	345     
839.543	426.49  
839.928	426.49  
840.313	449.77  
840.698	447.44  
841.082	445.11  
841.467	438.13  
841.852	442.78  
842.237	407.86  
842.621	393.89  
843.006	414.85  
843.39	338.02   
843.774	470.72  
844.159	442.78  
844.543	393.89  
844.927	433.47  
845.311	393.89  
845.695	447.44  
846.079	414.85  
846.463	389.24  
846.847	396.22  
847.231	389.24  
847.615	393.89  
847.998	368.28  
848.382	419.5   
848.765	447.44  
849.149	424.16  
849.532	468.39  
849.916	400.88  
850.299	361.3   
850.682	384.58  
851.065	428.82  
851.448	403.21  
851.831	435.8   
852.214	386.91  
852.597	393.89  
852.98	412.52   
853.363	393.89  
853.745	433.47  
854.128	428.82  
854.51	459.08   
854.893	398.55  
855.275	435.8   
855.658	400.88  
856.04	398.55   
856.422	440.46  
856.804	405.53  
857.186	438.13  
857.568	347.33  
857.95	400.88   
858.332	412.52  
858.714	372.94  
859.096	412.52  
859.477	403.21  
859.859	333.36  
860.24	426.49   
860.622	361.3   
861.003	356.64  
861.385	407.86  
861.766	424.16  
862.147	405.53  
862.528	382.25  
862.909	347.33  
863.29	391.57   
863.671	433.47  
864.052	410.19  
864.433	347.33  
864.814	435.8   
865.194	351.99  
865.575	452.1   
865.955	403.21  
866.336	407.86  
866.716	326.38  
867.097	419.5   
867.477	372.94  
867.857	375.27  
868.237	442.78  
868.617	379.92  
868.997	426.49  
869.377	417.17  
869.757	328.71  
870.137	354.31  
870.517	377.6   
870.896	358.97  
871.276	452.1   
871.655	407.86  
872.035	379.92  
872.414	391.57  
872.794	372.94  
873.173	400.88  
873.552	442.78  
873.931	433.47  
874.31	426.49   
874.689	431.14  
875.068	445.11  
875.447	400.88  
875.826	358.97  
876.205	456.75  
876.583	398.55  
876.962	331.03  
877.341	361.3   
877.719	400.88  
878.097	361.3   
878.476	433.47  
878.854	363.63  
879.232	433.47  
879.61	519.61   
879.988	372.94  
880.366	400.88  
880.744	435.8   
881.122	386.91  
881.5	377.6     
881.878	351.99  
882.255	370.61  
882.633	349.66  
883.011	377.6   
883.388	438.13  
883.765	424.16  
884.143	358.97  
884.52	368.28   
884.897	470.72  
885.274	440.46  
885.651	433.47  
886.028	331.03  
886.405	400.88  
886.782	428.82  
887.159	393.89  
887.536	391.57  
887.912	419.5   
888.289	412.52  
888.665	435.8   
889.042	412.52  
889.418	370.61  
889.794	500.99  
890.171	412.52  
890.547	438.13  
890.923	421.83  
891.299	391.57  
891.675	396.22  
892.051	412.52  
892.427	347.33  
892.803	398.55  
893.178	403.21  
893.554	396.22  
893.929	403.21  
894.305	384.58  
894.68	410.19   
895.056	417.17  
895.431	377.6   
895.806	440.46  
896.181	384.58  
896.557	347.33  
896.932	340.35  
897.307	391.57  
897.681	389.24  
898.056	384.58  
898.431	328.71  
898.806	377.6   
899.18	361.3    
899.555	438.13  
899.929	473.05  
900.304	468.39  
900.678	438.13  
901.052	419.5   
901.427	449.77  
901.801	368.28  
902.175	435.8   
902.549	459.08  
902.923	417.17  
903.297	445.11  
903.67	461.41   
904.044	382.25  
904.418	407.86  
904.791	433.47  
905.165	442.78  
905.538	447.44  
905.912	379.92  
906.285	433.47  
906.658	447.44  
907.032	456.75  
907.405	445.11  
907.778	419.5   
908.151	438.13  
908.524	407.86  
908.896	412.52  
909.269	396.22  
909.642	319.39  
910.015	445.11  
910.387	461.41  
910.76	412.52   
911.132	363.63  
911.504	393.89  
911.877	424.16  
912.249	377.6   
912.621	440.46  
912.993	431.14  
913.365	351.99  
913.737	386.91  
914.109	372.94  
914.481	393.89  
914.853	412.52  
915.224	386.91  
915.596	354.31  
915.968	431.14  
916.339	421.83  
916.71	468.39   
917.082	428.82  
917.453	435.8   
917.824	398.55  
918.195	426.49  
918.566	403.21  
918.937	412.52  
919.308	331.03  
919.679	331.03  
920.05	358.97   
920.421	426.49  
920.791	393.89  
921.162	396.22  
921.532	438.13  
921.903	396.22  
922.273	363.63  
922.644	351.99  
923.014	433.47  
923.384	407.86  
923.754	484.69  
924.124	365.96  
924.494	368.28  
924.864	363.63  
925.234	345     
925.604	389.24  
925.973	398.55  
926.343	470.72  
926.712	389.24  
927.082	398.55  
927.451	363.63  
927.821	386.91  
928.19	480.03   
928.559	391.57  
928.928	396.22  
929.297	328.71  
929.666	489.35  
930.035	461.41  
930.404	463.74  
930.773	368.28  
931.142	375.27  
931.51	386.91   
931.879	424.16  
932.247	424.16  
932.616	447.44  
932.984	477.71  
933.353	428.82  
933.721	410.19  
934.089	442.78  
934.457	370.61  
934.825	421.83  
935.193	431.14  
935.561	407.86  
935.929	391.57  
936.296	391.57  
936.664	412.52  
937.032	431.14  
937.399	358.97  
937.767	473.05  
938.134	412.52  
938.501	445.11  
938.869	338.02  
939.236	368.28  
939.603	428.82  
939.97	384.58   
940.337	452.1   
940.704	370.61  
941.071	424.16  
941.438	454.43  
941.804	338.02  
942.171	414.85  
942.538	480.03  
942.904	382.25  
943.27	368.28   
943.637	421.83  
944.003	391.57  
944.369	400.88  
944.735	417.17  
945.102	382.25  
945.468	417.17  
945.833	379.92  
946.199	440.46  
946.565	428.82  
946.931	407.86  
947.296	414.85  
947.662	414.85  
948.028	412.52  
948.393	412.52  
948.758	414.85  
949.124	368.28  
949.489	391.57  
949.854	407.86  
950.219	328.71  
950.584	382.25  
950.949	447.44  
951.314	384.58  
951.679	470.72  
952.044	421.83  
952.408	445.11  
952.773	342.67  
953.137	375.27  
953.502	377.6   
953.866	356.64  
954.231	363.63  
954.595	480.03  
954.959	412.52  
955.323	452.1   
955.687	361.3   
956.051	445.11  
956.415	452.1   
956.779	375.27  
957.143	396.22  
957.506	410.19  
957.87	382.25   
958.234	414.85  
958.597	468.39  
958.961	386.91  
959.324	421.83  
959.687	389.24  
960.05	419.5    
960.413	426.49  
960.776	372.94  
961.139	375.27  
961.502	326.38  
961.865	435.8   
962.228	438.13  
962.591	365.96  
962.953	412.52  
963.316	426.49  
963.678	428.82  
964.041	389.24  
964.403	375.27  
964.765	351.99  
965.128	363.63  
965.49	333.36   
965.852	363.63  
966.214	338.02  
966.576	400.88  
966.938	389.24  
967.299	386.91  
967.661	435.8   
968.023	445.11  
968.384	370.61  
968.746	452.1   
969.107	419.5   
969.469	405.53  
969.83	414.85   
970.191	410.19  
970.552	456.75  
970.913	333.36  
971.274	424.16  
971.635	438.13  
971.996	407.86  
972.357	379.92  
972.718	386.91  
973.078	386.91  
973.439	389.24  
973.8	452.1     
974.16	447.44   
974.52	396.22   
974.881	442.78  
975.241	303.1   
975.601	368.28  
975.961	421.83  
976.321	456.75  
976.681	456.75  
977.041	377.6   
977.401	382.25  
977.76	384.58   
978.12	356.64   
978.48	398.55   
978.839	391.57  
979.199	361.3   
979.558	524.27  
979.917	421.83  
980.277	419.5   
980.636	389.24  
980.995	400.88  
981.354	338.02  
981.713	393.89  
982.072	379.92  
982.43	372.94   
982.789	412.52  
983.148	370.61  
983.506	412.52  
983.865	377.6   
984.223	463.74  
984.582	426.49  
984.94	396.22   
985.298	412.52  
985.656	400.88  
986.015	433.47  
986.373	396.22  
986.731	391.57  
987.088	370.61  
987.446	351.99  
987.804	447.44  
988.162	386.91  
988.519	342.67  
988.877	391.57  
989.234	345     
989.591	445.11  
989.949	480.03  
990.306	456.75  
990.663	338.02  
991.02	365.96   
991.377	391.57  
991.734	424.16  
992.091	375.27  
992.448	314.74  
992.805	365.96  
993.161	379.92  
993.518	414.85  
993.874	393.89  
994.231	368.28  
994.587	412.52  
994.943	372.94  
995.3	447.44    
995.656	365.96  
996.012	382.25  
996.368	375.27  
996.724	412.52  
997.08	379.92   
997.435	356.64  
997.791	435.8   
998.147	393.89  
998.502	361.3   
998.858	349.66  
999.213	356.64  
999.569	424.16  
999.924	384.58  
1000.279	414.85 
1000.634	424.16 
1000.989	417.17 
1001.344	354.31 
1001.699	477.71 
1002.054	354.31 
1002.409	377.6  
1002.764	382.25 
1003.118	473.05 
1003.473	403.21 
1003.827	421.83 
1004.182	382.25 
1004.536	421.83 
1004.89	349.66  
1005.245	403.21 
1005.599	454.43 
1005.953	454.43 
1006.307	389.24 
1006.661	382.25 
1007.015	440.46 
1007.368	438.13 
1007.722	349.66 
1008.076	396.22 
1008.429	356.64 
1008.783	445.11 
1009.136	389.24 
1009.489	368.28 
1009.843	433.47 
1010.196	445.11 
1010.549	382.25 
1010.902	386.91 
1011.255	340.35 
1011.608	391.57 
1011.961	470.72 
1012.313	431.14 
1012.666	424.16 
1013.019	428.82 
1013.371	333.36 
1013.724	345    
1014.076	426.49 
1014.428	368.28 
1014.781	370.61 
1015.133	405.53 
1015.485	370.61 
1015.837	377.6  
1016.189	382.25 
1016.541	428.82 
1016.893	372.94 
1017.244	442.78 
1017.596	326.38 
1017.947	412.52 
1018.299	407.86 
1018.65	384.58  
1019.002	428.82 
1019.353	468.39 
1019.704	440.46 
1020.055	405.53 
1020.407	407.86 
1020.758	324.05 
1021.108	454.43 
1021.459	398.55 
1021.81	368.28  
1022.161	382.25 
1022.511	480.03 
1022.862	382.25 
1023.213	438.13 
1023.563	428.82 
1023.913	361.3  
1024.264	396.22 
1024.614	435.8  
1024.964	379.92 
1025.314	384.58 
1025.664	382.25 
1026.014	428.82 
1026.364	354.31 
1026.713	410.19 
1027.063	473.05 
1027.413	375.27 
1027.762	379.92 
1028.112	398.55 
1028.461	426.49 
1028.81	391.57  
1029.16	459.08  
1029.509	438.13 
1029.858	303.1  
1030.207	438.13 
1030.556	398.55 
1030.905	412.52 
1031.254	370.61 
1031.602	358.97 
1031.951	435.8  
1032.3	396.22   
1032.648	338.02 
1032.996	338.02 
1033.345	338.02 