187.879	2.18    
188.346	2.18    
188.813	2.18    
189.28	-90.94   
189.747	-37.4   
190.214	-111.9  
190.681	-69.99  
191.148	-93.27  
191.614	-111.9  
192.081	-23.43  
192.548	-4.8    
193.014	-72.32  
193.481	-32.74  
193.948	4.51    
194.414	34.78   
194.881	72.03   
195.347	-4.8    
195.813	95.31   
196.28	86       
196.746	76.68   
197.212	155.84  
197.678	193.09  
198.145	153.51  
198.611	195.42  
199.077	209.39  
199.543	183.78  
200.009	258.28  
200.475	258.28  
200.941	232.67  
201.407	286.22  
201.873	332.78  
202.338	314.15  
202.804	328.12  
203.27	404.95   
203.735	342.09  
204.201	351.4   
204.667	318.81  
205.132	386.33  
205.598	397.97  
206.063	309.5   
206.529	374.69  
206.994	325.8   
207.459	374.69  
207.925	449.19  
208.39	418.92   
208.855	409.61  
209.32	358.39   
209.785	423.58  
210.25	381.67   
210.715	395.64  
211.18	372.36   
211.645	332.78  
212.11	407.28   
212.575	409.61  
213.04	384      
213.504	358.39  
213.969	342.09  
214.434	346.75  
214.899	437.55  
215.363	432.89  
215.828	342.09  
216.292	444.53  
216.757	335.11  
217.221	437.55  
217.685	574.91  
218.15	323.47   
218.614	314.15  
219.078	358.39  
219.542	353.73  
220.007	411.94  
220.471	407.28  
220.935	379.34  
221.399	356.06  
221.863	353.73  
222.327	395.64  
222.791	416.59  
223.254	384     
223.718	358.39  
224.182	372.36  
224.646	388.65  
225.109	337.44  
225.573	283.89  
226.037	384     
226.5	390.98    
226.964	309.5   
227.427	353.73  
227.89	323.47   
228.354	372.36  
228.817	428.23  
229.28	386.33   
229.744	390.98  
230.207	337.44  
230.67	367.7    
231.133	353.73  
231.596	379.34  
232.059	400.3   
232.522	377.01  
232.985	374.69  
233.448	395.64  
233.911	332.78  
234.374	353.73  
234.836	411.94  
235.299	297.86  
235.762	374.69  
236.224	374.69  
236.687	349.08  
237.149	390.98  
237.612	395.64  
238.074	363.05  
238.537	442.2   
238.999	379.34  
239.461	414.26  
239.924	258.28  
240.386	404.95  
240.848	407.28  
241.31	435.22   
241.772	384     
242.234	374.69  
242.696	384     
243.158	421.25  
243.62	421.25   
244.082	423.58  
244.544	451.51  
245.006	335.11  
245.468	372.36  
245.929	404.95  
246.391	370.03  
246.852	402.62  
247.314	432.89  
247.776	335.11  
248.237	384     
248.698	402.62  
249.16	404.95   
249.621	374.69  
250.082	377.01  
250.544	404.95  
251.005	423.58  
251.466	425.91  
251.927	400.3   
252.388	309.5   
252.849	430.56  
253.31	388.65   
253.771	425.91  
254.232	428.23  
254.693	428.23  
255.154	395.64  
255.615	374.69  
256.075	407.28  
256.536	372.36  
256.997	358.39  
257.457	314.15  
257.918	390.98  
258.378	379.34  
258.839	409.61  
259.299	356.06  
259.759	370.03  
260.22	437.55   
260.68	351.4    
261.14	372.36   
261.6	414.26    
262.06	421.25   
262.521	400.3   
262.981	411.94  
263.441	400.3   
263.901	411.94  
264.36	432.89   
264.82	344.42   
265.28	377.01   
265.74	395.64   
266.2	409.61    
266.659	393.31  
267.119	418.92  
267.579	351.4   
268.038	379.34  
268.498	358.39  
268.957	465.48  
269.416	442.2   
269.876	407.28  
270.335	407.28  
270.794	384     
271.254	437.55  
271.713	365.37  
272.172	402.62  
272.631	407.28  
273.09	400.3    
273.549	423.58  
274.008	432.89  
274.467	428.23  
274.926	379.34  
275.385	446.86  
275.843	379.34  
276.302	351.4   
276.761	381.67  
277.22	384      
277.678	316.48  
278.137	402.62  
278.595	402.62  
279.054	390.98  
279.512	404.95  
279.97	404.95   
280.429	325.8   
280.887	344.42  
281.345	400.3   
281.803	393.31  
282.262	435.22  
282.72	372.36   
283.178	395.64  
283.636	390.98  
284.094	395.64  
284.552	509.72  
285.01	414.26   
285.467	393.31  
285.925	428.23  
286.383	407.28  
286.841	463.16  
287.298	384     
287.756	418.92  
288.213	442.2   
288.671	463.16  
289.128	407.28  
289.586	381.67  
290.043	456.17  
290.5	360.72    
290.958	458.5   
291.415	411.94  
291.872	414.26  
292.329	409.61  
292.786	463.16  
293.243	372.36  
293.7	446.86    
294.157	365.37  
294.614	414.26  
295.071	337.44  
295.528	372.36  
295.985	409.61  
296.441	414.26  
296.898	439.87  
297.355	386.33  
297.811	335.11  
298.268	386.33  
298.724	467.81  
299.181	390.98  
299.637	411.94  
300.094	465.48  
300.55	416.59   
301.006	404.95  
301.462	367.7   
301.919	423.58  
302.375	442.2   
302.831	439.87  
303.287	421.25  
303.743	370.03  
304.199	384     
304.655	365.37  
305.11	423.58   
305.566	386.33  
306.022	402.62  
306.478	437.55  
306.933	423.58  
307.389	402.62  
307.845	467.81  
308.3	409.61    
308.756	400.3   
309.211	351.4   
309.666	409.61  
310.122	358.39  
310.577	456.17  
311.032	418.92  
311.487	439.87  
311.943	386.33  
312.398	397.97  
312.853	381.67  
313.308	418.92  
313.763	432.89  
314.218	435.22  
314.672	397.97  
315.127	516.7   
315.582	409.61  
316.037	360.72  
316.492	439.87  
316.946	463.16  
317.401	370.03  
317.855	395.64  
318.31	374.69   
318.764	377.01  
319.219	439.87  
319.673	388.65  
320.127	439.87  
320.582	372.36  
321.036	416.59  
321.49	381.67   
321.944	477.12  
322.398	446.86  
322.852	386.33  
323.306	458.5   
323.76	404.95   
324.214	437.55  
324.668	400.3   
325.122	351.4   
325.575	437.55  
326.029	379.34  
326.483	390.98  
326.936	446.86  
327.39	481.78   
327.843	418.92  
328.297	374.69  
328.75	442.2    
329.204	446.86  
329.657	486.44  
330.11	502.73   
330.564	451.51  
331.017	481.78  
331.47	423.58   
331.923	423.58  
332.376	353.73  
332.829	430.56  
333.282	453.84  
333.735	439.87  
334.188	439.87  
334.641	377.01  
335.093	377.01  
335.546	416.59  
335.999	390.98  
336.451	418.92  
336.904	472.47  
337.356	463.16  
337.809	463.16  
338.261	358.39  
338.714	358.39  
339.166	463.16  
339.618	425.91  
340.07	393.31   
340.523	449.19  
340.975	393.31  
341.427	402.62  
341.879	453.84  
342.331	418.92  
342.783	409.61  
343.235	451.51  
343.687	386.33  
344.138	388.65  
344.59	432.89   
345.042	409.61  
345.494	449.19  
345.945	430.56  
346.397	430.56  
346.848	472.47  
347.3	381.67    
347.751	381.67  
348.203	367.7   
348.654	339.76  
349.105	444.53  
349.556	404.95  
350.008	363.05  
350.459	430.56  
350.91	467.81   
351.361	416.59  
351.812	430.56  
352.263	423.58  
352.714	432.89  
353.165	404.95  
353.615	430.56  
354.066	428.23  
354.517	435.22  
354.968	356.06  
355.418	421.25  
355.869	372.36  
356.319	404.95  
356.77	486.44   
357.22	414.26   
357.671	470.14  
358.121	432.89  
358.571	384     
359.021	428.23  
359.472	425.91  
359.922	430.56  
360.372	411.94  
360.822	446.86  
361.272	456.17  
361.722	463.16  
362.172	372.36  
362.622	507.39  
363.071	446.86  
363.521	418.92  
363.971	421.25  
364.42	432.89   
364.87	407.28   
365.32	488.77   
365.769	344.42  
366.219	400.3   
366.668	425.91  
367.117	467.81  
367.567	407.28  
368.016	363.05  
368.465	428.23  
368.914	411.94  
369.363	386.33  
369.812	435.22  
370.261	414.26  
370.71	400.3    
371.159	414.26  
371.608	449.19  
372.057	444.53  
372.506	411.94  
372.955	390.98  
373.403	360.72  
373.852	390.98  
374.301	430.56  
374.749	446.86  
375.198	418.92  
375.646	430.56  
376.094	474.8   
376.543	377.01  
376.991	404.95  
377.439	437.55  
377.887	465.48  
378.336	451.51  
378.784	365.37  
379.232	486.44  
379.68	353.73   
380.128	400.3   
380.576	477.12  
381.023	507.39  
381.471	437.55  
381.919	418.92  
382.367	335.11  
382.814	451.51  
383.262	342.09  
383.71	516.7    
384.157	395.64  
384.605	428.23  
385.052	425.91  
385.499	453.84  
385.947	472.47  
386.394	458.5   
386.841	400.3   
387.288	444.53  
387.735	365.37  
388.182	407.28  
388.63	442.2    
389.076	367.7   
389.523	346.75  
389.97	423.58   
390.417	435.22  
390.864	393.31  
391.311	388.65  
391.757	460.83  
392.204	439.87  
392.651	393.31  
393.097	372.36  
393.544	430.56  
393.99	416.59   
394.436	446.86  
394.883	460.83  
395.329	432.89  
395.775	400.3   
396.221	477.12  
396.668	363.05  
397.114	472.47  
397.56	444.53   
398.006	390.98  
398.452	414.26  
398.897	409.61  
399.343	430.56  
399.789	463.16  
400.235	488.77  
400.681	416.59  
401.126	404.95  
401.572	488.77  
402.017	425.91  
402.463	365.37  
402.908	393.31  
403.354	444.53  
403.799	374.69  
404.244	425.91  
404.689	456.17  
405.135	414.26  
405.58	463.16   
406.025	437.55  
406.47	439.87   
406.915	418.92  
407.36	486.44   
407.805	416.59  
408.25	451.51   
408.694	428.23  
409.139	432.89  
409.584	414.26  
410.029	411.94  
410.473	402.62  
410.918	414.26  
411.362	425.91  
411.807	388.65  
412.251	502.73  
412.695	465.48  
413.14	435.22   
413.584	453.84  
414.028	495.75  
414.472	437.55  
414.916	400.3   
415.36	388.65   
415.804	481.78  
416.248	474.8   
416.692	446.86  
417.136	460.83  
417.58	449.19   
418.024	495.75  
418.467	386.33  
418.911	414.26  
419.355	556.28  
419.798	432.89  
420.242	400.3   
420.685	491.09  
421.128	533     
421.572	505.06  
422.015	570.25  
422.458	512.05  
422.902	528.34  
423.345	577.23  
423.788	470.14  
424.231	474.8   
424.674	595.86  
425.117	654.06  
425.56	605.17   
426.003	584.22  
426.445	633.11  
426.888	675.02  
427.331	600.52  
427.773	721.58  
428.216	714.6   
428.659	791.42  
429.101	803.07  
429.543	826.35  
429.986	831     
430.428	798.41  
430.87	865.93   
431.313	879.89  
431.755	924.13  
432.197	917.14  
432.639	980     
433.081	991.64  
433.523	1073.13 
433.965	1191.87 
434.407	1226.79 
434.849	1182.55 
435.291	1245.41 
435.732	1312.93 
436.174	1345.52 
436.616	1482.88 
437.057	1485.21 
437.499	1603.95 
437.94	1708.71  
438.382	1808.82 
438.823	1853.06 
439.264	1887.98 
439.706	2006.72 
440.147	2134.76 
440.588	2225.56 
441.029	2300.06 
441.47	2488.64  
441.911	2479.33 
442.352	2560.82 
442.793	2775.01 
443.234	2989.19 
443.675	3012.48 
444.116	3152.17 
444.556	3301.17 
444.997	3408.26 
445.438	3575.89 
445.878	3876.22 
446.319	3820.34 
446.759	3987.97 
447.199	4199.83 
447.64	4358.15  
448.08	4721.34  
448.52	4865.68  
448.961	4986.74 
449.401	5382.53 
449.841	5424.44 
450.281	5857.47 
450.721	5971.55 
451.161	6227.65 
451.601	6523.32 
452.041	6730.53 
452.48	6933.08  
452.92	7137.95  
453.36	7685.07  
453.799	7508.13 
454.239	8104.13 
454.679	8318.32 
455.118	8458.01 
455.557	8790.94 
455.997	8609.34 
456.436	8981.84 
456.875	9047.03 
457.315	9242.6  
457.754	9819.98 
458.193	9426.52 
458.632	9659.33 
459.071	10073.75
459.51	9710.55  
459.949	9780.4  
460.388	9782.73 
460.827	9959.67 
461.265	9826.96 
461.704	9687.27 
462.143	9391.6  
462.581	9459.11 
463.02	9268.21  
463.458	9005.13 
463.897	8902.69 
464.335	8797.92 
464.774	8220.54 
465.212	8311.34 
465.65	8092.49  
466.088	7980.74 
466.527	7685.07 
466.965	7475.53 
467.403	7205.47 
467.841	6844.61 
468.279	6770.1  
468.716	6523.32 
469.154	6371.99 
469.592	5966.89 
470.03	6197.38  
470.467	5759.69 
470.905	6060.02 
471.343	5522.22 
471.78	5762.02  
472.218	5589.73 
472.655	5566.45 
473.092	5328.98 
473.53	5084.53  
473.967	5179.98 
474.404	4963.46 
474.841	4909.92 
475.278	4814.46 
475.716	4823.77 
476.153	4767.9  
476.589	4646.84 
477.026	4563.02 
477.463	4651.49 
477.9	4497.83   
478.337	4493.18 
478.773	4455.93 
479.21	4460.58  
479.647	4374.44 
480.083	4311.58 
480.52	4244.07  
480.956	3987.97 
481.392	3934.42 
481.829	3941.41 
482.265	3790.08 
482.701	3792.41 
483.137	3785.42 
483.574	3634.09 
484.01	3627.11  
484.446	3617.79 
484.882	3506.04 
485.317	3564.25 
485.753	3357.04 
486.189	3256.93 
486.625	3228.99 
487.061	3317.46 
487.496	3154.49 
487.932	3103.27 
488.367	3145.18 
488.803	3024.12 
489.238	3031.1  
489.674	2851.83 
490.109	2933.32 
490.544	2870.46 
490.979	2740.08 
491.415	2721.46 
491.85	2649.29  
492.285	2672.57 
492.72	2653.94  
493.155	2593.41 
493.59	2626     
494.024	2474.67 
494.459	2477    
494.894	2584.1  
495.329	2474.67 
495.763	2416.47 
496.198	2418.8  
496.632	2542.19 
497.067	2530.55 
497.501	2395.52 
497.936	2237.2  
498.37	2372.24  
498.804	2365.25 
499.238	2274.45 
499.673	2383.88 
500.107	2393.19 
500.541	2288.42 
500.975	2304.72 
501.409	2244.19 
501.843	2332.66 
502.277	2341.97 
502.71	2344.3   
503.144	2344.3  
503.578	2225.56 
504.011	2302.39 
504.445	2255.83 
504.878	2297.74 
505.312	2348.95 
505.745	2286.09 
506.179	2449.06 
506.612	2369.91 
507.045	2386.2  
507.479	2369.91 
507.912	2325.67 
508.345	2425.78 
508.778	2521.24 
509.211	2588.75 
509.644	2446.74 
510.077	2600.39 
510.509	2572.46 
510.942	2605.05 
511.375	2574.78 
511.808	2735.43 
512.24	2719.13  
512.673	2770.35 
513.105	2861.15 
513.538	2842.52 
513.97	2833.21  
514.403	2802.94 
514.835	2847.18 
515.267	3082.32 
515.699	2989.19 
516.131	3054.38 
516.564	3138.2  
516.996	3177.77 
517.428	3189.42 
517.859	3231.32 
518.291	3208.04 
518.723	3324.45 
519.155	3338.42 
519.587	3410.59 
520.018	3403.6  
520.45	3387.31  
520.881	3389.64 
521.313	3550.28 
521.744	3520.01 
522.176	3657.37 
522.607	3587.53 
523.038	3552.61 
523.47	3715.58  
523.901	3617.79 
524.332	3745.84 
524.763	3720.23 
525.194	3955.38 
525.625	3752.83 
526.056	4011.25 
526.487	3943.73 
526.917	3932.09 
527.348	3852.94 
527.779	4041.52 
528.21	4192.85  
528.64	4053.16  
529.071	4041.52 
529.501	4332.54 
529.932	4092.74 
530.362	4288.3  
530.792	4274.33 
531.222	4320.89 
531.653	4292.96 
532.083	4327.88 
532.513	4211.47 
532.943	4348.83 
533.373	4544.4  
533.803	4451.27 
534.233	4481.54 
534.663	4558.37 
535.092	4539.74 
535.522	4614.24 
535.952	4716.68 
536.381	4539.74 
536.811	4625.88 
537.24	4574.66  
537.67	4514.13  
538.099	4677.1  
538.529	4616.57 
538.958	4653.82 
539.387	4674.77 
539.816	4751.6  
540.245	4660.8  
540.674	4705.04 
541.103	4854.04 
541.532	4833.09 
541.961	4819.12 
542.39	4774.88  
542.819	4656.15 
543.248	4958.81 
543.676	4763.24 
544.105	4788.85 
544.534	4835.42 
544.962	4935.53 
545.391	4877.32 
545.819	5072.89 
546.247	4856.37 
546.676	5047.28 
547.104	4828.43 
547.532	4881.98 
547.96	4956.48  
548.388	4858.7  
548.816	4837.74 
549.244	4826.1  
549.672	4884.31 
550.1	4968.12   
550.528	5026.32 
550.956	5152.04 
551.383	5056.59 
551.811	5133.42 
552.238	4998.39 
552.666	5044.95 
553.094	5061.25 
553.521	5051.93 
553.948	4870.34 
554.376	5012.35 
554.803	4909.92 
555.23	5021.67  
555.657	4900.6  
556.084	5047.28 
556.511	5070.56 
556.938	4954.15 
557.365	5117.12 
557.792	5023.99 
558.219	5028.65 
558.646	4728.32 
559.072	4874.99 
559.499	4998.39 
559.926	4863.35 
560.352	4935.53 
560.779	5217.23 
561.205	5161.36 
561.632	4984.42 
562.058	4898.28 
562.484	4954.15 
562.91	5070.56  
563.337	5093.84 
563.763	5019.34 
564.189	5065.9  
564.615	4968.12 
565.041	5156.7  
565.466	4977.43 
565.892	5149.71 
566.318	5126.43 
566.744	5105.48 
567.169	5063.57 
567.595	5212.57 
568.021	5145.06 
568.446	5054.26 
568.872	5177.65 
569.297	5003.04 
569.722	4975.1  
570.148	5012.35 
570.573	5026.32 
570.998	4884.31 
571.423	4902.93 
571.848	4912.24 
572.273	5056.59 
572.698	4886.63 
573.123	4970.45 
573.548	4937.85 
573.973	4816.79 
574.397	4702.71 
574.822	4779.54 
575.247	4658.48 
575.671	4567.68 
576.096	4721.34 
576.52	4712.02  
576.944	4865.68 
577.369	4628.21 
577.793	4635.19 
578.217	4553.71 
578.641	4525.77 
579.065	4602.6  
579.49	4493.18  
579.914	4518.79 
580.337	4451.27 
580.761	4367.46 
581.185	4493.18 
581.609	4416.35 
582.033	4409.36 
582.456	4465.24 
582.88	4502.49  
583.303	4369.79 
583.727	4292.96 
584.15	4355.82  
584.574	4383.75 
584.997	4379.1  
585.42	4260.36  
585.844	4223.11 
586.267	4318.57 
586.69	4188.19  
587.113	4125.33 
587.536	4295.29 
587.959	4076.44 
588.382	4202.16 
588.804	4230.1  
589.227	4055.49 
589.65	4064.8   
590.073	4025.22 
590.495	3985.64 
590.918	4036.86 
591.34	4071.78  
591.763	4104.38 
592.185	4022.89 
592.607	3911.14 
593.03	4034.53  
593.452	3925.11 
593.874	3969.34 
594.296	4027.55 
594.718	4036.86 
595.14	3971.67  
595.562	4034.53 
595.984	3887.86 
596.406	3848.28 
596.827	3913.47 
597.249	4067.13 
597.671	3859.92 
598.092	3955.38 
598.514	3925.11 
598.935	3892.52 
599.357	3899.5  
599.778	3950.72 
600.199	3946.06 
600.621	4113.69 
601.042	3892.52 
601.463	4034.53 
601.884	4046.17 
602.305	4081.1  
602.726	3978.66 
603.147	3990.3  
603.568	3976.33 
603.988	4057.81 
604.409	4004.27 
604.83	3920.45  
605.25	4085.75  
605.671	4032.2  
606.092	3825    
606.512	4018.24 
606.932	3836.64 
607.353	3811.03 
607.773	3804.05 
608.193	3829.66 
608.613	3797.06 
609.034	3678.33 
609.454	3659.7  
609.874	3610.81 
610.293	3673.67 
610.713	3568.9  
611.133	3580.54 
611.553	3450.17 
611.973	3443.18 
612.392	3564.25 
612.812	3403.6  
613.231	3410.59 
613.651	3354.71 
614.07	3238.31  
614.49	3359.37  
614.909	3089.31 
615.328	3119.57 
615.747	3077.66 
616.167	3284.87 
616.586	3140.52 
617.005	3163.81 
617.424	3049.73 
617.843	3038.09 
618.261	3047.4  
618.68	2937.98  
619.099	2921.68 
619.518	3010.15 
619.936	3031.1  
620.355	2919.35 
620.773	2903.05 
621.192	2795.96 
621.61	2751.72  
622.029	2660.93 
622.447	2833.21 
622.865	2823.9  
623.283	2788.97 
623.701	2637.64 
624.119	2823.9  
624.537	2681.88 
624.955	2667.91 
625.373	2577.11 
625.791	2602.72 
626.209	2630.66 
626.627	2612.04 
627.044	2483.99 
627.462	2460.71 
627.879	2493.3  
628.297	2423.46 
628.714	2344.3  
629.132	2428.11 
629.549	2546.85 
629.966	2442.08 
630.383	2355.94 
630.8	2288.42   
631.217	2390.86 
631.634	2344.3  
632.051	2374.56 
632.468	2295.41 
632.885	2251.17 
633.302	2241.86 
633.719	2265.14 
634.135	2206.94 
634.552	2227.89 
634.969	2274.45 
635.385	2232.55 
635.801	2099.84 
636.218	2099.84 
636.634	2104.5  
637.05	2155.72  
637.467	2181.33 
637.883	2125.45 
638.299	1999.73 
638.715	2039.31 
639.131	2041.64 
639.547	2011.37 
639.963	2006.72 
640.378	1939.2  
640.794	1974.12 
641.21	1927.56  
641.626	1960.15 
642.041	1934.54 
642.457	1890.31 
642.872	1955.5  
643.287	1853.06 
643.703	1855.39 
644.118	1906.61 
644.533	1787.87 
644.948	1797.18 
645.364	1890.31 
645.779	1825.12 
646.194	1832.11 
646.609	1843.75 
647.023	1867.03 
647.438	1662.15 
647.853	1792.53 
648.268	1729.67 
648.682	1685.43 
649.097	1752.95 
649.511	1673.79 
649.926	1673.79 
650.34	1799.51  
650.755	1648.18 
651.169	1769.25 
651.583	1655.17 
651.997	1734.32 
652.411	1564.37 
652.825	1699.4  
653.239	1536.43 
653.653	1524.79 
654.067	1541.09 
654.481	1638.87 
654.895	1562.04 
655.309	1601.62 
655.722	1608.6  
656.136	1501.51 
656.549	1503.84 
656.963	1445.63 
657.376	1559.71 
657.79	1566.7   
658.203	1415.37 
658.616	1478.23 
659.029	1443.31 
659.442	1450.29 
659.855	1433.99 
660.268	1415.37 
660.681	1408.38 
661.094	1382.77 
661.507	1291.98 
661.92	1364.15  
662.333	1438.65 
662.745	1359.49 
663.158	1413.04 
663.57	1338.54  
663.983	1291.98 
664.395	1287.32 
664.808	1284.99 
665.22	1203.51  
665.632	1250.07 
666.044	1343.2  
666.456	1229.12 
666.868	1322.24 
667.28	1252.4   
667.692	1289.65 
668.104	1215.15 
668.516	1257.05 
668.928	1117.36 
669.34	1189.54  
669.751	1296.63 
670.163	1194.19 
670.574	1173.24 
670.986	1163.93 
671.397	1142.97 
671.809	1173.24 
672.22	1159.27  
672.631	1149.96 
673.042	1145.3  
673.453	1101.07 
673.864	1145.3  
674.275	1156.94 
674.686	1049.85 
675.097	1056.83 
675.508	1122.02 
675.919	1159.27 
676.33	1014.93  
676.74	1035.88  
677.151	1035.88 
677.561	1045.19 
677.972	1073.13 
678.382	1028.9  
678.792	1028.9  
679.203	945.08  
679.613	1042.86 
680.023	926.46  
680.433	989.32  
680.843	1049.85 
681.253	961.38  
681.663	1000.96 
682.073	947.41  
682.483	968.36  
682.893	914.82  
683.302	973.02  
683.712	961.38  
684.122	970.69  
684.531	884.55  
684.94	833.33   
685.35	914.82   
685.759	856.61  
686.168	828.67  
686.578	870.58  
686.987	975.35  
687.396	959.05  
687.805	1005.61 
688.214	837.99  
688.623	868.25  
689.032	779.78  
689.44	810.05   
689.849	856.61  
690.258	847.3   
690.666	791.42  
691.075	751.85  
691.484	833.33  
691.892	865.93  
692.3	833.33    
692.709	730.89  
693.117	835.66  
693.525	784.44  
693.933	819.36  
694.341	854.28  
694.749	733.22  
695.157	775.13  
695.565	707.61  
695.973	763.49  
696.381	714.6   
696.788	765.81  
697.196	726.24  
697.604	740.21  
698.011	735.55  
698.419	705.28  
698.826	749.52  
699.234	772.8   
699.641	733.22  
700.048	726.24  
700.455	700.63  
700.862	686.66  
701.269	730.89  
701.676	807.72  
702.083	661.05  
702.49	642.42   
702.897	663.38  
703.304	668.03  
703.71	663.38   
704.117	693.64  
704.524	623.8   
704.93	679.67   
705.337	672.69  
705.743	609.83  
706.149	668.03  
706.556	758.83  
706.962	675.02  
707.368	688.99  
707.774	668.03  
708.18	640.09   
708.586	733.22  
708.992	672.69  
709.398	702.95  
709.804	677.35  
710.209	533     
710.615	682     
711.021	651.74  
711.426	616.81  
711.832	663.38  
712.237	661.05  
712.642	609.83  
713.048	595.86  
713.453	623.8   
713.858	609.83  
714.263	549.3   
714.668	588.88  
715.073	586.55  
715.478	595.86  
715.883	565.59  
716.288	595.86  
716.693	684.33  
717.097	637.77  
717.502	661.05  
717.906	626.13  
718.311	591.2   
718.715	584.22  
719.12	593.53   
719.524	595.86  
719.928	623.8   
720.333	574.91  
720.737	556.28  
721.141	546.97  
721.545	558.61  
721.949	572.58  
722.353	528.34  
722.757	640.09  
723.16	584.22   
723.564	600.52  
723.968	560.94  
724.371	565.59  
724.775	588.88  
725.178	602.84  
725.582	439.87  
725.985	553.95  
726.388	528.34  
726.792	530.67  
727.195	565.59  
727.598	502.73  
728.001	570.25  
728.404	523.69  
728.807	512.05  
729.21	537.66   
729.612	512.05  
730.015	530.67  
730.418	502.73  
730.82	498.08   
731.223	519.03  
731.625	558.61  
732.028	507.39  
732.43	507.39   
732.833	505.06  
733.235	444.53  
733.637	512.05  
734.039	560.94  
734.441	551.63  
734.843	549.3   
735.245	565.59  
735.647	498.08  
736.049	498.08  
736.451	567.92  
736.852	572.58  
737.254	467.81  
737.655	509.72  
738.057	551.63  
738.458	526.02  
738.86	481.78   
739.261	539.98  
739.662	542.31  
740.064	474.8   
740.465	546.97  
740.866	463.16  
741.267	442.2   
741.668	507.39  
742.069	479.45  
742.469	514.37  
742.87	453.84   
743.271	495.75  
743.672	472.47  
744.072	449.19  
744.473	428.23  
744.873	439.87  
745.274	493.42  
745.674	472.47  
746.074	521.36  
746.474	521.36  
746.875	418.92  
747.275	446.86  
747.675	444.53  
748.075	460.83  
748.474	437.55  
748.874	474.8   
749.274	474.8   
749.674	533     
750.073	477.12  
750.473	470.14  
750.873	451.51  
751.272	437.55  
751.671	479.45  
752.071	484.11  
752.47	449.19   
752.869	533     
753.268	479.45  
753.668	486.44  
754.067	442.2   
754.466	446.86  
754.864	432.89  
755.263	425.91  
755.662	493.42  
756.061	500.41  
756.459	493.42  
756.858	439.87  
757.257	509.72  
757.655	437.55  
758.053	411.94  
758.452	451.51  
758.85	442.2    
759.248	449.19  
759.646	493.42  
760.045	488.77  
760.443	444.53  
760.841	384     
761.238	451.51  
761.636	428.23  
762.034	514.37  
762.432	416.59  
762.829	418.92  
763.227	421.25  
763.625	484.11  
764.022	423.58  
764.419	491.09  
764.817	460.83  
765.214	400.3   
765.611	432.89  
766.008	379.34  
766.406	416.59  
766.803	360.72  
767.199	414.26  
767.596	393.31  
767.993	425.91  
768.39	458.5    
768.787	491.09  
769.183	458.5   
769.58	414.26   
769.977	463.16  
770.373	409.61  
770.769	407.28  
771.166	414.26  
771.562	472.47  
771.958	388.65  
772.354	400.3   
772.75	421.25   
773.146	384     
773.542	514.37  
773.938	458.5   
774.334	432.89  
774.73	432.89   
775.126	437.55  
775.521	460.83  
775.917	423.58  
776.312	402.62  
776.708	425.91  
777.103	409.61  
777.499	505.06  
777.894	411.94  
778.289	428.23  
778.684	481.78  
779.079	386.33  
779.474	414.26  
779.869	377.01  
780.264	437.55  
780.659	425.91  
781.054	467.81  
781.448	439.87  
781.843	328.12  
782.238	386.33  
782.632	388.65  
783.027	400.3   
783.421	390.98  
783.815	460.83  
784.21	453.84   
784.604	453.84  
784.998	386.33  
785.392	377.01  
785.786	449.19  
786.18	425.91   
786.574	421.25  
786.968	463.16  
787.361	374.69  
787.755	428.23  
788.149	430.56  
788.542	395.64  
788.936	411.94  
789.329	367.7   
789.722	446.86  
790.116	395.64  
790.509	384     
790.902	409.61  
791.295	402.62  
791.688	442.2   
792.081	458.5   
792.474	442.2   
792.867	381.67  
793.26	484.11   
793.653	360.72  
794.045	367.7   
794.438	439.87  
794.83	423.58   
795.223	446.86  
795.615	477.12  
796.008	374.69  
796.4	432.89    
796.792	374.69  
797.184	344.42  
797.576	470.14  
797.968	437.55  
798.36	458.5    
798.752	437.55  
799.144	344.42  
799.536	397.97  
799.928	428.23  
800.319	446.86  
800.711	395.64  
801.102	418.92  
801.494	328.12  
801.885	423.58  
802.276	498.08  
802.668	411.94  
803.059	395.64  
803.45	470.14   
803.841	411.94  
804.232	370.03  
804.623	465.48  
805.014	458.5   
805.405	351.4   
805.795	451.51  
806.186	453.84  
806.577	442.2   
806.967	395.64  
807.358	402.62  
807.748	425.91  
808.139	402.62  
808.529	370.03  
808.919	342.09  
809.309	395.64  
809.699	453.84  
810.089	451.51  
810.479	435.22  
810.869	393.31  
811.259	463.16  
811.649	425.91  
812.039	491.09  
812.428	370.03  
812.818	404.95  
813.207	402.62  
813.597	332.78  
813.986	407.28  
814.376	439.87  
814.765	495.75  
815.154	432.89  
815.543	463.16  
815.932	393.31  
816.321	423.58  
816.71	381.67   
817.099	374.69  
817.488	379.34  
817.877	409.61  
818.265	379.34  
818.654	386.33  
819.043	451.51  
819.431	402.62  
819.819	414.26  
820.208	370.03  
820.596	430.56  
820.984	435.22  
821.372	451.51  
821.761	384     
822.149	370.03  
822.537	451.51  
822.924	435.22  
823.312	421.25  
823.7	386.33    
824.088	374.69  
824.475	360.72  
824.863	397.97  
825.251	512.05  
825.638	463.16  
826.025	395.64  
826.413	425.91  
826.8	458.5     
827.187	339.76  
827.574	430.56  
827.961	402.62  
828.348	416.59  
828.735	395.64  
829.122	397.97  
829.509	423.58  
829.896	470.14  
830.282	342.09  
830.669	416.59  
831.055	435.22  
831.442	384     
831.828	411.94  
832.215	370.03  
832.601	374.69  
832.987	393.31  
833.373	470.14  
833.759	460.83  
834.145	407.28  
834.531	423.58  
834.917	353.73  
835.303	374.69  
835.689	453.84  
836.074	356.06  
836.46	397.97   
836.846	451.51  
837.231	428.23  
837.617	439.87  
838.002	377.01  
838.387	397.97  
838.772	416.59  
839.158	395.64  
839.543	395.64  
839.928	346.75  
840.313	346.75  
840.698	397.97  
841.082	360.72  
841.467	332.78  
841.852	339.76  
842.237	390.98  
842.621	402.62  
843.006	416.59  
843.39	384      
843.774	449.19  
844.159	377.01  
844.543	386.33  
844.927	393.31  
845.311	414.26  
845.695	404.95  
846.079	393.31  
846.463	388.65  
846.847	381.67  
847.231	374.69  
847.615	453.84  
847.998	414.26  
848.382	393.31  
848.765	409.61  
849.149	367.7   
849.532	477.12  
849.916	421.25  
850.299	386.33  
850.682	372.36  
851.065	374.69  
851.448	432.89  
851.831	386.33  
852.214	388.65  
852.597	377.01  
852.98	400.3    
853.363	407.28  
853.745	435.22  
854.128	388.65  
854.51	370.03   
854.893	349.08  
855.275	449.19  
855.658	360.72  
856.04	379.34   
856.422	393.31  
856.804	425.91  
857.186	363.05  
857.568	370.03  
857.95	444.53   
858.332	311.83  
858.714	397.97  
859.096	451.51  
859.477	444.53  
859.859	435.22  
860.24	346.75   
860.622	411.94  
861.003	370.03  
861.385	384     
861.766	370.03  
862.147	404.95  
862.528	428.23  
862.909	360.72  
863.29	386.33   
863.671	384     
864.052	425.91  
864.433	423.58  
864.814	453.84  
865.194	453.84  
865.575	381.67  
865.955	430.56  
866.336	444.53  
866.716	356.06  
867.097	388.65  
867.477	330.45  
867.857	321.14  
868.237	370.03  
868.617	344.42  
868.997	430.56  
869.377	379.34  
869.757	379.34  
870.137	393.31  
870.517	377.01  
870.896	386.33  
871.276	435.22  
871.655	416.59  
872.035	460.83  
872.414	463.16  
872.794	425.91  
873.173	393.31  
873.552	351.4   
873.931	430.56  
874.31	393.31   
874.689	444.53  
875.068	451.51  
875.447	421.25  
875.826	377.01  
876.205	353.73  
876.583	388.65  
876.962	430.56  
877.341	381.67  
877.719	444.53  
878.097	353.73  
878.476	360.72  
878.854	423.58  
879.232	535.33  
879.61	384      
879.988	339.76  
880.366	425.91  
880.744	444.53  
881.122	342.09  
881.5	400.3     
881.878	416.59  
882.255	439.87  
882.633	379.34  
883.011	453.84  
883.388	325.8   
883.765	370.03  
884.143	386.33  
884.52	439.87   
884.897	393.31  
885.274	428.23  
885.651	407.28  
886.028	360.72  
886.405	423.58  
886.782	335.11  
887.159	414.26  
887.536	421.25  
887.912	467.81  
888.289	444.53  
888.665	442.2   
889.042	318.81  
889.418	414.26  
889.794	363.05  
890.171	397.97  
890.547	402.62  
890.923	363.05  
891.299	444.53  
891.675	460.83  
892.051	444.53  
892.427	404.95  
892.803	423.58  
893.178	467.81  
893.554	421.25  
893.929	402.62  
894.305	430.56  
894.68	384      
895.056	372.36  
895.431	432.89  
895.806	409.61  
896.181	377.01  
896.557	404.95  
896.932	353.73  
897.307	360.72  
897.681	395.64  
898.056	393.31  
898.431	439.87  
898.806	316.48  
899.18	351.4    
899.555	370.03  
899.929	400.3   
900.304	446.86  
900.678	330.45  
901.052	342.09  
901.427	411.94  
901.801	344.42  
902.175	409.61  
902.549	388.65  
902.923	342.09  
903.297	395.64  
903.67	418.92   
904.044	321.14  
904.418	430.56  
904.791	453.84  
905.165	342.09  
905.538	395.64  
905.912	397.97  
906.285	377.01  
906.658	384     
907.032	402.62  
907.405	402.62  
907.778	402.62  
908.151	416.59  
908.524	372.36  
908.896	395.64  
909.269	437.55  
909.642	330.45  
910.015	411.94  
910.387	381.67  
910.76	430.56   
911.132	335.11  
911.504	439.87  
911.877	418.92  
912.249	386.33  
912.621	400.3   
912.993	363.05  
913.365	367.7   
913.737	418.92  
914.109	416.59  
914.481	377.01  
914.853	428.23  
915.224	430.56  
915.596	428.23  
915.968	463.16  
916.339	458.5   
916.71	404.95   
917.082	409.61  
917.453	390.98  
917.824	328.12  
918.195	400.3   
918.566	425.91  
918.937	372.36  
919.308	349.08  
919.679	377.01  
920.05	386.33   
920.421	421.25  
920.791	404.95  
921.162	397.97  
921.532	425.91  
921.903	304.84  
922.273	363.05  
922.644	351.4   
923.014	370.03  
923.384	365.37  
923.754	374.69  
924.124	400.3   
924.494	397.97  
924.864	439.87  
925.234	409.61  
925.604	395.64  
925.973	418.92  
926.343	370.03  
926.712	409.61  
927.082	395.64  
927.451	421.25  
927.821	414.26  
928.19	402.62   
928.559	437.55  
928.928	379.34  
929.297	349.08  
929.666	393.31  
930.035	460.83  
930.404	363.05  
930.773	388.65  
931.142	407.28  
931.51	377.01   
931.879	402.62  
932.247	409.61  
932.616	374.69  
932.984	425.91  
933.353	397.97  
933.721	386.33  
934.089	442.2   
934.457	428.23  
934.825	346.75  
935.193	402.62  
935.561	430.56  
935.929	374.69  
936.296	456.17  
936.664	330.45  
937.032	479.45  
937.399	307.17  
937.767	386.33  
938.134	395.64  
938.501	411.94  
938.869	365.37  
939.236	339.76  
939.603	328.12  
939.97	346.75   
940.337	428.23  
940.704	353.73  
941.071	402.62  
941.438	409.61  
941.804	437.55  
942.171	386.33  
942.538	446.86  
942.904	446.86  
943.27	344.42   
943.637	386.33  
944.003	397.97  
944.369	386.33  
944.735	344.42  
945.102	465.48  
945.468	416.59  
945.833	388.65  
946.199	388.65  
946.565	395.64  
946.931	418.92  
947.296	388.65  
947.662	444.53  
948.028	397.97  
948.393	439.87  
948.758	451.51  
949.124	425.91  
949.489	360.72  
949.854	360.72  
950.219	390.98  
950.584	397.97  
950.949	397.97  
951.314	374.69  
951.679	384     
952.044	381.67  
952.408	318.81  
952.773	458.5   
953.137	428.23  
953.502	470.14  
953.866	418.92  
954.231	390.98  
954.595	358.39  
954.959	381.67  
955.323	435.22  
955.687	442.2   
956.051	409.61  
956.415	411.94  
956.779	404.95  
957.143	435.22  
957.506	421.25  
957.87	451.51   
958.234	372.36  
958.597	472.47  
958.961	416.59  
959.324	414.26  
959.687	374.69  
960.05	353.73   
960.413	416.59  
960.776	388.65  
961.139	435.22  
961.502	353.73  
961.865	414.26  
962.228	342.09  
962.591	425.91  
962.953	342.09  
963.316	418.92  
963.678	407.28  
964.041	397.97  
964.403	449.19  
964.765	397.97  
965.128	363.05  
965.49	397.97   
965.852	435.22  
966.214	381.67  
966.576	393.31  
966.938	358.39  
967.299	393.31  
967.661	402.62  
968.023	363.05  
968.384	377.01  
968.746	374.69  
969.107	363.05  
969.469	409.61  
969.83	386.33   
970.191	379.34  
970.552	409.61  
970.913	414.26  
971.274	372.36  
971.635	444.53  
971.996	416.59  
972.357	367.7   
972.718	397.97  
973.078	363.05  
973.439	393.31  
973.8	351.4     
974.16	397.97   
974.52	411.94   
974.881	339.76  
975.241	414.26  
975.601	388.65  
975.961	346.75  
976.321	390.98  
976.681	360.72  
977.041	425.91  
977.401	384     
977.76	418.92   
978.12	390.98   
978.48	360.72   
978.839	314.15  
979.199	400.3   
979.558	372.36  
979.917	339.76  
980.277	384     
980.636	397.97  
980.995	400.3   
981.354	446.86  
981.713	453.84  
982.072	363.05  
982.43	370.03   
982.789	404.95  
983.148	442.2   
983.506	393.31  
983.865	409.61  
984.223	449.19  
984.582	481.78  
984.94	328.12   
985.298	460.83  
985.656	418.92  
986.015	456.17  
986.373	374.69  
986.731	428.23  
987.088	388.65  
987.446	428.23  
987.804	377.01  
988.162	442.2   
988.519	418.92  
988.877	411.94  
989.234	414.26  
989.591	379.34  
989.949	370.03  
990.306	418.92  
990.663	414.26  
991.02	411.94   
991.377	402.62  
991.734	411.94  
992.091	381.67  
992.448	402.62  
992.805	404.95  
993.161	400.3   
993.518	400.3   
993.874	386.33  
994.231	418.92  
994.587	444.53  
994.943	400.3   
995.3	311.83    
995.656	356.06  
996.012	395.64  
996.368	388.65  
996.724	400.3   
997.08	388.65   
997.435	390.98  
997.791	393.31  
998.147	365.37  
998.502	423.58  
998.858	328.12  
999.213	442.2   
999.569	446.86  
999.924	349.08  
1000.279	351.4  
1000.634	353.73 
1000.989	388.65 
1001.344	386.33 
1001.699	360.72 
1002.054	407.28 
1002.409	390.98 
1002.764	384    
1003.118	346.75 
1003.473	384    
1003.827	356.06 
1004.182	377.01 
1004.536	386.33 
1004.89	414.26  
1005.245	390.98 
1005.599	367.7  
1005.953	318.81 
1006.307	384    
1006.661	360.72 
1007.015	353.73 
1007.368	430.56 
1007.722	409.61 
1008.076	451.51 
1008.429	463.16 
1008.783	395.64 
1009.136	404.95 
1009.489	363.05 
1009.843	416.59 
1010.196	356.06 
1010.549	384    
1010.902	356.06 
1011.255	414.26 
1011.608	397.97 
1011.961	418.92 
1012.313	325.8  
1012.666	344.42 
1013.019	402.62 
1013.371	379.34 
1013.724	409.61 
1014.076	451.51 
1014.428	377.01 
1014.781	358.39 
1015.133	388.65 
1015.485	353.73 
1015.837	402.62 
1016.189	477.12 
1016.541	337.44 
1016.893	379.34 
1017.244	316.48 
1017.596	460.83 
1017.947	418.92 
1018.299	460.83 
1018.65	356.06  
1019.002	353.73 
1019.353	411.94 
1019.704	423.58 
1020.055	402.62 
1020.407	400.3  
1020.758	432.89 
1021.108	344.42 
1021.459	397.97 
1021.81	409.61  
1022.161	321.14 
1022.511	430.56 
1022.862	377.01 
1023.213	318.81 
1023.563	456.17 
1023.913	439.87 
1024.264	349.08 
1024.614	328.12 
1024.964	414.26 
1025.314	344.42 
1025.664	372.36 
1026.014	411.94 
1026.364	344.42 
1026.713	509.72 
1027.063	428.23 
1027.413	456.17 
1027.762	377.01 
1028.112	367.7  
1028.461	370.03 
1028.81	358.39  
1029.16	353.73  
1029.509	393.31 
1029.858	393.31 
1030.207	374.69 
1030.556	458.5  
1030.905	409.61 
1031.254	367.7  
1031.602	390.98 
1031.951	418.92 
1032.3	339.76   
1032.648	307.17 
1032.996	307.17 
1033.345	307.17 