187.879	1.02   
188.346	1.02   
188.813	1.02   
189.28	-61.84  
189.747	-85.12 
190.214	-87.45 
190.681	-33.9  
191.148	-59.51 
191.614	-136.34
192.081	-40.89 
192.548	-57.19 
193.014	-47.87 
193.481	-24.59 
193.948	-15.28 
194.414	59.22  
194.881	14.99  
195.347	52.24  
195.813	73.19  
196.28	54.57   
196.746	133.72 
197.212	115.1  
197.678	101.13 
198.145	191.93 
198.611	196.58 
199.077	245.47 
199.543	301.35 
200.009	238.49 
200.475	292.04 
200.941	308.33 
201.407	264.1  
201.873	306.01 
202.338	333.94 
202.804	319.97 
203.27	331.62  
203.735	389.82 
204.201	340.93 
204.667	359.55 
205.132	371.19 
205.598	278.07 
206.063	387.49 
206.529	422.41 
206.994	408.44 
207.459	396.8  
207.925	401.46 
208.39	333.94  
208.855	385.16 
209.32	303.68  
209.785	408.44 
210.25	406.12  
210.715	410.77 
211.18	403.79  
211.645	371.19 
212.11	415.43  
212.575	417.76 
213.04	466.65  
213.504	394.48 
213.969	401.46 
214.434	352.57 
214.899	373.52 
215.363	373.52 
215.828	403.79 
216.292	410.77 
216.757	368.87 
217.221	354.9  
217.685	420.08 
218.15	375.85  
218.614	326.96 
219.078	268.76 
219.542	350.24 
220.007	336.27 
220.471	389.82 
220.935	368.87 
221.399	331.62 
221.863	338.6  
222.327	378.18 
222.791	396.8  
223.254	343.26 
223.718	371.19 
224.182	333.94 
224.646	333.94 
225.109	422.41 
225.573	392.15 
226.037	378.18 
226.5	289.71   
226.964	285.05 
227.427	347.91 
227.89	345.58  
228.354	343.26 
228.817	364.21 
229.28	399.13  
229.744	287.38 
230.207	308.33 
230.67	345.58  
231.133	317.65 
231.596	368.87 
232.059	340.93 
232.522	354.9  
232.985	364.21 
233.448	350.24 
233.911	394.48 
234.374	431.73 
234.836	382.83 
235.299	443.37 
235.762	380.51 
236.224	366.54 
236.687	375.85 
237.149	359.55 
237.612	306.01 
238.074	410.77 
238.537	394.48 
238.999	403.79 
239.461	361.88 
239.924	364.21 
240.386	364.21 
240.848	380.51 
241.31	352.57  
241.772	434.05 
242.234	406.12 
242.696	392.15 
243.158	331.62 
243.62	382.83  
244.082	431.73 
244.544	403.79 
245.006	368.87 
245.468	352.57 
245.929	387.49 
246.391	431.73 
246.852	361.88 
247.314	422.41 
247.776	350.24 
248.237	394.48 
248.698	333.94 
249.16	359.55  
249.621	417.76 
250.082	385.16 
250.544	431.73 
251.005	354.9  
251.466	343.26 
251.927	368.87 
252.388	403.79 
252.849	380.51 
253.31	401.46  
253.771	424.74 
254.232	450.35 
254.693	371.19 
255.154	452.68 
255.615	387.49 
256.075	371.19 
256.536	371.19 
256.997	289.71 
257.457	343.26 
257.918	389.82 
258.378	452.68 
258.839	359.55 
259.299	345.58 
259.759	359.55 
260.22	406.12  
260.68	333.94  
261.14	361.88  
261.6	396.8    
262.06	343.26  
262.521	403.79 
262.981	401.46 
263.441	471.3  
263.901	324.63 
264.36	396.8   
264.82	399.13  
265.28	392.15  
265.74	361.88  
266.2	326.96   
266.659	394.48 
267.119	396.8  
267.579	373.52 
268.038	382.83 
268.498	415.43 
268.957	357.23 
269.416	408.44 
269.876	410.77 
270.335	475.96 
270.794	399.13 
271.254	347.91 
271.713	401.46 
272.172	336.27 
272.631	508.55 
273.09	396.8   
273.549	422.41 
274.008	434.05 
274.467	368.87 
274.926	403.79 
275.385	361.88 
275.843	413.1  
276.302	380.51 
276.761	394.48 
277.22	422.41  
277.678	364.21 
278.137	292.04 
278.595	364.21 
279.054	385.16 
279.512	399.13 
279.97	378.18  
280.429	394.48 
280.887	345.58 
281.345	385.16 
281.803	382.83 
282.262	371.19 
282.72	389.82  
283.178	350.24 
283.636	413.1  
284.094	420.08 
284.552	364.21 
285.01	382.83  
285.467	403.79 
285.925	399.13 
286.383	396.8  
286.841	387.49 
287.298	392.15 
287.756	408.44 
288.213	466.65 
288.671	385.16 
289.128	431.73 
289.586	396.8  
290.043	359.55 
290.5	392.15   
290.958	371.19 
291.415	399.13 
291.872	403.79 
292.329	399.13 
292.786	368.87 
293.243	387.49 
293.7	378.18   
294.157	371.19 
294.614	406.12 
295.071	413.1  
295.528	403.79 
295.985	427.07 
296.441	406.12 
296.898	417.76 
297.355	445.69 
297.811	366.54 
298.268	387.49 
298.724	441.04 
299.181	359.55 
299.637	378.18 
300.094	371.19 
300.55	394.48  
301.006	413.1  
301.462	422.41 
301.919	403.79 
302.375	448.02 
302.831	394.48 
303.287	380.51 
303.743	347.91 
304.199	478.29 
304.655	420.08 
305.11	427.07  
305.566	415.43 
306.022	450.35 
306.478	399.13 
306.933	443.37 
307.389	326.96 
307.845	389.82 
308.3	366.54   
308.756	452.68 
309.211	417.76 
309.666	438.71 
310.122	406.12 
310.577	389.82 
311.032	427.07 
311.487	443.37 
311.943	438.71 
312.398	413.1  
312.853	420.08 
313.308	406.12 
313.763	413.1  
314.218	345.58 
314.672	371.19 
315.127	387.49 
315.582	427.07 
316.037	422.41 
316.492	401.46 
316.946	410.77 
317.401	385.16 
317.855	429.4  
318.31	417.76  
318.764	294.37 
319.219	401.46 
319.673	450.35 
320.127	410.77 
320.582	345.58 
321.036	389.82 
321.49	373.52  
321.944	427.07 
322.398	443.37 
322.852	387.49 
323.306	387.49 
323.76	494.59  
324.214	373.52 
324.668	329.29 
325.122	361.88 
325.575	399.13 
326.029	387.49 
326.483	387.49 
326.936	389.82 
327.39	373.52  
327.843	457.34 
328.297	408.44 
328.75	445.69  
329.204	457.34 
329.657	452.68 
330.11	443.37  
330.564	429.4  
331.017	443.37 
331.47	429.4   
331.923	343.26 
332.376	441.04 
332.829	415.43 
333.282	450.35 
333.735	387.49 
334.188	434.05 
334.641	389.82 
335.093	399.13 
335.546	361.88 
335.999	417.76 
336.451	422.41 
336.904	475.96 
337.356	434.05 
337.809	452.68 
338.261	392.15 
338.714	399.13 
339.166	457.34 
339.618	422.41 
340.07	441.04  
340.523	410.77 
340.975	410.77 
341.427	378.18 
341.879	389.82 
342.331	436.38 
342.783	396.8  
343.235	415.43 
343.687	417.76 
344.138	401.46 
344.59	396.8   
345.042	394.48 
345.494	375.85 
345.945	485.27 
346.397	471.3  
346.848	445.69 
347.3	431.73   
347.751	380.51 
348.203	392.15 
348.654	431.73 
349.105	434.05 
349.556	459.66 
350.008	434.05 
350.459	420.08 
350.91	385.16  
351.361	389.82 
351.812	361.88 
352.263	427.07 
352.714	429.4  
353.165	487.6  
353.615	420.08 
354.066	406.12 
354.517	410.77 
354.968	406.12 
355.418	450.35 
355.869	350.24 
356.319	361.88 
356.77	415.43  
357.22	441.04  
357.671	496.91 
358.121	361.88 
358.571	382.83 
359.021	403.79 
359.472	431.73 
359.922	399.13 
360.372	499.24 
360.822	448.02 
361.272	366.54 
361.722	399.13 
362.172	443.37 
362.622	427.07 
363.071	415.43 
363.521	417.76 
363.971	461.99 
364.42	459.66  
364.87	396.8   
365.32	445.69  
365.769	443.37 
366.219	431.73 
366.668	427.07 
367.117	380.51 
367.567	396.8  
368.016	487.6  
368.465	375.85 
368.914	410.77 
369.363	368.87 
369.812	399.13 
370.261	455.01 
370.71	413.1   
371.159	489.93 
371.608	431.73 
372.057	424.74 
372.506	387.49 
372.955	413.1  
373.403	450.35 
373.852	459.66 
374.301	399.13 
374.749	394.48 
375.198	338.6  
375.646	371.19 
376.094	427.07 
376.543	420.08 
376.991	403.79 
377.439	399.13 
377.887	387.49 
378.336	489.93 
378.784	508.55 
379.232	427.07 
379.68	415.43  
380.128	399.13 
380.576	399.13 
381.023	422.41 
381.471	489.93 
381.919	427.07 
382.367	354.9  
382.814	401.46 
383.262	436.38 
383.71	455.01  
384.157	396.8  
384.605	420.08 
385.052	373.52 
385.499	448.02 
385.947	415.43 
386.394	394.48 
386.841	396.8  
387.288	382.83 
387.735	452.68 
388.182	473.63 
388.63	441.04  
389.076	413.1  
389.523	373.52 
389.97	329.29  
390.417	410.77 
390.864	482.94 
391.311	413.1  
391.757	438.71 
392.204	413.1  
392.651	424.74 
393.097	345.58 
393.544	371.19 
393.99	452.68  
394.436	408.44 
394.883	455.01 
395.329	406.12 
395.775	378.18 
396.221	459.66 
396.668	424.74 
397.114	424.74 
397.56	408.44  
398.006	413.1  
398.452	506.23 
398.897	408.44 
399.343	399.13 
399.789	448.02 
400.235	468.98 
400.681	343.26 
401.126	448.02 
401.572	429.4  
402.017	406.12 
402.463	343.26 
402.908	373.52 
403.354	396.8  
403.799	429.4  
404.244	389.82 
404.689	345.58 
405.135	448.02 
405.58	441.04  
406.025	452.68 
406.47	429.4   
406.915	373.52 
407.36	378.18  
407.805	464.32 
408.25	427.07  
408.694	373.52 
409.139	415.43 
409.584	441.04 
410.029	406.12 
410.473	420.08 
410.918	401.46 
411.362	357.23 
411.807	468.98 
412.251	445.69 
412.695	457.34 
413.14	457.34  
413.584	427.07 
414.028	427.07 
414.472	471.3  
414.916	475.96 
415.36	452.68  
415.804	471.3  
416.248	438.71 
416.692	422.41 
417.136	457.34 
417.58	408.44  
418.024	445.69 
418.467	480.62 
418.911	441.04 
419.355	536.49 
419.798	434.05 
420.242	443.37 
420.685	413.1  
421.128	464.32 
421.572	515.54 
422.015	576.07 
422.458	524.85 
422.902	506.23 
423.345	494.59 
423.788	445.69 
424.231	536.49 
424.674	576.07 
425.117	552.79 
425.56	615.65  
426.003	587.71 
426.445	613.32 
426.888	573.74 
427.331	669.2  
427.773	685.49 
428.216	638.93 
428.659	722.74 
429.101	748.35 
429.543	690.15 
429.986	697.13 
430.428	762.32 
430.87	832.17  
431.313	874.07 
431.755	890.37 
432.197	843.81 
432.639	913.65 
433.081	985.82 
433.523	1030.06
433.965	1069.64
434.407	1088.26
434.849	1095.25
435.291	1207   
435.732	1172.08
436.174	1262.87
436.616	1421.19
437.057	1488.7 
437.499	1456.11
437.94	1574.85 
438.382	1567.86
438.823	1777.39
439.264	1784.38
439.706	1837.93
440.147	1877.5 
440.588	1986.93
441.029	2068.41
441.47	2266.31 
441.911	2233.71
442.352	2457.21
442.793	2527.06
443.234	2673.73
443.675	2801.78
444.116	2962.42
444.556	2971.73
444.997	3141.69
445.438	3167.3 
445.878	3483.93
446.319	3595.68
446.759	3670.18
447.199	3872.73
447.64	3982.15 
448.08	4308.09 
448.52	4373.28 
448.961	4596.78
449.401	4787.69
449.841	5032.14
450.281	5250.99
450.721	5656.09
451.161	5651.43
451.601	5798.1 
452.041	6210.19
452.48	6398.77 
452.92	6666.5  
453.36	6734.02 
453.799	7146.1 
454.239	7516.28
454.679	7679.25
455.118	7795.65
455.557	7944.65
455.997	8068.05
456.436	8242.66
456.875	8417.27
457.315	8787.44
457.754	9141.32
458.193	8682.68
458.632	9164.6 
459.071	9104.07
459.51	9115.71 
459.949	9306.62
460.388	9381.12
460.827	9327.57
461.265	9315.93
461.704	8927.13
462.143	8901.52
462.581	8608.18
463.02	8836.34 
463.458	8673.36
463.897	8491.77
464.335	7977.25
464.774	7946.98
465.212	7721.15
465.65	7644.32 
466.088	7441.78
466.527	7281.13
466.965	6834.13
467.403	6757.3 
467.841	6598.99
468.279	6468.61
468.716	6231.14
469.154	6133.36
469.592	5730.59
470.03	5753.87 
470.467	5553.65
470.905	5663.07
471.343	5288.24
471.78	5255.65 
472.218	5346.44
472.655	5143.89
473.092	4876.16
473.53	4792.34 
473.967	4901.77
474.404	4741.13
474.841	4757.42
475.278	4613.08
475.716	4370.95
476.153	4533.92
476.589	4573.5 
477.026	4419.84
477.463	4333.7 
477.9	4417.51  
478.337	4326.72
478.773	4256.87
479.21	4226.6  
479.647	4114.85
480.083	3928.6 
480.52	3896.01 
480.956	3996.12
481.392	3791.24
481.829	3726.05
482.265	3637.58
482.701	3658.54
483.137	3609.65
483.574	3688.8 
484.01	3572.4  
484.446	3514.19
484.882	3362.86
485.317	3160.31
485.753	3241.8 
486.189	3188.25
486.625	3192.91
487.061	3078.83
487.496	2908.87
487.932	2887.92
488.367	2843.69
488.803	2818.08
489.238	2815.75
489.674	2736.59
490.109	2687.7 
490.544	2736.59
490.979	2652.78
491.415	2555   
491.85	2585.26 
492.285	2503.78
492.72	2585.26 
493.155	2510.76
493.59	2461.87 
494.024	2429.28
494.459	2459.54
494.894	2373.4 
495.329	2387.37
495.763	2359.43
496.198	2324.51
496.632	2305.88
497.067	2422.29
497.501	2205.77
497.936	2233.71
498.37	2205.77 
498.804	2219.74
499.238	2166.19
499.673	2161.54
500.107	2147.57
500.541	2291.91
500.975	2140.59
501.409	2126.62
501.843	2114.98
502.277	2131.27
502.71	2208.1  
503.144	2203.45
503.578	2173.18
504.011	2194.13
504.445	2259.32
504.878	2138.26
505.312	2182.49
505.745	2191.8 
506.179	2270.96
506.612	2266.31
507.045	2256.99
507.479	2312.87
507.912	2410.65
508.345	2231.38
508.778	2340.81
509.211	2485.15
509.644	2354.77
510.077	2548.01
510.509	2475.84
510.942	2419.96
511.375	2599.23
511.808	2543.35
512.24	2508.43 
512.673	2585.26
513.105	2799.45
513.538	2706.32
513.97	2627.17 
514.403	2801.78
514.835	2773.84
515.267	2801.78
515.699	2862.31
516.131	2887.92
516.564	2859.98
516.996	2929.83
517.428	3004.33
517.859	2969.41
518.291	3083.48
518.723	3111.42
519.155	3216.19
519.587	3155.66
520.018	3185.92
520.45	3241.8  
520.881	3386.14
521.313	3332.6 
521.744	3395.46
522.176	3358.21
522.607	3283.71
523.038	3453.66
523.47	3451.33 
523.901	3449   
524.332	3551.44
524.763	3556.1 
525.194	3544.46
525.625	3667.85
526.056	3518.85
526.487	3677.16
526.917	3702.77
527.348	3779.6 
527.779	3814.52
528.21	3889.02 
528.64	3805.21 
529.071	3937.91
529.501	3930.93
529.932	3942.57
530.362	3933.26
530.792	3993.79
531.222	3954.21
531.653	3921.62
532.083	3886.7 
532.513	4035.7 
532.943	4051.99
533.373	4207.98
533.803	4084.59
534.233	4100.88
534.663	4198.67
535.092	4308.09
535.522	4322.06
535.952	4305.76
536.381	4249.89
536.811	4238.25
537.24	4352.32 
537.67	4471.06 
538.099	4436.14
538.529	4398.89
538.958	4326.72
539.387	4347.67
539.816	4326.72
540.245	4431.48
540.674	4384.92
541.103	4482.7 
541.532	4512.97
541.961	4440.79
542.39	4443.12 
542.819	4512.97
543.248	4505.98
543.676	4464.08
544.105	4480.37
544.534	4629.37
544.962	4622.39
545.391	4717.84
545.819	4654.98
546.247	4629.37
546.676	4545.56
547.104	4603.76
547.532	4687.58
547.96	4517.62 
548.388	4699.22
548.816	4531.59
549.244	4552.55
549.672	4622.39
550.1	4675.94  
550.528	4682.92
550.956	4706.2 
551.383	4675.94
551.811	4668.95
552.238	4722.5 
552.666	4713.19
553.094	4724.83
553.521	4568.84
553.948	4636.36
554.376	4554.87
554.803	4531.59
555.23	4692.23 
555.657	4668.95
556.084	4634.03
556.511	4708.53
556.938	4613.08
557.365	4722.5 
557.792	4757.42
558.219	4636.36
558.646	4757.42
559.072	4645.67
559.499	4783.03
559.926	4824.94
560.352	4713.19
560.779	4769.06
561.205	4764.41
561.632	4659.64
562.058	4890.13
562.484	4648   
562.91	4773.72 
563.337	4710.86
563.763	4827.27
564.189	4713.19
564.615	4890.13
565.041	4855.2 
565.466	4843.56
565.892	4864.52
566.318	4722.5 
566.744	4587.47
567.169	4771.39
567.595	4820.28
568.021	4748.11
568.446	4685.25
568.872	4901.77
569.297	4878.49
569.722	4776.05
570.148	4717.84
570.573	4708.53
570.998	4724.83
571.423	4750.44
571.848	4764.41
572.273	4505.98
572.698	4450.11
573.123	4519.95
573.548	4689.91
573.973	4431.48
574.397	4424.5 
574.822	4322.06
575.247	4473.39
575.671	4315.07
576.096	4354.65
576.52	4294.12 
576.944	4391.9 
577.369	4426.83
577.793	4315.07
578.217	4310.42
578.641	4294.12
579.065	4329.04
579.49	4310.42 
579.914	4203.32
580.337	4075.28
580.761	4205.65
581.185	4256.87
581.609	4242.9 
582.033	4124.17
582.456	4170.73
582.88	4128.82 
583.303	3902.99
583.727	4091.57
584.15	4038.02 
584.574	3926.27
584.997	4026.38
585.42	3972.84 
585.844	4063.63
586.267	4058.98
586.69	3909.98 
587.113	3961.2 
587.536	3942.57
587.959	4017.07
588.382	4065.96
588.804	3968.18
589.227	3858.76
589.65	3765.63 
590.073	3747.01
590.495	3812.19
590.918	3707.43
591.34	3802.88 
591.763	3695.79
592.185	3705.1 
592.607	3770.29
593.03	3767.96 
593.452	3705.1 
593.874	3693.46
594.296	3688.8 
594.718	3698.12
595.14	3835.48 
595.562	3721.4 
595.984	3719.07
596.406	3660.87
596.827	3712.08
597.249	3712.08
597.671	3593.35
598.092	3709.76
598.514	3632.93
598.935	3714.41
599.357	3709.76
599.778	3614.3 
600.199	3737.69
600.621	3809.87
601.042	3730.71
601.463	3779.6 
601.884	3777.27
602.305	3793.57
602.726	3753.99
603.147	3756.32
603.568	3767.96
603.988	3705.1 
604.409	3691.13
604.83	3795.9  
605.25	3765.63 
605.671	3593.35
606.092	3688.8 
606.512	3844.79
606.932	3677.16
607.353	3630.6 
607.773	3600.33
608.193	3474.61
608.613	3437.36
609.034	3409.43
609.454	3432.71
609.874	3318.63
610.293	3320.96
610.713	3404.77
611.133	3330.27
611.553	3425.72
611.973	3155.66
612.392	3220.85
612.812	3220.85
613.231	3286.03
613.651	3213.86
614.07	3157.99 
614.49	3060.2  
614.909	3088.14
615.328	3144.02
615.747	3106.77
616.167	2887.92
616.586	2978.72
617.005	2936.81
617.424	2866.97
617.843	2764.53
618.261	2873.95
618.68	2799.45 
619.099	2815.75
619.518	2678.39
619.936	2701.67
620.355	2820.4 
620.773	2815.75
621.192	2676.06
621.61	2676.06 
622.029	2757.54
622.447	2627.17
622.865	2531.71
623.283	2568.96
623.701	2527.06
624.119	2538.7 
624.537	2622.51
624.955	2506.1 
625.373	2492.14
625.791	2480.49
626.209	2419.96
626.627	2475.84
627.044	2422.29
627.462	2578.28
627.879	2424.62
628.297	2361.76
628.714	2357.1 
629.132	2371.07
629.549	2296.57
629.966	2419.96
630.383	2163.87
630.8	2250.01  
631.217	2284.93
631.634	2182.49
632.051	2184.82
632.468	2159.21
632.885	2154.55
633.302	2154.55
633.719	2219.74
634.135	2126.62
634.552	2105.66
634.969	2121.96
635.385	2084.71
635.801	2107.99
636.218	2089.37
636.634	1993.91
637.05	1924.07 
637.467	2007.88
637.883	1926.4 
638.299	2028.83
638.715	1947.35
639.131	1926.4 
639.547	1926.4 
639.963	1900.79
640.378	1830.94
640.794	1956.66
641.21	1854.22 
641.626	1905.44
642.041	1863.54
642.457	1898.46
642.872	1812.32
643.287	1900.79
643.703	1763.43
644.118	1821.63
644.533	1775.07
644.948	1791.36
645.364	1812.32
645.779	1786.71
646.194	1777.39
646.609	1712.21
647.023	1581.83
647.438	1660.99
647.853	1700.57
648.268	1695.91
648.682	1667.97
649.097	1667.97
649.511	1688.92
649.926	1591.14
650.34	1556.22 
650.755	1593.47
651.169	1640.03
651.583	1656.33
651.997	1602.78
652.411	1481.72
652.825	1523.63
653.239	1500.35
653.653	1430.5 
654.067	1500.35
654.481	1453.78
654.895	1446.8 
655.309	1467.75
655.722	1493.36
656.136	1528.28
656.549	1402.56
656.963	1335.05
657.376	1404.89
657.79	1344.36 
658.203	1430.5 
658.616	1390.92
659.029	1302.45
659.442	1369.97
659.855	1335.05
660.268	1414.2 
660.681	1255.89
661.094	1286.16
661.507	1342.03
661.92	1316.42 
662.333	1314.09
662.745	1318.75
663.158	1216.31
663.57	1258.22 
663.983	1237.26
664.395	1318.75
664.808	1213.98
665.22	1204.67 
665.632	1258.22
666.044	1183.72
666.456	1181.39
666.868	1200.01
667.28	1200.01 
667.692	1188.37
668.104	1225.62
668.516	1160.44
668.928	1137.15
669.34	1146.47 
669.751	1144.14
670.163	1083.61
670.574	1162.76
670.986	1179.06
671.397	1220.97
671.809	1085.93
672.22	1023.07 
672.631	1099.9 
673.042	1130.17
673.453	1090.59
673.864	1092.92
674.275	1067.31
674.686	1076.62
675.097	1102.23
675.508	1113.87
675.919	948.57 
676.33	1013.76 
676.74	962.54  
677.151	1018.42
677.561	971.86 
677.972	936.93 
678.382	909    
678.792	990.48 
679.203	860.1  
679.613	929.95 
680.023	934.61 
680.433	971.86 
680.843	850.79 
681.253	888.04 
681.663	876.4  
682.073	911.32 
682.483	911.32 
682.893	925.29 
683.302	818.2  
683.712	871.75 
684.122	867.09 
684.531	867.09 
684.94	860.1   
685.35	890.37  
685.759	846.14 
686.168	899.68 
686.578	825.18 
686.987	855.45 
687.396	902.01 
687.805	867.09 
688.214	818.2  
688.623	860.1  
689.032	829.84 
689.44	839.15  
689.849	862.43 
690.258	755.34 
690.666	850.79 
691.075	834.5  
691.484	704.12 
691.892	832.17 
692.3	736.71   
692.709	832.17 
693.117	748.35 
693.525	743.7  
693.933	687.82 
694.341	741.37 
694.749	753.01 
695.157	697.13 
695.565	662.21 
695.973	820.53 
696.381	720.42 
696.788	750.68 
697.196	690.15 
697.604	732.06 
698.011	727.4  
698.419	715.76 
698.826	650.57 
699.234	643.59 
699.641	748.35 
700.048	718.09 
700.455	676.18 
700.862	634.27 
701.269	666.87 
701.676	799.57 
702.083	708.78 
702.49	585.38  
702.897	704.12 
703.304	613.32 
703.71	559.77  
704.117	587.71 
704.524	648.24 
704.93	622.63  
705.337	657.56 
705.743	704.12 
706.149	634.27 
706.556	576.07 
706.962	610.99 
707.368	576.07 
707.774	580.73 
708.18	587.71  
708.586	573.74 
708.992	613.32 
709.398	545.8  
709.804	590.04 
710.209	620.31 
710.615	683.17 
711.021	606.34 
711.426	664.54 
711.832	580.73 
712.237	622.63 
712.642	604.01 
713.048	536.49 
713.453	552.79 
713.858	613.32 
714.263	620.31 
714.668	606.34 
715.073	622.63 
715.478	608.66 
715.883	578.4  
716.288	604.01 
716.693	564.43 
717.097	545.8  
717.502	571.41 
717.906	545.8  
718.311	601.68 
718.715	594.7  
719.12	562.1   
719.524	492.26 
719.928	571.41 
720.333	548.13 
720.737	503.9  
721.141	566.76 
721.545	517.87 
721.949	613.32 
722.353	573.74 
722.757	457.34 
723.16	541.15  
723.564	478.29 
723.968	513.21 
724.371	613.32 
724.775	606.34 
725.178	503.9  
725.582	482.94 
725.985	592.37 
726.388	480.62 
726.792	559.77 
727.195	541.15 
727.598	583.06 
728.001	501.57 
728.404	515.54 
728.807	499.24 
729.21	499.24  
729.612	473.63 
730.015	489.93 
730.418	468.98 
730.82	473.63  
731.223	515.54 
731.625	601.68 
732.028	473.63 
732.43	529.51  
732.833	513.21 
733.235	510.88 
733.637	543.48 
734.039	531.84 
734.441	485.27 
734.843	564.43 
735.245	555.12 
735.647	455.01 
736.049	480.62 
736.451	503.9  
736.852	464.32 
737.254	524.85 
737.655	457.34 
738.057	468.98 
738.458	517.87 
738.86	429.4   
739.261	520.2  
739.662	420.08 
740.064	436.38 
740.465	455.01 
740.866	485.27 
741.267	452.68 
741.668	517.87 
742.069	503.9  
742.469	471.3  
742.87	448.02  
743.271	492.26 
743.672	538.82 
744.072	461.99 
744.473	510.88 
744.873	466.65 
745.274	452.68 
745.674	475.96 
746.074	445.69 
746.474	475.96 
746.875	471.3  
747.275	427.07 
747.675	494.59 
748.075	452.68 
748.474	471.3  
748.874	417.76 
749.274	438.71 
749.674	373.52 
750.073	357.23 
750.473	431.73 
750.873	503.9  
751.272	410.77 
751.671	480.62 
752.071	417.76 
752.47	450.35  
752.869	396.8  
753.268	513.21 
753.668	399.13 
754.067	429.4  
754.466	427.07 
754.864	399.13 
755.263	461.99 
755.662	489.93 
756.061	457.34 
756.459	448.02 
756.858	392.15 
757.257	459.66 
757.655	464.32 
758.053	517.87 
758.452	443.37 
758.85	434.05  
759.248	403.79 
759.646	410.77 
760.045	394.48 
760.443	408.44 
760.841	427.07 
761.238	478.29 
761.636	457.34 
762.034	445.69 
762.432	424.74 
762.829	545.8  
763.227	417.76 
763.625	457.34 
764.022	480.62 
764.419	468.98 
764.817	417.76 
765.214	406.12 
765.611	452.68 
766.008	450.35 
766.406	371.19 
766.803	452.68 
767.199	455.01 
767.596	468.98 
767.993	371.19 
768.39	387.49  
768.787	436.38 
769.183	443.37 
769.58	371.19  
769.977	429.4  
770.373	399.13 
770.769	466.65 
771.166	445.69 
771.562	368.87 
771.958	401.46 
772.354	396.8  
772.75	392.15  
773.146	424.74 
773.542	427.07 
773.938	466.65 
774.334	399.13 
774.73	406.12  
775.126	450.35 
775.521	438.71 
775.917	443.37 
776.312	424.74 
776.708	431.73 
777.103	413.1  
777.499	461.99 
777.894	422.41 
778.289	478.29 
778.684	455.01 
779.079	441.04 
779.474	417.76 
779.869	399.13 
780.264	441.04 
780.659	438.71 
781.054	468.98 
781.448	396.8  
781.843	424.74 
782.238	459.66 
782.632	392.15 
783.027	394.48 
783.421	459.66 
783.815	441.04 
784.21	417.76  
784.604	392.15 
784.998	473.63 
785.392	310.66 
785.786	408.44 
786.18	429.4   
786.574	392.15 
786.968	401.46 
787.361	366.54 
787.755	364.21 
788.149	443.37 
788.542	373.52 
788.936	494.59 
789.329	445.69 
789.722	424.74 
790.116	389.82 
790.509	434.05 
790.902	345.58 
791.295	461.99 
791.688	352.57 
792.081	438.71 
792.474	413.1  
792.867	396.8  
793.26	319.97  
793.653	396.8  
794.045	387.49 
794.438	408.44 
794.83	389.82  
795.223	375.85 
795.615	464.32 
796.008	450.35 
796.4	392.15   
796.792	415.43 
797.184	403.79 
797.576	382.83 
797.968	357.23 
798.36	368.87  
798.752	399.13 
799.144	375.85 
799.536	406.12 
799.928	394.48 
800.319	394.48 
800.711	382.83 
801.102	445.69 
801.494	357.23 
801.885	450.35 
802.276	380.51 
802.668	401.46 
803.059	434.05 
803.45	357.23  
803.841	352.57 
804.232	448.02 
804.623	378.18 
805.014	431.73 
805.405	422.41 
805.795	531.84 
806.186	457.34 
806.577	482.94 
806.967	361.88 
807.358	417.76 
807.748	345.58 
808.139	410.77 
808.529	461.99 
808.919	448.02 
809.309	368.87 
809.699	396.8  
810.089	410.77 
810.479	338.6  
810.869	466.65 
811.259	450.35 
811.649	408.44 
812.039	359.55 
812.428	436.38 
812.818	387.49 
813.207	417.76 
813.597	387.49 
813.986	366.54 
814.376	434.05 
814.765	403.79 
815.154	350.24 
815.543	371.19 
815.932	399.13 
816.321	408.44 
816.71	408.44  
817.099	468.98 
817.488	429.4  
817.877	340.93 
818.265	410.77 
818.654	420.08 
819.043	455.01 
819.431	434.05 
819.819	459.66 
820.208	396.8  
820.596	415.43 
820.984	424.74 
821.372	450.35 
821.761	347.91 
822.149	385.16 
822.537	436.38 
822.924	375.85 
823.312	408.44 
823.7	361.88   
824.088	375.85 
824.475	359.55 
824.863	385.16 
825.251	364.21 
825.638	443.37 
826.025	408.44 
826.413	422.41 
826.8	366.54   
827.187	373.52 
827.574	385.16 
827.961	368.87 
828.348	403.79 
828.735	375.85 
829.122	410.77 
829.509	408.44 
829.896	408.44 
830.282	352.57 
830.669	389.82 
831.055	368.87 
831.442	429.4  
831.828	312.99 
832.215	410.77 
832.601	401.46 
832.987	394.48 
833.373	322.3  
833.759	450.35 
834.145	438.71 
834.531	368.87 
834.917	394.48 
835.303	361.88 
835.689	352.57 
836.074	429.4  
836.46	417.76  
836.846	441.04 
837.231	364.21 
837.617	396.8  
838.002	443.37 
838.387	471.3  
838.772	436.38 
839.158	410.77 
839.543	422.41 
839.928	306.01 
840.313	394.48 
840.698	471.3  
841.082	354.9  
841.467	399.13 
841.852	396.8  
842.237	403.79 
842.621	413.1  
843.006	401.46 
843.39	410.77  
843.774	408.44 
844.159	375.85 
844.543	403.79 
844.927	448.02 
845.311	406.12 
845.695	438.71 
846.079	338.6  
846.463	380.51 
846.847	340.93 
847.231	431.73 
847.615	359.55 
847.998	389.82 
848.382	382.83 
848.765	347.91 
849.149	389.82 
849.532	417.76 
849.916	415.43 
850.299	373.52 
850.682	431.73 
851.065	350.24 
851.448	359.55 
851.831	366.54 
852.214	406.12 
852.597	375.85 
852.98	394.48  
853.363	389.82 
853.745	408.44 
854.128	422.41 
854.51	394.48  
854.893	347.91 
855.275	350.24 
855.658	345.58 
856.04	310.66  
856.422	366.54 
856.804	375.85 
857.186	343.26 
857.568	429.4  
857.95	333.94  
858.332	333.94 
858.714	380.51 
859.096	303.68 
859.477	429.4  
859.859	378.18 
860.24	401.46  
860.622	448.02 
861.003	380.51 
861.385	382.83 
861.766	394.48 
862.147	387.49 
862.528	308.33 
862.909	396.8  
863.29	378.18  
863.671	389.82 
864.052	431.73 
864.433	410.77 
864.814	389.82 
865.194	413.1  
865.575	396.8  
865.955	413.1  
866.336	396.8  
866.716	317.65 
867.097	343.26 
867.477	422.41 
867.857	408.44 
868.237	329.29 
868.617	340.93 
868.997	503.9  
869.377	366.54 
869.757	410.77 
870.137	366.54 
870.517	385.16 
870.896	336.27 
871.276	361.88 
871.655	392.15 
872.035	399.13 
872.414	380.51 
872.794	378.18 
873.173	448.02 
873.552	317.65 
873.931	359.55 
874.31	350.24  
874.689	399.13 
875.068	340.93 
875.447	415.43 
875.826	399.13 
876.205	361.88 
876.583	359.55 
876.962	408.44 
877.341	408.44 
877.719	448.02 
878.097	387.49 
878.476	394.48 
878.854	354.9  
879.232	448.02 
879.61	378.18  
879.988	431.73 
880.366	408.44 
880.744	420.08 
881.122	415.43 
881.5	455.01   
881.878	380.51 
882.255	392.15 
882.633	396.8  
883.011	389.82 
883.388	410.77 
883.765	448.02 
884.143	392.15 
884.52	394.48  
884.897	382.83 
885.274	364.21 
885.651	429.4  
886.028	387.49 
886.405	413.1  
886.782	424.74 
887.159	429.4  
887.536	368.87 
887.912	427.07 
888.289	347.91 
888.665	343.26 
889.042	378.18 
889.418	343.26 
889.794	373.52 
890.171	361.88 
890.547	396.8  
890.923	413.1  
891.299	448.02 
891.675	392.15 
892.051	387.49 
892.427	417.76 
892.803	338.6  
893.178	373.52 
893.554	438.71 
893.929	366.54 
894.305	359.55 
894.68	394.48  
895.056	368.87 
895.431	350.24 
895.806	315.32 
896.181	375.85 
896.557	403.79 
896.932	385.16 
897.307	459.66 
897.681	331.62 
898.056	399.13 
898.431	366.54 
898.806	357.23 
899.18	385.16  
899.555	352.57 
899.929	415.43 
900.304	389.82 
900.678	380.51 
901.052	329.29 
901.427	378.18 
901.801	343.26 
902.175	392.15 
902.549	378.18 
902.923	394.48 
903.297	389.82 
903.67	373.52  
904.044	368.87 
904.418	371.19 
904.791	455.01 
905.165	415.43 
905.538	401.46 
905.912	389.82 
906.285	443.37 
906.658	326.96 
907.032	417.76 
907.405	415.43 
907.778	359.55 
908.151	417.76 
908.524	415.43 
908.896	373.52 
909.269	389.82 
909.642	357.23 
910.015	401.46 
910.387	394.48 
910.76	354.9   
911.132	406.12 
911.504	380.51 
911.877	415.43 
912.249	408.44 
912.621	466.65 
912.993	427.07 
913.365	401.46 
913.737	417.76 
914.109	401.46 
914.481	364.21 
914.853	420.08 
915.224	420.08 
915.596	354.9  
915.968	396.8  
916.339	345.58 
916.71	466.65  
917.082	434.05 
917.453	420.08 
917.824	371.19 
918.195	382.83 
918.566	387.49 
918.937	403.79 
919.308	434.05 
919.679	406.12 
920.05	396.8   
920.421	347.91 
920.791	361.88 
921.162	385.16 
921.532	343.26 
921.903	352.57 
922.273	371.19 
922.644	401.46 
923.014	380.51 
923.384	373.52 
923.754	392.15 
924.124	396.8  
924.494	410.77 
924.864	438.71 
925.234	410.77 
925.604	513.21 
925.973	380.51 
926.343	350.24 
926.712	294.37 
927.082	396.8  
927.451	378.18 
927.821	420.08 
928.19	417.76  
928.559	380.51 
928.928	366.54 
929.297	417.76 
929.666	406.12 
930.035	373.52 
930.404	285.05 
930.773	389.82 
931.142	410.77 
931.51	361.88  
931.879	252.46 
932.247	422.41 
932.616	410.77 
932.984	354.9  
933.353	415.43 
933.721	429.4  
934.089	315.32 
934.457	387.49 
934.825	387.49 
935.193	394.48 
935.561	401.46 
935.929	415.43 
936.296	422.41 
936.664	450.35 
937.032	422.41 
937.399	438.71 
937.767	385.16 
938.134	338.6  
938.501	319.97 
938.869	431.73 
939.236	382.83 
939.603	450.35 
939.97	389.82  
940.337	385.16 
940.704	315.32 
941.071	448.02 
941.438	464.32 
941.804	373.52 
942.171	352.57 
942.538	382.83 
942.904	396.8  
943.27	350.24  
943.637	368.87 
944.003	410.77 
944.369	401.46 
944.735	450.35 
945.102	371.19 
945.468	422.41 
945.833	364.21 
946.199	317.65 
946.565	459.66 
946.931	354.9  
947.296	375.85 
947.662	401.46 
948.028	368.87 
948.393	394.48 
948.758	434.05 
949.124	361.88 
949.489	350.24 
949.854	371.19 
950.219	408.44 
950.584	371.19 
950.949	322.3  
951.314	366.54 
951.679	406.12 
952.044	434.05 
952.408	415.43 
952.773	389.82 
953.137	361.88 
953.502	394.48 
953.866	385.16 
954.231	436.38 
954.595	354.9  
954.959	373.52 
955.323	413.1  
955.687	394.48 
956.051	340.93 
956.415	392.15 
956.779	331.62 
957.143	385.16 
957.506	361.88 
957.87	329.29  
958.234	401.46 
958.597	366.54 
958.961	394.48 
959.324	406.12 
959.687	385.16 
960.05	345.58  
960.413	436.38 
960.776	375.85 
961.139	366.54 
961.502	399.13 
961.865	359.55 
962.228	401.46 
962.591	403.79 
962.953	347.91 
963.316	406.12 
963.678	375.85 
964.041	396.8  
964.403	366.54 
964.765	371.19 
965.128	287.38 
965.49	343.26  
965.852	389.82 
966.214	403.79 
966.576	350.24 
966.938	410.77 
967.299	434.05 
967.661	382.83 
968.023	450.35 
968.384	403.79 
968.746	345.58 
969.107	394.48 
969.469	401.46 
969.83	427.07  
970.191	375.85 
970.552	396.8  
970.913	352.57 
971.274	387.49 
971.635	410.77 
971.996	389.82 
972.357	333.94 
972.718	350.24 
973.078	385.16 
973.439	396.8  
973.8	410.77   
974.16	387.49  
974.52	366.54  
974.881	389.82 
975.241	352.57 
975.601	378.18 
975.961	468.98 
976.321	380.51 
976.681	326.96 
977.041	429.4  
977.401	366.54 
977.76	343.26  
978.12	410.77  
978.48	378.18  
978.839	420.08 
979.199	399.13 
979.558	443.37 
979.917	354.9  
980.277	394.48 
980.636	368.87 
980.995	368.87 
981.354	366.54 
981.713	396.8  
982.072	445.69 
982.43	380.51  
982.789	389.82 
983.148	385.16 
983.506	371.19 
983.865	443.37 
984.223	392.15 
984.582	415.43 
984.94	385.16  
985.298	368.87 
985.656	408.44 
986.015	354.9  
986.373	436.38 
986.731	436.38 
987.088	408.44 
987.446	354.9  
987.804	392.15 
988.162	378.18 
988.519	410.77 
988.877	424.74 
989.234	392.15 
989.591	410.77 
989.949	385.16 
990.306	387.49 
990.663	385.16 
991.02	434.05  
991.377	317.65 
991.734	375.85 
992.091	319.97 
992.448	431.73 
992.805	361.88 
993.161	387.49 
993.518	459.66 
993.874	431.73 
994.231	394.48 
994.587	373.52 
994.943	408.44 
995.3	371.19   
995.656	427.07 
996.012	441.04 
996.368	326.96 
996.724	378.18 
997.08	331.62  
997.435	382.83 
997.791	417.76 
998.147	396.8  
998.502	357.23 
998.858	324.63 
999.213	294.37 
999.569	410.77 
999.924	352.57 
1000.279	357.23
1000.634	378.18
1000.989	436.38
1001.344	345.58
1001.699	359.55
1002.054	408.44
1002.409	422.41
1002.764	340.93
1003.118	415.43
1003.473	361.88
1003.827	322.3 
1004.182	417.76
1004.536	338.6 
1004.89	417.76 
1005.245	429.4 
1005.599	431.73
1005.953	373.52
1006.307	366.54
1006.661	410.77
1007.015	392.15
1007.368	413.1 
1007.722	401.46
1008.076	371.19
1008.429	378.18
1008.783	392.15
1009.136	403.79
1009.489	392.15
1009.843	345.58
1010.196	385.16
1010.549	457.34
1010.902	329.29
1011.255	415.43
1011.608	429.4 
1011.961	413.1 
1012.313	461.99
1012.666	394.48
1013.019	352.57
1013.371	299.02
1013.724	389.82
1014.076	450.35
1014.428	357.23
1014.781	345.58
1015.133	336.27
1015.485	420.08
1015.837	399.13
1016.189	399.13
1016.541	336.27
1016.893	368.87
1017.244	387.49
1017.596	382.83
1017.947	382.83
1018.299	345.58
1018.65	301.35 
1019.002	408.44
1019.353	382.83
1019.704	429.4 
1020.055	420.08
1020.407	385.16
1020.758	406.12
1021.108	368.87
1021.459	480.62
1021.81	415.43 
1022.161	357.23
1022.511	333.94
1022.862	413.1 
1023.213	385.16
1023.563	324.63
1023.913	399.13
1024.264	382.83
1024.614	366.54
1024.964	422.41
1025.314	364.21
1025.664	359.55
1026.014	424.74
1026.364	375.85
1026.713	417.76
1027.063	373.52
1027.413	441.04
1027.762	371.19
1028.112	413.1 
1028.461	359.55
1028.81	424.74 
1029.16	427.07 
1029.509	364.21
1029.858	371.19
1030.207	413.1 
1030.556	343.26
1030.905	392.15
1031.254	392.15
1031.602	378.18
1031.951	413.1 
1032.3	396.8   
1032.648	331.62
1032.996	331.62
1033.345	331.62