187.879	-36.67 
188.346	-36.67 
188.813	-36.67 
189.28	-55.29  
189.747	-64.61 
190.214	-125.14
190.681	-43.65 
191.148	-80.9  
191.614	-115.83
192.081	-73.92 
192.548	-34.34 
193.014	-80.9  
193.481	-29.68 
193.948	-48.31 
194.414	75.08  
194.881	72.75  
195.347	58.79  
195.813	19.21  
196.28	168.21  
196.746	89.05  
197.212	149.58 
197.678	179.85 
198.145	89.05  
198.611	191.49 
199.077	217.1  
199.543	214.77 
200.009	142.6  
200.475	221.76 
200.941	254.35 
201.407	272.98 
201.873	270.65 
202.338	291.6  
202.804	335.84 
203.27	398.7   
203.735	324.19 
204.201	312.55 
204.667	347.48 
205.132	382.4  
205.598	368.43 
206.063	382.4  
206.529	342.82 
206.994	342.82 
207.459	345.15 
207.925	394.04 
208.39	410.34  
208.855	452.24 
209.32	410.34  
209.785	405.68 
210.25	361.44  
210.715	331.18 
211.18	431.29  
211.645	382.4  
212.11	389.38  
212.575	363.77 
213.04	338.16  
213.504	314.88 
213.969	387.05 
214.434	340.49 
214.899	340.49 
215.363	333.51 
215.828	373.09 
216.292	403.35 
216.757	342.82 
217.221	319.54 
217.685	410.34 
218.15	349.8   
218.614	380.07 
219.078	331.18 
219.542	366.1  
220.007	368.43 
220.471	384.73 
220.935	377.74 
221.399	352.13 
221.863	380.07 
222.327	394.04 
222.791	356.79 
223.254	375.41 
223.718	373.09 
224.182	424.3  
224.646	380.07 
225.109	375.41 
225.573	356.79 
226.037	312.55 
226.5	305.57   
226.964	298.58 
227.427	366.1  
227.89	412.66  
228.354	300.91 
228.817	387.05 
229.28	312.55  
229.744	314.88 
230.207	366.1  
230.67	352.13  
231.133	333.51 
231.596	403.35 
232.059	340.49 
232.522	370.76 
232.985	321.87 
233.448	368.43 
233.911	421.98 
234.374	426.63 
234.836	349.8  
235.299	375.41 
235.762	380.07 
236.224	319.54 
236.687	368.43 
237.149	375.41 
237.612	333.51 
238.074	377.74 
238.537	328.85 
238.999	333.51 
239.461	408.01 
239.924	414.99 
240.386	352.13 
240.848	394.04 
241.31	345.15  
241.772	428.96 
242.234	468.54 
242.696	242.71 
243.158	361.44 
243.62	326.52  
244.082	377.74 
244.544	347.48 
245.006	363.77 
245.468	326.52 
245.929	363.77 
246.391	463.88 
246.852	454.57 
247.314	359.12 
247.776	312.55 
248.237	373.09 
248.698	317.21 
249.16	363.77  
249.621	412.66 
250.082	352.13 
250.544	410.34 
251.005	359.12 
251.466	359.12 
251.927	333.51 
252.388	391.71 
252.849	447.59 
253.31	352.13  
253.771	347.48 
254.232	377.74 
254.693	331.18 
255.154	410.34 
255.615	405.68 
256.075	375.41 
256.536	426.63 
256.997	408.01 
257.457	359.12 
257.918	338.16 
258.378	361.44 
258.839	387.05 
259.299	405.68 
259.759	375.41 
260.22	370.76  
260.68	447.59  
261.14	445.26  
261.6	421.98   
262.06	463.88  
262.521	405.68 
262.981	349.8  
263.441	382.4  
263.901	403.35 
264.36	368.43  
264.82	412.66  
265.28	375.41  
265.74	354.46  
266.2	342.82   
266.659	417.32 
267.119	375.41 
267.579	324.19 
268.038	470.87 
268.498	373.09 
268.957	391.71 
269.416	342.82 
269.876	377.74 
270.335	394.04 
270.794	340.49 
271.254	405.68 
271.713	359.12 
272.172	398.7  
272.631	403.35 
273.09	426.63  
273.549	389.38 
274.008	333.51 
274.467	335.84 
274.926	375.41 
275.385	391.71 
275.843	368.43 
276.302	368.43 
276.761	433.62 
277.22	459.23  
277.678	438.27 
278.137	384.73 
278.595	394.04 
279.054	435.95 
279.512	394.04 
279.97	433.62  
280.429	375.41 
280.887	347.48 
281.345	345.15 
281.803	417.32 
282.262	338.16 
282.72	417.32  
283.178	394.04 
283.636	401.02 
284.094	368.43 
284.552	370.76 
285.01	396.37  
285.467	361.44 
285.925	359.12 
286.383	370.76 
286.841	414.99 
287.298	473.2  
287.756	414.99 
288.213	389.38 
288.671	466.21 
289.128	398.7  
289.586	419.65 
290.043	454.57 
290.5	377.74   
290.958	354.46 
291.415	424.3  
291.872	396.37 
292.329	382.4  
292.786	417.32 
293.243	396.37 
293.7	394.04   
294.157	440.6  
294.614	405.68 
295.071	340.49 
295.528	394.04 
295.985	431.29 
296.441	366.1  
296.898	366.1  
297.355	403.35 
297.811	375.41 
298.268	375.41 
298.724	380.07 
299.181	366.1  
299.637	370.76 
300.094	398.7  
300.55	384.73  
301.006	428.96 
301.462	384.73 
301.919	410.34 
302.375	410.34 
302.831	375.41 
303.287	419.65 
303.743	366.1  
304.199	433.62 
304.655	401.02 
305.11	463.88  
305.566	382.4  
306.022	380.07 
306.478	408.01 
306.933	391.71 
307.389	354.46 
307.845	447.59 
308.3	401.02   
308.756	359.12 
309.211	382.4  
309.666	405.68 
310.122	401.02 
310.577	475.52 
311.032	370.76 
311.487	359.12 
311.943	375.41 
312.398	447.59 
312.853	335.84 
313.308	438.27 
313.763	403.35 
314.218	482.51 
314.672	373.09 
315.127	340.49 
315.582	377.74 
316.037	380.07 
316.492	438.27 
316.946	419.65 
317.401	398.7  
317.855	454.57 
318.31	401.02  
318.764	377.74 
319.219	363.77 
319.673	414.99 
320.127	349.8  
320.582	410.34 
321.036	449.91 
321.49	396.37  
321.944	394.04 
322.398	352.13 
322.852	377.74 
323.306	375.41 
323.76	310.23  
324.214	426.63 
324.668	335.84 
325.122	342.82 
325.575	356.79 
326.029	417.32 
326.483	321.87 
326.936	387.05 
327.39	354.46  
327.843	482.51 
328.297	428.96 
328.75	459.23  
329.204	398.7  
329.657	387.05 
330.11	419.65  
330.564	391.71 
331.017	445.26 
331.47	345.15  
331.923	394.04 
332.376	442.93 
332.829	391.71 
333.282	354.46 
333.735	368.43 
334.188	431.29 
334.641	412.66 
335.093	387.05 
335.546	349.8  
335.999	398.7  
336.451	384.73 
336.904	398.7  
337.356	389.38 
337.809	440.6  
338.261	414.99 
338.714	403.35 
339.166	391.71 
339.618	405.68 
340.07	347.48  
340.523	389.38 
340.975	384.73 
341.427	326.52 
341.879	440.6  
342.331	394.04 
342.783	401.02 
343.235	421.98 
343.687	363.77 
344.138	440.6  
344.59	356.79  
345.042	401.02 
345.494	445.26 
345.945	368.43 
346.397	445.26 
346.848	394.04 
347.3	447.59   
347.751	401.02 
348.203	421.98 
348.654	424.3  
349.105	384.73 
349.556	335.84 
350.008	410.34 
350.459	473.2  
350.91	435.95  
351.361	431.29 
351.812	387.05 
352.263	447.59 
352.714	410.34 
353.165	419.65 
353.615	449.91 
354.066	412.66 
354.517	447.59 
354.968	438.27 
355.418	433.62 
355.869	361.44 
356.319	435.95 
356.77	340.49  
357.22	452.24  
357.671	426.63 
358.121	382.4  
358.571	480.18 
359.021	421.98 
359.472	384.73 
359.922	396.37 
360.372	405.68 
360.822	408.01 
361.272	431.29 
361.722	459.23 
362.172	426.63 
362.622	403.35 
363.071	470.87 
363.521	459.23 
363.971	366.1  
364.42	391.71  
364.87	384.73  
365.32	454.57  
365.769	380.07 
366.219	435.95 
366.668	484.84 
367.117	412.66 
367.567	475.52 
368.016	405.68 
368.465	401.02 
368.914	377.74 
369.363	477.85 
369.812	373.09 
370.261	435.95 
370.71	489.49  
371.159	398.7  
371.608	435.95 
372.057	410.34 
372.506	391.71 
372.955	445.26 
373.403	359.12 
373.852	428.96 
374.301	424.3  
374.749	373.09 
375.198	433.62 
375.646	398.7  
376.094	424.3  
376.543	435.95 
376.991	359.12 
377.439	482.51 
377.887	424.3  
378.336	384.73 
378.784	452.24 
379.232	380.07 
379.68	391.71  
380.128	356.79 
380.576	435.95 
381.023	380.07 
381.471	410.34 
381.919	452.24 
382.367	380.07 
382.814	419.65 
383.262	414.99 
383.71	419.65  
384.157	449.91 
384.605	414.99 
385.052	396.37 
385.499	403.35 
385.947	442.93 
386.394	375.41 
386.841	412.66 
387.288	421.98 
387.735	459.23 
388.182	417.32 
388.63	440.6   
389.076	421.98 
389.523	356.79 
389.97	408.01  
390.417	410.34 
390.864	352.13 
391.311	356.79 
391.757	421.98 
392.204	447.59 
392.651	382.4  
393.097	456.9  
393.544	380.07 
393.99	412.66  
394.436	456.9  
394.883	433.62 
395.329	419.65 
395.775	447.59 
396.221	463.88 
396.668	419.65 
397.114	454.57 
397.56	419.65  
398.006	340.49 
398.452	401.02 
398.897	391.71 
399.343	489.49 
399.789	461.56 
400.235	394.04 
400.681	442.93 
401.126	433.62 
401.572	440.6  
402.017	408.01 
402.463	412.66 
402.908	356.79 
403.354	408.01 
403.799	412.66 
404.244	466.21 
404.689	384.73 
405.135	440.6  
405.58	345.15  
406.025	366.1  
406.47	317.21  
406.915	398.7  
407.36	417.32  
407.805	368.43 
408.25	408.01  
408.694	456.9  
409.139	391.71 
409.584	349.8  
410.029	412.66 
410.473	447.59 
410.918	466.21 
411.362	428.96 
411.807	440.6  
412.251	491.82 
412.695	428.96 
413.14	410.34  
413.584	428.96 
414.028	449.91 
414.472	424.3  
414.916	438.27 
415.36	391.71  
415.804	484.84 
416.248	505.79 
416.692	454.57 
417.136	442.93 
417.58	452.24  
418.024	428.96 
418.467	445.26 
418.911	452.24 
419.355	431.29 
419.798	421.98 
420.242	419.65 
420.685	442.93 
421.128	505.79 
421.572	487.16 
422.015	463.88 
422.458	466.21 
422.902	468.54 
423.345	557.01 
423.788	496.48 
424.231	536.06 
424.674	680.4  
425.117	580.29 
425.56	591.93  
426.003	561.67 
426.445	622.2  
426.888	601.24 
427.331	631.51 
427.773	584.95 
428.216	608.23 
428.659	671.09 
429.101	692.04 
429.543	694.37 
429.986	731.62 
430.428	827.07 
430.87	829.4   
431.313	859.67 
431.755	841.04 
432.197	868.98 
432.639	913.22 
433.081	978.4  
433.523	1017.98
433.965	966.76 
434.407	1097.14
434.849	1136.72
435.291	1239.16
435.732	1166.98
436.174	1281.06
436.616	1304.34
437.057	1439.38
437.499	1369.53
437.94	1497.58 
438.382	1655.89
438.823	1653.57
439.264	1776.96
439.706	1849.13
440.147	1858.44
440.588	2026.07
441.029	2112.21
441.47	2147.13 
441.911	2200.68
442.352	2303.12
442.793	2480.06
443.234	2598.79
443.675	2866.53
444.116	2838.59
444.556	3029.5 
444.997	3006.22
445.438	3246.02
445.878	3236.71
446.319	3511.43
446.759	3713.98
447.199	3972.4 
447.64	3984.04 
448.08	4212.2  
448.52	4493.91 
448.961	4563.75
449.401	4770.95
449.841	4964.19
450.281	5339.02
450.721	5692.9 
451.161	5681.26
451.601	5688.24
452.041	6002.54
452.48	6330.81 
452.92	6531.03 
453.36	6710.3  
453.799	6887.24
454.239	7248.1 
454.679	7627.59
455.118	7909.3 
455.557	7951.2 
455.997	7988.45
456.436	8365.61
456.875	8326.03
457.315	8789.34
457.754	8973.26
458.193	8773.04
458.632	9152.53
459.071	9471.48
459.51	8973.26 
459.949	9241   
460.388	9275.92
460.827	9452.86
461.265	9178.14
461.704	8919.71
462.143	8882.46
462.581	8600.76
463.02	8810.29 
463.458	8393.55
463.897	8353.97
464.335	8144.44
464.774	7848.76
465.212	7744   
465.65	7504.2  
466.088	7432.03
466.527	7420.39
466.965	6873.27
467.403	6964.07
467.841	6798.77
468.279	6342.45
468.716	6216.73
469.154	6077.04
469.592	5797.67
470.03	5755.76 
470.467	5369.29
470.905	5464.74
471.343	5362.3 
471.78	5250.55 
472.218	5131.82
472.655	5222.61
473.092	5006.1 
473.53	4763.97 
473.967	4717.41
474.404	4950.22
474.841	4689.47
475.278	4668.52
475.716	4468.3 
476.153	4510.2 
476.589	4542.8 
477.026	4421.73
477.463	4356.54
477.9	4340.25  
478.337	4314.64
478.773	4242.47
479.21	4214.53 
479.647	4223.84
480.083	3949.12
480.52	3923.51 
480.956	3862.98
481.392	3849.01
481.829	3844.35
482.265	3753.55
482.701	3662.76
483.137	3665.08
483.574	3495.13
484.01	3427.61 
484.446	3436.93
484.882	3397.35
485.317	3122.63
485.753	3183.16
486.189	3208.77
486.625	3129.61
487.061	3050.45
487.496	2959.66
487.932	2985.27
488.367	2908.44
488.803	2882.83
489.238	2838.59
489.674	2733.83
490.109	2736.15
490.544	2703.56
490.979	2638.37
491.415	2594.14
491.85	2521.96 
492.285	2496.36
492.72	2619.75 
493.155	2405.56
493.59	2452.12 
494.024	2417.2 
494.459	2398.57
494.894	2442.81
495.329	2261.21
495.763	2433.5 
496.198	2312.43
496.632	2256.56
497.067	2219.31
497.501	2230.95
497.936	2307.78
498.37	2200.68 
498.804	2256.56
499.238	2140.15
499.673	2219.31
500.107	2128.51
500.541	2149.46
500.975	2293.81
501.409	2100.57
501.843	2172.74
502.277	2158.77
502.71	2147.13 
503.144	2126.18
503.578	2168.09
504.011	2205.34
504.445	2263.54
504.878	2200.68
505.312	2279.84
505.745	2226.29
506.179	2221.63
506.612	2170.41
507.045	2261.21
507.479	2212.32
507.912	2328.73
508.345	2382.28
508.778	2496.36
509.211	2393.92
509.644	2372.96
510.077	2347.35
510.509	2431.17
510.942	2468.42
511.375	2454.45
511.808	2584.82
512.24	2645.36 
512.673	2542.92
513.105	2598.79
513.538	2684.94
513.97	2740.81 
514.403	2603.45
514.835	2729.17
515.267	2785.05
515.699	2792.03
516.131	2857.22
516.564	2857.22
516.996	2859.55
517.428	2999.23
517.859	3120.3 
518.291	3031.83
518.723	3027.17
519.155	3250.67
519.587	3064.42
520.018	3185.49
520.45	3220.41 
520.881	3143.58
521.313	3301.89
521.744	3297.24
522.176	3264.64
522.607	3506.77
523.038	3299.57
523.47	3411.32 
523.901	3525.4 
524.332	3560.32
524.763	3551.01
525.194	3644.13
525.625	3723.29
526.056	3686.04
526.487	3630.16
526.917	3797.79
527.348	3825.73
527.779	3814.09
528.21	3855.99 
528.64	3855.99 
529.071	3897.9 
529.501	3893.24
529.932	3956.1 
530.362	4000.34
530.792	3851.34
531.222	3835.04
531.653	4088.81
532.083	4051.56
532.513	4109.76
532.943	4058.54
533.373	4042.24
533.803	4284.37
534.233	4181.93
534.663	4077.17
535.092	4195.9 
535.522	4391.47
535.952	4251.78
536.381	4256.43
536.811	4405.44
537.24	4268.07 
537.67	4309.98 
538.099	4319.29
538.529	4321.62
538.958	4358.87
539.387	4458.98
539.816	4517.19
540.245	4438.03
540.674	4442.69
541.103	4382.15
541.532	4354.22
541.961	4503.22
542.39	4365.86 
542.819	4470.62
543.248	4417.08
543.676	4477.61
544.105	4496.23
544.534	4531.16
544.962	4689.47
545.391	4668.52
545.819	4652.22
546.247	4549.78
546.676	4691.8 
547.104	4691.8 
547.532	4645.23
547.96	4724.39 
548.388	4570.73
548.816	4647.56
549.244	4750   
549.672	4652.22
550.1	4617.3   
550.528	4642.91
550.956	4694.13
551.383	4689.47
551.811	4649.89
552.238	4661.53
552.666	4691.8 
553.094	4740.69
553.521	4673.17
553.948	4635.92
554.376	4864.08
554.803	4689.47
555.23	4796.56 
555.657	4694.13
556.084	4680.16
556.511	4649.89
556.938	4612.64
557.365	4829.16
557.792	4601   
558.219	4635.92
558.646	4687.14
559.072	4696.45
559.499	4729.05
559.926	4587.03
560.352	4745.34
560.779	4668.52
561.205	4691.8 
561.632	4540.47
562.058	4808.2 
562.484	4836.14
562.91	4826.83 
563.337	4750   
563.763	4696.45
564.189	4873.39
564.615	4738.36
565.041	4808.2 
565.466	4759.31
565.892	4826.83
566.318	4864.08
566.744	4759.31
567.169	4780.27
567.595	4791.91
568.021	4887.36
568.446	4789.58
568.872	4703.44
569.297	4607.98
569.722	4710.42
570.148	4708.09
570.573	4621.95
570.998	4731.38
571.423	4601   
571.848	4698.78
572.273	4598.67
572.698	4649.89
573.123	4414.75
573.548	4545.12
573.973	4524.17
574.397	4452   
574.822	4500.89
575.247	4335.59
575.671	4368.19
576.096	4470.62
576.52	4228.5  
576.944	4477.61
577.369	4365.86
577.793	4396.12
578.217	4223.84
578.641	4256.43
579.065	4046.9 
579.49	4205.21 
579.914	4158.65
580.337	4188.92
580.761	4065.53
581.185	4114.42
581.609	4058.54
582.033	4193.57
582.456	4186.59
582.88	4133.04 
583.303	4084.15
583.727	3855.99
584.15	4053.89 
584.574	4035.26
584.997	3967.74
585.42	3970.07 
585.844	4037.59
586.267	3909.54
586.69	4021.29 
587.113	3902.56
587.536	3867.63
587.959	3984.04
588.382	3972.4 
588.804	3762.87
589.227	3897.9 
589.65	3876.95 
590.073	3893.24
590.495	3783.82
590.918	3828.06
591.34	3779.16 
591.763	3700.01
592.185	3688.37
592.607	3751.23
593.03	3627.83 
593.452	3776.84
593.874	3658.1 
594.296	3679.05
594.718	3716.3 
595.14	3807.1  
595.562	3797.79
595.984	3758.21
596.406	3776.84
596.827	3720.96
597.249	3679.05
597.671	3702.34
598.092	3625.51
598.514	3662.76
598.935	3704.66
599.357	3744.24
599.778	3760.54
600.199	3849.01
600.621	3732.6 
601.042	3716.3 
601.463	3716.3 
601.884	3697.68
602.305	3862.98
602.726	3776.84
603.147	3809.43
603.568	3758.21
603.988	3739.59
604.409	3800.12
604.83	3732.6  
605.25	3627.83 
605.671	3709.32
606.092	3765.2 
606.512	3609.21
606.932	3604.55
607.353	3564.97
607.773	3513.76
608.193	3504.44
608.613	3429.94
609.034	3506.77
609.454	3441.58
609.874	3406.66
610.293	3415.97
610.713	3336.82
611.133	3332.16
611.553	3397.35
611.973	3227.39
612.392	3232.05
612.812	3225.07
613.231	3222.74
613.651	3083.05
614.07	3150.56 
614.49	3157.55 
614.909	3113.31
615.328	3115.64
615.747	2961.98
616.167	2945.69
616.586	2985.27
617.005	2847.91
617.424	2927.06
617.843	2845.58
618.261	2903.78
618.68	2764.09 
619.099	2864.2 
619.518	2861.87
619.936	2736.15
620.355	2785.05
620.773	2589.48
621.192	2670.97
621.61	2540.59 
622.029	2547.57
622.447	2584.82
622.865	2487.04
623.283	2505.67
623.701	2542.92
624.119	2582.5 
624.537	2615.09
624.955	2449.79
625.373	2570.86
625.791	2468.42
626.209	2391.59
626.627	2440.48
627.044	2347.35
627.462	2393.92
627.879	2361.32
628.297	2356.67
628.714	2268.2 
629.132	2347.35
629.549	2296.13
629.966	2331.06
630.383	2319.42
630.8	2279.84  
631.217	2193.7 
631.634	2116.87
632.051	2177.4 
632.468	2156.45
632.885	2184.38
633.302	2219.31
633.719	2223.96
634.135	2123.85
634.552	2098.24
634.969	2140.15
635.385	2140.15
635.801	2086.6 
636.218	2067.98
636.634	2028.4 
637.05	2035.38 
637.467	1937.6 
637.883	1960.88
638.299	1998.13
638.715	2035.38
639.131	2000.46
639.547	1984.16
639.963	1902.68
640.378	1842.15
640.794	1874.74
641.21	1872.41 
641.626	1853.79
642.041	1823.52
642.457	1877.07
642.872	1762.99
643.287	1746.69
643.703	1844.47
644.118	1872.41
644.533	1674.52
644.948	1772.3 
645.364	1711.77
645.779	1816.54
646.194	1737.38
646.609	1676.85
647.023	1716.43
647.438	1630.28
647.853	1681.5 
648.268	1595.36
648.682	1644.25
649.097	1683.83
649.511	1667.54
649.926	1595.36
650.34	1623.3  
650.755	1581.39
651.169	1569.75
651.583	1662.88
651.997	1641.93
652.411	1595.36
652.825	1644.25
653.239	1530.17
653.653	1502.24
654.067	1455.67
654.481	1516.21
654.895	1451.02
655.309	1590.71
655.722	1441.7 
656.136	1437.05
656.549	1392.81
656.963	1411.44
657.376	1434.72
657.79	1318.31 
658.203	1371.86
658.616	1381.17
659.029	1395.14
659.442	1420.75
659.855	1385.83
660.268	1367.2 
660.681	1283.39
661.094	1336.94
661.507	1329.95
661.92	1332.28 
662.333	1276.41
662.745	1304.34
663.158	1264.77
663.57	1327.63 
663.983	1262.44
664.395	1243.81
664.808	1220.53
665.22	1243.81 
665.632	1213.55
666.044	1278.73
666.456	1222.86
666.868	1248.47
667.28	1087.83 
667.692	1157.67
668.104	1204.23
668.516	1218.2 
668.928	1104.12
669.34	1146.03 
669.751	1222.86
670.163	1176.3 
670.574	1108.78
670.986	1069.2 
671.397	1122.75
671.809	1031.95
672.22	994.7   
672.631	1104.12
673.042	1104.12
673.453	1064.55
673.864	1150.69
674.275	1043.59
674.686	1097.14
675.097	1055.23
675.508	1031.95
675.919	1017.98
676.33	1057.56 
676.74	978.4   
677.151	1008.67
677.561	950.47 
677.972	1041.26
678.382	990.04 
678.792	1029.62
679.203	1050.58
679.613	922.53 
680.023	880.62 
680.433	966.76 
680.843	929.51 
681.253	959.78 
681.663	866.65 
682.073	952.79 
682.483	945.81 
682.893	903.9  
683.302	889.93 
683.712	862    
684.122	864.32 
684.531	976.08 
684.94	889.93  
685.35	845.7   
685.759	948.14 
686.168	829.4  
686.578	843.37 
686.987	938.83 
687.396	857.34 
687.805	871.31 
688.214	903.9  
688.623	794.48 
689.032	848.03 
689.44	829.4   
689.849	817.76 
690.258	862    
690.666	780.51 
691.075	806.12 
691.484	852.68 
691.892	829.4  
692.3	687.39   
692.709	792.15 
693.117	771.2  
693.525	747.92 
693.933	773.53 
694.341	792.15 
694.749	764.21 
695.157	759.56 
695.565	729.29 
695.973	661.78 
696.381	736.28 
696.788	782.84 
697.196	724.64 
697.604	729.29 
698.011	712.99 
698.419	652.46 
698.826	694.37 
699.234	647.81 
699.641	724.64 
700.048	692.04 
700.455	699.03 
700.862	715.32 
701.269	636.17 
701.676	647.81 
702.083	584.95 
702.49	591.93  
702.897	736.28 
703.304	687.39 
703.71	645.48  
704.117	647.81 
704.524	692.04 
704.93	615.21  
705.337	638.49 
705.743	664.1  
706.149	584.95 
706.556	692.04 
706.962	573.31 
707.368	668.76 
707.774	650.13 
708.18	643.15  
708.586	603.57 
708.992	622.2  
709.398	582.62 
709.804	689.71 
710.209	577.96 
710.615	563.99 
711.021	596.59 
711.426	603.57 
711.832	582.62 
712.237	596.59 
712.642	575.63 
713.048	582.62 
713.453	536.06 
713.858	589.6  
714.263	633.84 
714.668	522.09 
715.073	612.88 
715.478	557.01 
715.883	538.38 
716.288	605.9  
716.693	554.68 
717.097	554.68 
717.502	605.9  
717.906	475.52 
718.311	424.3  
718.715	529.07 
719.12	501.13  
719.524	643.15 
719.928	512.77 
720.333	529.07 
720.737	605.9  
721.141	447.59 
721.545	512.77 
721.949	540.71 
722.353	517.43 
722.757	508.12 
723.16	582.62  
723.564	545.37 
723.968	480.18 
724.371	510.45 
724.775	557.01 
725.178	519.76 
725.582	496.48 
725.985	524.42 
726.388	550.02 
726.792	554.68 
727.195	550.02 
727.598	501.13 
728.001	650.13 
728.404	470.87 
728.807	408.01 
729.21	428.96  
729.612	484.84 
730.015	494.15 
730.418	519.76 
730.82	522.09  
731.223	545.37 
731.625	563.99 
732.028	508.12 
732.43	475.52  
732.833	475.52 
733.235	552.35 
733.637	524.42 
734.039	533.73 
734.441	508.12 
734.843	517.43 
735.245	435.95 
735.647	445.26 
736.049	477.85 
736.451	510.45 
736.852	440.6  
737.254	433.62 
737.655	475.52 
738.057	463.88 
738.458	452.24 
738.86	482.51  
739.261	510.45 
739.662	475.52 
740.064	601.24 
740.465	505.79 
740.866	480.18 
741.267	433.62 
741.668	452.24 
742.069	566.32 
742.469	477.85 
742.87	533.73  
743.271	482.51 
743.672	417.32 
744.072	508.12 
744.473	477.85 
744.873	435.95 
745.274	503.46 
745.674	489.49 
746.074	510.45 
746.474	463.88 
746.875	452.24 
747.275	484.84 
747.675	463.88 
748.075	391.71 
748.474	442.93 
748.874	421.98 
749.274	480.18 
749.674	433.62 
750.073	484.84 
750.473	445.26 
750.873	384.73 
751.272	491.82 
751.671	417.32 
752.071	438.27 
752.47	480.18  
752.869	491.82 
753.268	424.3  
753.668	428.96 
754.067	368.43 
754.466	417.32 
754.864	428.96 
755.263	417.32 
755.662	484.84 
756.061	454.57 
756.459	438.27 
756.858	433.62 
757.257	433.62 
757.655	377.74 
758.053	461.56 
758.452	438.27 
758.85	403.35  
759.248	421.98 
759.646	389.38 
760.045	445.26 
760.443	466.21 
760.841	366.1  
761.238	449.91 
761.636	447.59 
762.034	405.68 
762.432	424.3  
762.829	412.66 
763.227	431.29 
763.625	484.84 
764.022	487.16 
764.419	445.26 
764.817	398.7  
765.214	380.07 
765.611	442.93 
766.008	459.23 
766.406	405.68 
766.803	401.02 
767.199	433.62 
767.596	463.88 
767.993	426.63 
768.39	408.01  
768.787	396.37 
769.183	366.1  
769.58	424.3   
769.977	433.62 
770.373	382.4  
770.769	370.76 
771.166	417.32 
771.562	468.54 
771.958	380.07 
772.354	433.62 
772.75	354.46  
773.146	424.3  
773.542	417.32 
773.938	414.99 
774.334	421.98 
774.73	368.43  
775.126	366.1  
775.521	387.05 
775.917	435.95 
776.312	384.73 
776.708	417.32 
777.103	403.35 
777.499	431.29 
777.894	349.8  
778.289	421.98 
778.684	401.02 
779.079	338.16 
779.474	412.66 
779.869	394.04 
780.264	459.23 
780.659	391.71 
781.054	394.04 
781.448	356.79 
781.843	440.6  
782.238	449.91 
782.632	396.37 
783.027	445.26 
783.421	449.91 
783.815	370.76 
784.21	398.7   
784.604	459.23 
784.998	447.59 
785.392	366.1  
785.786	396.37 
786.18	410.34  
786.574	366.1  
786.968	456.9  
787.361	477.85 
787.755	454.57 
788.149	401.02 
788.542	412.66 
788.936	391.71 
789.329	356.79 
789.722	391.71 
790.116	484.84 
790.509	384.73 
790.902	317.21 
791.295	445.26 
791.688	377.74 
792.081	391.71 
792.474	431.29 
792.867	401.02 
793.26	456.9   
793.653	482.51 
794.045	396.37 
794.438	454.57 
794.83	410.34  
795.223	345.15 
795.615	349.8  
796.008	431.29 
796.4	387.05   
796.792	373.09 
797.184	419.65 
797.576	398.7  
797.968	412.66 
798.36	394.04  
798.752	363.77 
799.144	410.34 
799.536	438.27 
799.928	417.32 
800.319	408.01 
800.711	382.4  
801.102	414.99 
801.494	387.05 
801.885	363.77 
802.276	433.62 
802.668	405.68 
803.059	398.7  
803.45	445.26  
803.841	359.12 
804.232	384.73 
804.623	412.66 
805.014	359.12 
805.405	368.43 
805.795	459.23 
806.186	384.73 
806.577	384.73 
806.967	403.35 
807.358	370.76 
807.748	338.16 
808.139	449.91 
808.529	398.7  
808.919	417.32 
809.309	410.34 
809.699	421.98 
810.089	356.79 
810.479	401.02 
810.869	391.71 
811.259	345.15 
811.649	408.01 
812.039	459.23 
812.428	410.34 
812.818	368.43 
813.207	396.37 
813.597	391.71 
813.986	380.07 
814.376	494.15 
814.765	389.38 
815.154	333.51 
815.543	447.59 
815.932	452.24 
816.321	363.77 
816.71	354.46  
817.099	382.4  
817.488	340.49 
817.877	366.1  
818.265	424.3  
818.654	396.37 
819.043	503.46 
819.431	366.1  
819.819	403.35 
820.208	361.44 
820.596	384.73 
820.984	401.02 
821.372	384.73 
821.761	398.7  
822.149	391.71 
822.537	384.73 
822.924	424.3  
823.312	370.76 
823.7	363.77   
824.088	298.58 
824.475	449.91 
824.863	352.13 
825.251	335.84 
825.638	396.37 
826.025	387.05 
826.413	384.73 
826.8	470.87   
827.187	401.02 
827.574	403.35 
827.961	426.63 
828.348	426.63 
828.735	408.01 
829.122	391.71 
829.509	412.66 
829.896	377.74 
830.282	470.87 
830.669	438.27 
831.055	373.09 
831.442	431.29 
831.828	408.01 
832.215	375.41 
832.601	405.68 
832.987	396.37 
833.373	352.13 
833.759	391.71 
834.145	408.01 
834.531	356.79 
834.917	421.98 
835.303	307.9  
835.689	396.37 
836.074	363.77 
836.46	394.04  
836.846	408.01 
837.231	414.99 
837.617	361.44 
838.002	368.43 
838.387	366.1  
838.772	452.24 
839.158	403.35 
839.543	359.12 
839.928	361.44 
840.313	398.7  
840.698	403.35 
841.082	389.38 
841.467	403.35 
841.852	377.74 
842.237	405.68 
842.621	394.04 
843.006	470.87 
843.39	347.48  
843.774	380.07 
844.159	417.32 
844.543	431.29 
844.927	440.6  
845.311	412.66 
845.695	377.74 
846.079	387.05 
846.463	375.41 
846.847	417.32 
847.231	366.1  
847.615	380.07 
847.998	342.82 
848.382	347.48 
848.765	312.55 
849.149	333.51 
849.532	335.84 
849.916	368.43 
850.299	398.7  
850.682	403.35 
851.065	345.15 
851.448	391.71 
851.831	408.01 
852.214	442.93 
852.597	421.98 
852.98	401.02  
853.363	452.24 
853.745	414.99 
854.128	380.07 
854.51	408.01  
854.893	391.71 
855.275	440.6  
855.658	389.38 
856.04	442.93  
856.422	391.71 
856.804	428.96 
857.186	366.1  
857.568	401.02 
857.95	412.66  
858.332	410.34 
858.714	363.77 
859.096	356.79 
859.477	387.05 
859.859	324.19 
860.24	359.12  
860.622	452.24 
861.003	431.29 
861.385	426.63 
861.766	335.84 
862.147	435.95 
862.528	333.51 
862.909	310.23 
863.29	312.55  
863.671	405.68 
864.052	438.27 
864.433	424.3  
864.814	431.29 
865.194	473.2  
865.575	389.38 
865.955	363.77 
866.336	403.35 
866.716	375.41 
867.097	354.46 
867.477	428.96 
867.857	349.8  
868.237	445.26 
868.617	370.76 
868.997	298.58 
869.377	387.05 
869.757	384.73 
870.137	321.87 
870.517	312.55 
870.896	354.46 
871.276	338.16 
871.655	375.41 
872.035	412.66 
872.414	431.29 
872.794	363.77 
873.173	370.76 
873.552	342.82 
873.931	319.54 
874.31	384.73  
874.689	414.99 
875.068	396.37 
875.447	382.4  
875.826	375.41 
876.205	380.07 
876.583	417.32 
876.962	408.01 
877.341	359.12 
877.719	356.79 
878.097	387.05 
878.476	405.68 
878.854	335.84 
879.232	384.73 
879.61	389.38  
879.988	361.44 
880.366	375.41 
880.744	466.21 
881.122	338.16 
881.5	396.37   
881.878	377.74 
882.255	431.29 
882.633	442.93 
883.011	431.29 
883.388	352.13 
883.765	347.48 
884.143	314.88 
884.52	347.48  
884.897	380.07 
885.274	424.3  
885.651	431.29 
886.028	424.3  
886.405	412.66 
886.782	456.9  
887.159	282.29 
887.536	408.01 
887.912	412.66 
888.289	417.32 
888.665	382.4  
889.042	398.7  
889.418	387.05 
889.794	417.32 
890.171	452.24 
890.547	419.65 
890.923	335.84 
891.299	463.88 
891.675	396.37 
892.051	408.01 
892.427	424.3  
892.803	349.8  
893.178	414.99 
893.554	412.66 
893.929	410.34 
894.305	375.41 
894.68	361.44  
895.056	440.6  
895.431	398.7  
895.806	396.37 
896.181	394.04 
896.557	405.68 
896.932	352.13 
897.307	396.37 
897.681	384.73 
898.056	408.01 
898.431	468.54 
898.806	387.05 
899.18	324.19  
899.555	347.48 
899.929	414.99 
900.304	380.07 
900.678	394.04 
901.052	401.02 
901.427	366.1  
901.801	333.51 
902.175	396.37 
902.549	454.57 
902.923	387.05 
903.297	366.1  
903.67	349.8   
904.044	366.1  
904.418	391.71 
904.791	394.04 
905.165	421.98 
905.538	352.13 
905.912	389.38 
906.285	382.4  
906.658	408.01 
907.032	370.76 
907.405	391.71 
907.778	391.71 
908.151	354.46 
908.524	391.71 
908.896	373.09 
909.269	442.93 
909.642	368.43 
910.015	442.93 
910.387	359.12 
910.76	368.43  
911.132	403.35 
911.504	342.82 
911.877	412.66 
912.249	342.82 
912.621	394.04 
912.993	361.44 
913.365	438.27 
913.737	426.63 
914.109	405.68 
914.481	356.79 
914.853	373.09 
915.224	354.46 
915.596	363.77 
915.968	324.19 
916.339	370.76 
916.71	373.09  
917.082	382.4  
917.453	284.62 
917.824	377.74 
918.195	368.43 
918.566	419.65 
918.937	410.34 
919.308	408.01 
919.679	356.79 
920.05	389.38  
920.421	405.68 
920.791	414.99 
921.162	387.05 
921.532	408.01 
921.903	377.74 
922.273	384.73 
922.644	459.23 
923.014	352.13 
923.384	414.99 
923.754	366.1  
924.124	417.32 
924.494	389.38 
924.864	410.34 
925.234	352.13 
925.604	366.1  
925.973	396.37 
926.343	359.12 
926.712	396.37 
927.082	396.37 
927.451	477.85 
927.821	366.1  
928.19	389.38  
928.559	384.73 
928.928	398.7  
929.297	375.41 
929.666	356.79 
930.035	373.09 
930.404	314.88 
930.773	359.12 
931.142	375.41 
931.51	389.38  
931.879	428.96 
932.247	363.77 
932.616	403.35 
932.984	366.1  
933.353	391.71 
933.721	396.37 
934.089	349.8  
934.457	366.1  
934.825	435.95 
935.193	428.96 
935.561	435.95 
935.929	417.32 
936.296	449.91 
936.664	410.34 
937.032	340.49 
937.399	312.55 
937.767	326.52 
938.134	389.38 
938.501	368.43 
938.869	380.07 
939.236	440.6  
939.603	401.02 
939.97	340.49  
940.337	421.98 
940.704	321.87 
941.071	375.41 
941.438	363.77 
941.804	380.07 
942.171	417.32 
942.538	356.79 
942.904	310.23 
943.27	303.24  
943.637	396.37 
944.003	401.02 
944.369	403.35 
944.735	342.82 
945.102	356.79 
945.468	380.07 
945.833	345.15 
946.199	403.35 
946.565	382.4  
946.931	445.26 
947.296	368.43 
947.662	368.43 
948.028	394.04 
948.393	419.65 
948.758	414.99 
949.124	417.32 
949.489	366.1  
949.854	412.66 
950.219	405.68 
950.584	384.73 
950.949	377.74 
951.314	394.04 
951.679	408.01 
952.044	347.48 
952.408	333.51 
952.773	421.98 
953.137	384.73 
953.502	368.43 
953.866	370.76 
954.231	428.96 
954.595	445.26 
954.959	324.19 
955.323	370.76 
955.687	349.8  
956.051	414.99 
956.415	387.05 
956.779	410.34 
957.143	414.99 
957.506	394.04 
957.87	370.76  
958.234	394.04 
958.597	419.65 
958.961	324.19 
959.324	352.13 
959.687	368.43 
960.05	435.95  
960.413	359.12 
960.776	396.37 
961.139	438.27 
961.502	328.85 
961.865	387.05 
962.228	421.98 
962.591	356.79 
962.953	363.77 
963.316	389.38 
963.678	449.91 
964.041	440.6  
964.403	394.04 
964.765	452.24 
965.128	363.77 
965.49	389.38  
965.852	463.88 
966.214	352.13 
966.576	366.1  
966.938	401.02 
967.299	387.05 
967.661	452.24 
968.023	373.09 
968.384	431.29 
968.746	363.77 
969.107	380.07 
969.469	398.7  
969.83	335.84  
970.191	384.73 
970.552	354.46 
970.913	461.56 
971.274	396.37 
971.635	401.02 
971.996	328.85 
972.357	396.37 
972.718	370.76 
973.078	468.54 
973.439	331.18 
973.8	403.35   
974.16	370.76  
974.52	368.43  
974.881	324.19 
975.241	366.1  
975.601	398.7  
975.961	326.52 
976.321	342.82 
976.681	349.8  
977.041	398.7  
977.401	396.37 
977.76	391.71  
978.12	387.05  
978.48	342.82  
978.839	312.55 
979.199	380.07 
979.558	401.02 
979.917	370.76 
980.277	373.09 
980.636	380.07 
980.995	428.96 
981.354	335.84 
981.713	452.24 
982.072	414.99 
982.43	401.02  
982.789	387.05 
983.148	359.12 
983.506	300.91 
983.865	408.01 
984.223	387.05 
984.582	403.35 
984.94	463.88  
985.298	319.54 
985.656	359.12 
986.015	375.41 
986.373	431.29 
986.731	368.43 
987.088	347.48 
987.446	398.7  
987.804	384.73 
988.162	370.76 
988.519	352.13 
988.877	417.32 
989.234	391.71 
989.591	366.1  
989.949	368.43 
990.306	363.77 
990.663	410.34 
991.02	410.34  
991.377	384.73 
991.734	347.48 
992.091	363.77 
992.448	401.02 
992.805	373.09 
993.161	352.13 
993.518	380.07 
993.874	377.74 
994.231	363.77 
994.587	401.02 
994.943	438.27 
995.3	321.87   
995.656	361.44 
996.012	368.43 
996.368	391.71 
996.724	387.05 
997.08	435.95  
997.435	340.49 
997.791	319.54 
998.147	410.34 
998.502	375.41 
998.858	424.3  
999.213	449.91 
999.569	338.16 
999.924	354.46 
1000.279	412.66
1000.634	394.04
1000.989	389.38
1001.344	314.88
1001.699	414.99
1002.054	333.51
1002.409	408.01
1002.764	414.99
1003.118	340.49
1003.473	352.13
1003.827	396.37
1004.182	331.18
1004.536	394.04
1004.89	338.16 
1005.245	340.49
1005.599	435.95
1005.953	352.13
1006.307	408.01
1006.661	398.7 
1007.015	403.35
1007.368	335.84
1007.722	414.99
1008.076	410.34
1008.429	373.09
1008.783	361.44
1009.136	405.68
1009.489	305.57
1009.843	345.15
1010.196	410.34
1010.549	401.02
1010.902	356.79
1011.255	354.46
1011.608	382.4 
1011.961	354.46
1012.313	377.74
1012.666	333.51
1013.019	382.4 
1013.371	340.49
1013.724	368.43
1014.076	328.85
1014.428	373.09
1014.781	396.37
1015.133	352.13
1015.485	403.35
1015.837	403.35
1016.189	382.4 
1016.541	366.1 
1016.893	377.74
1017.244	408.01
1017.596	333.51
1017.947	405.68
1018.299	286.94
1018.65	384.73 
1019.002	391.71
1019.353	335.84
1019.704	291.6 
1020.055	377.74
1020.407	324.19
1020.758	382.4 
1021.108	401.02
1021.459	403.35
1021.81	403.35 
1022.161	414.99
1022.511	410.34
1022.862	340.49
1023.213	356.79
1023.563	398.7 
1023.913	370.76
1024.264	391.71
1024.614	380.07
1024.964	389.38
1025.314	387.05
1025.664	373.09
1026.014	326.52
1026.364	377.74
1026.713	359.12
1027.063	352.13
1027.413	419.65
1027.762	396.37
1028.112	408.01
1028.461	347.48
1028.81	377.74 
1029.16	414.99 
1029.509	403.35
1029.858	433.62
1030.207	403.35
1030.556	435.95
1030.905	370.76
1031.254	398.7 
1031.602	403.35
1031.951	421.98
1032.3	419.65  
1032.648	438.27
1032.996	438.27
1033.345	438.27