187.879	-68.68  
188.346	-68.68  
188.813	-68.68  
189.28	-52.38   
189.747	-47.73  
190.214	-73.34  
190.681	-84.98  
191.148	-22.12  
191.614	-82.65  
192.081	-57.04  
192.548	-131.54 
193.014	-61.7   
193.481	-3.49   
193.948	54.71   
194.414	36.09   
194.881	26.77   
195.347	5.82    
195.813	57.04   
196.28	91.96    
196.746	124.56  
197.212	119.9   
197.678	126.88  
198.145	189.74  
198.611	180.43  
199.077	159.48  
199.543	208.37  
200.009	210.7   
200.475	261.92  
200.941	317.79  
201.407	315.46  
201.873	303.82  
202.338	313.14  
202.804	259.59  
203.27	315.46   
203.735	306.15  
204.201	331.76  
204.667	429.54  
205.132	362.03  
205.598	343.4   
206.063	385.31  
206.529	471.45  
206.994	366.68  
207.459	366.68  
207.925	324.78  
208.39	378.32   
208.855	420.23  
209.32	373.67   
209.785	415.57  
210.25	376      
210.715	415.57  
211.18	455.15   
211.645	455.15  
212.11	429.54   
212.575	364.35  
213.04	341.07   
213.504	371.34  
213.969	399.28  
214.434	417.9   
214.899	357.37  
215.363	387.64  
215.828	380.65  
216.292	324.78  
216.757	362.03  
217.221	392.29  
217.685	518.01  
218.15	306.15   
218.614	310.81  
219.078	371.34  
219.542	310.81  
220.007	350.39  
220.471	362.03  
220.935	364.35  
221.399	389.96  
221.863	392.29  
222.327	410.92  
222.791	329.43  
223.254	362.03  
223.718	366.68  
224.182	301.49  
224.646	371.34  
225.109	438.86  
225.573	352.71  
226.037	359.7   
226.5	382.98    
226.964	371.34  
227.427	403.93  
227.89	389.96   
228.354	294.51  
228.817	436.53  
229.28	324.78   
229.744	336.42  
230.207	403.93  
230.67	369.01   
231.133	408.59  
231.596	371.34  
232.059	357.37  
232.522	434.2   
232.985	382.98  
233.448	385.31  
233.911	389.96  
234.374	406.26  
234.836	406.26  
235.299	324.78  
235.762	364.35  
236.224	389.96  
236.687	462.14  
237.149	387.64  
237.612	348.06  
238.074	413.25  
238.537	362.03  
238.999	382.98  
239.461	434.2   
239.924	308.48  
240.386	345.73  
240.848	371.34  
241.31	403.93   
241.772	327.1   
242.234	357.37  
242.696	464.47  
243.158	385.31  
243.62	369.01   
244.082	380.65  
244.544	420.23  
245.006	329.43  
245.468	350.39  
245.929	345.73  
246.391	389.96  
246.852	445.84  
247.314	401.61  
247.776	410.92  
248.237	376     
248.698	362.03  
249.16	408.59   
249.621	403.93  
250.082	422.56  
250.544	424.89  
251.005	343.4   
251.466	362.03  
251.927	434.2   
252.388	429.54  
252.849	317.79  
253.31	455.15   
253.771	366.68  
254.232	424.89  
254.693	362.03  
255.154	403.93  
255.615	380.65  
256.075	378.32  
256.536	364.35  
256.997	399.28  
257.457	341.07  
257.918	422.56  
258.378	392.29  
258.839	403.93  
259.299	431.87  
259.759	396.95  
260.22	438.86   
260.68	399.28   
261.14	392.29   
261.6	448.17    
262.06	415.57   
262.521	338.75  
262.981	394.62  
263.441	389.96  
263.901	371.34  
264.36	345.73   
264.82	462.14   
265.28	359.7    
265.74	436.53   
266.2	427.21    
266.659	362.03  
267.119	387.64  
267.579	378.32  
268.038	389.96  
268.498	403.93  
268.957	403.93  
269.416	452.82  
269.876	392.29  
270.335	408.59  
270.794	401.61  
271.254	410.92  
271.713	387.64  
272.172	334.09  
272.631	380.65  
273.09	371.34   
273.549	427.21  
274.008	392.29  
274.467	417.9   
274.926	427.21  
275.385	389.96  
275.843	403.93  
276.302	399.28  
276.761	464.47  
277.22	417.9    
277.678	427.21  
278.137	424.89  
278.595	394.62  
279.054	413.25  
279.512	334.09  
279.97	399.28   
280.429	401.61  
280.887	457.48  
281.345	415.57  
281.803	455.15  
282.262	413.25  
282.72	450.5    
283.178	417.9   
283.636	396.95  
284.094	394.62  
284.552	452.82  
285.01	396.95   
285.467	403.93  
285.925	345.73  
286.383	424.89  
286.841	443.51  
287.298	355.04  
287.756	415.57  
288.213	399.28  
288.671	382.98  
289.128	420.23  
289.586	436.53  
290.043	466.79  
290.5	399.28    
290.958	357.37  
291.415	417.9   
291.872	413.25  
292.329	399.28  
292.786	431.87  
293.243	415.57  
293.7	357.37    
294.157	415.57  
294.614	436.53  
295.071	415.57  
295.528	443.51  
295.985	476.11  
296.441	369.01  
296.898	403.93  
297.355	369.01  
297.811	443.51  
298.268	389.96  
298.724	462.14  
299.181	457.48  
299.637	387.64  
300.094	396.95  
300.55	320.12   
301.006	476.11  
301.462	394.62  
301.919	373.67  
302.375	382.98  
302.831	382.98  
303.287	403.93  
303.743	476.11  
304.199	450.5   
304.655	417.9   
305.11	431.87   
305.566	443.51  
306.022	469.12  
306.478	387.64  
306.933	431.87  
307.389	392.29  
307.845	396.95  
308.3	373.67    
308.756	443.51  
309.211	476.11  
309.666	455.15  
310.122	424.89  
310.577	399.28  
311.032	410.92  
311.487	403.93  
311.943	408.59  
312.398	443.51  
312.853	399.28  
313.308	445.84  
313.763	443.51  
314.218	427.21  
314.672	420.23  
315.127	389.96  
315.582	478.43  
316.037	382.98  
316.492	385.31  
316.946	366.68  
317.401	417.9   
317.855	452.82  
318.31	399.28   
318.764	448.17  
319.219	448.17  
319.673	413.25  
320.127	452.82  
320.582	422.56  
321.036	376     
321.49	422.56   
321.944	387.64  
322.398	420.23  
322.852	364.35  
323.306	424.89  
323.76	434.2    
324.214	359.7   
324.668	422.56  
325.122	389.96  
325.575	466.79  
326.029	415.57  
326.483	476.11  
326.936	462.14  
327.39	450.5    
327.843	348.06  
328.297	485.42  
328.75	422.56   
329.204	457.48  
329.657	476.11  
330.11	494.73   
330.564	408.59  
331.017	378.32  
331.47	394.62   
331.923	431.87  
332.376	371.34  
332.829	427.21  
333.282	378.32  
333.735	410.92  
334.188	382.98  
334.641	357.37  
335.093	408.59  
335.546	466.79  
335.999	431.87  
336.451	413.25  
336.904	438.86  
337.356	385.31  
337.809	315.46  
338.261	448.17  
338.714	443.51  
339.166	427.21  
339.618	434.2   
340.07	362.03   
340.523	441.18  
340.975	420.23  
341.427	352.71  
341.879	410.92  
342.331	445.84  
342.783	410.92  
343.235	422.56  
343.687	394.62  
344.138	385.31  
344.59	441.18   
345.042	469.12  
345.494	387.64  
345.945	406.26  
346.397	438.86  
346.848	406.26  
347.3	462.14    
347.751	438.86  
348.203	471.45  
348.654	487.75  
349.105	480.76  
349.556	438.86  
350.008	417.9   
350.459	448.17  
350.91	448.17   
351.361	415.57  
351.812	464.47  
352.263	441.18  
352.714	385.31  
353.165	427.21  
353.615	410.92  
354.066	445.84  
354.517	462.14  
354.968	462.14  
355.418	422.56  
355.869	459.81  
356.319	389.96  
356.77	396.95   
357.22	415.57   
357.671	443.51  
358.121	443.51  
358.571	441.18  
359.021	438.86  
359.472	401.61  
359.922	448.17  
360.372	392.29  
360.822	406.26  
361.272	399.28  
361.722	469.12  
362.172	483.09  
362.622	403.93  
363.071	415.57  
363.521	389.96  
363.971	429.54  
364.42	473.78   
364.87	429.54   
365.32	448.17   
365.769	478.43  
366.219	436.53  
366.668	413.25  
367.117	394.62  
367.567	464.47  
368.016	499.39  
368.465	441.18  
368.914	457.48  
369.363	429.54  
369.812	380.65  
370.261	396.95  
370.71	438.86   
371.159	394.62  
371.608	427.21  
372.057	315.46  
372.506	355.04  
372.955	450.5   
373.403	396.95  
373.852	371.34  
374.301	427.21  
374.749	413.25  
375.198	350.39  
375.646	438.86  
376.094	487.75  
376.543	483.09  
376.991	443.51  
377.439	387.64  
377.887	366.68  
378.336	396.95  
378.784	487.75  
379.232	457.48  
379.68	392.29   
380.128	457.48  
380.576	471.45  
381.023	457.48  
381.471	389.96  
381.919	450.5   
382.367	399.28  
382.814	364.35  
383.262	445.84  
383.71	431.87   
384.157	476.11  
384.605	357.37  
385.052	427.21  
385.499	441.18  
385.947	471.45  
386.394	352.71  
386.841	429.54  
387.288	450.5   
387.735	355.04  
388.182	378.32  
388.63	450.5    
389.076	436.53  
389.523	429.54  
389.97	352.71   
390.417	429.54  
390.864	462.14  
391.311	497.06  
391.757	394.62  
392.204	357.37  
392.651	413.25  
393.097	364.35  
393.544	401.61  
393.99	406.26   
394.436	401.61  
394.883	410.92  
395.329	427.21  
395.775	422.56  
396.221	424.89  
396.668	408.59  
397.114	562.25  
397.56	357.37   
398.006	410.92  
398.452	415.57  
398.897	403.93  
399.343	345.73  
399.789	392.29  
400.235	413.25  
400.681	448.17  
401.126	410.92  
401.572	417.9   
402.017	376     
402.463	415.57  
402.908	473.78  
403.354	445.84  
403.799	441.18  
404.244	406.26  
404.689	471.45  
405.135	408.59  
405.58	389.96   
406.025	410.92  
406.47	396.95   
406.915	406.26  
407.36	459.81   
407.805	394.62  
408.25	450.5    
408.694	406.26  
409.139	462.14  
409.584	392.29  
410.029	443.51  
410.473	518.01  
410.918	424.89  
411.362	457.48  
411.807	464.47  
412.251	401.61  
412.695	359.7   
413.14	410.92   
413.584	441.18  
414.028	492.4   
414.472	389.96  
414.916	420.23  
415.36	455.15   
415.804	504.04  
416.248	492.4   
416.692	436.53  
417.136	473.78  
417.58	497.06   
418.024	459.81  
418.467	431.87  
418.911	441.18  
419.355	473.78  
419.798	480.76  
420.242	536.64  
420.685	485.42  
421.128	476.11  
421.572	464.47  
422.015	522.67  
422.458	494.73  
422.902	506.37  
423.345	557.59  
423.788	520.34  
424.231	543.62  
424.674	585.53  
425.117	592.51  
425.56	534.31   
426.003	590.19  
426.445	545.95  
426.888	646.06  
427.331	653.05  
427.773	587.86  
428.216	625.11  
428.659	629.76  
429.101	699.61  
429.543	692.62  
429.986	757.81  
430.428	757.81  
430.87	653.05   
431.313	827.66  
431.755	741.51  
432.197	890.52  
432.639	895.17  
433.081	916.13  
433.523	897.5   
433.965	992.95  
434.407	1076.77 
434.849	1125.66 
435.291	1235.08 
435.732	1360.8  
436.174	1216.46 
436.616	1421.33 
437.057	1591.29 
437.499	1668.12 
437.94	1768.23  
438.382	1705.37 
438.823	1952.15 
439.264	1973.1  
439.706	2070.89 
440.147	2308.36 
440.588	2224.54 
441.029	2543.5  
441.47	2787.96  
441.911	2981.19 
442.352	3113.9  
442.793	3244.27 
443.234	3430.52 
443.675	3605.14 
444.116	3998.59 
444.556	4219.77 
444.997	4364.11 
445.438	4731.96 
445.878	4915.88 
446.319	5183.62 
446.759	5497.92 
447.199	6017.1  
447.64	6359.33  
448.08	6848.24  
448.52	7255.67  
448.961	7809.77 
449.401	8463.98 
449.841	9022.73 
450.281	9756.1  
450.721	10354.43
451.161	11064.52
451.601	11541.79
452.041	12570.83
452.48	13183.13 
452.92	13949.09 
453.36	14600.97 
453.799	14859.4 
454.239	15923.36
454.679	16624.13
455.118	17748.63
455.557	18544.85
455.997	19422.56
456.436	20402.71
456.875	21301.38
457.315	22553.92
457.754	24088.17
458.193	24311.67
458.632	25347.7 
459.071	26122.97
459.51	25780.73 
459.949	26192.81
460.388	26155.56
460.827	25836.61
461.265	25994.92
461.704	25187.05
462.143	24875.08
462.581	24418.77
463.02	24414.11 
463.458	23417.66
463.897	22877.53
464.335	22474.76
464.774	21985.85
465.212	22034.74
465.65	20721.67 
466.088	20884.64
466.527	20428.32
466.965	19089.64
467.403	18596.07
467.841	18023.35
468.279	17122.35
468.716	16400.63
469.154	15248.2 
469.592	14424.03
470.03	14053.86 
470.467	13294.88
470.905	13106.3 
471.343	12475.37
471.78	12272.83 
472.218	12040.01
472.655	11842.12
473.092	11688.46
473.53	11241.46 
473.967	11374.16
474.404	11416.07
474.841	11371.83
475.278	10941.13
475.716	10773.5 
476.153	10766.51
476.589	10722.28
477.026	10326.49
477.463	9669.96 
477.9	9674.61   
478.337	9511.64 
478.773	8927.28 
479.21	8603.67  
479.647	8275.4  
480.083	8263.76 
480.52	7823.74  
480.956	7516.42 
481.392	7560.66 
481.829	7181.17 
482.265	7232.39 
482.701	6838.93 
483.137	6745.8  
483.574	6550.24 
484.01	6159.11  
484.446	6180.07 
484.882	5923.97 
485.317	5658.56 
485.753	5500.25 
486.189	5393.15 
486.625	5071.87 
487.061	4766.88 
487.496	4545.71 
487.932	4340.83 
488.367	4212.78 
488.803	4140.61 
489.238	3886.84 
489.674	3821.65 
490.109	3681.96 
490.544	3558.57 
490.979	3549.26 
491.415	3414.23 
491.85	3260.57  
492.285	3176.76 
492.72	3211.68  
493.155	3002.15 
493.59	3116.22  
494.024	2974.21 
494.459	2773.99 
494.894	2760.02 
495.329	2631.97 
495.763	2520.22 
496.198	2501.59 
496.632	2354.92 
497.067	2250.15 
497.501	2226.87 
497.936	2049.93 
498.37	1947.49  
498.804	1954.48 
499.238	1989.4  
499.673	1903.26 
500.107	1852.04 
500.541	1730.98 
500.975	1633.19 
501.409	1682.09 
501.843	1700.71 
502.277	1600.6  
502.71	1591.29  
503.144	1463.24 
503.578	1472.55 
504.011	1444.61 
504.445	1372.44 
504.878	1307.25 
505.312	1274.66 
505.745	1316.57 
506.179	1181.53 
506.612	1197.83 
507.045	1221.11 
507.479	1111.69 
507.912	1062.8  
508.345	1111.69 
508.778	1044.17 
509.211	985.97  
509.644	890.52  
510.077	985.97  
510.509	992.95  
510.942	920.78  
511.375	948.72  
511.808	876.55  
512.24	836.97   
512.673	876.55  
513.105	925.44  
513.538	860.25  
513.97	836.97   
514.403	809.03  
514.835	832.31  
515.267	769.45  
515.699	792.73  
516.131	836.97  
516.564	753.16  
516.996	755.48  
517.428	718.23  
517.859	697.28  
518.291	743.84  
518.723	757.81  
519.155	618.12  
519.587	729.87  
520.018	687.97  
520.45	613.47   
520.881	694.95  
521.313	625.11  
521.744	704.26  
522.176	636.75  
522.607	604.15  
523.038	606.48  
523.47	571.56   
523.901	597.17  
524.332	601.83  
524.763	622.78  
525.194	608.81  
525.625	634.42  
526.056	576.22  
526.487	518.01  
526.917	525     
527.348	620.45  
527.779	590.19  
528.21	548.28   
528.64	550.61   
529.071	559.92  
529.501	550.61  
529.932	541.29  
530.362	618.12  
530.792	552.93  
531.222	455.15  
531.653	506.37  
532.083	552.93  
532.513	569.23  
532.943	499.39  
533.373	506.37  
533.803	550.61  
534.233	559.92  
534.663	511.03  
535.092	485.42  
535.522	555.26  
535.952	506.37  
536.381	548.28  
536.811	548.28  
537.24	497.06   
537.67	494.73   
538.099	438.86  
538.529	501.72  
538.958	487.75  
539.387	499.39  
539.816	501.72  
540.245	483.09  
540.674	525     
541.103	452.82  
541.532	415.57  
541.961	515.68  
542.39	469.12   
542.819	462.14  
543.248	452.82  
543.676	401.61  
544.105	457.48  
544.534	471.45  
544.962	504.04  
545.391	466.79  
545.819	459.81  
546.247	455.15  
546.676	424.89  
547.104	441.18  
547.532	487.75  
547.96	494.73   
548.388	520.34  
548.816	485.42  
549.244	434.2   
549.672	485.42  
550.1	497.06    
550.528	483.09  
550.956	464.47  
551.383	480.76  
551.811	450.5   
552.238	499.39  
552.666	413.25  
553.094	455.15  
553.521	457.48  
553.948	434.2   
554.376	415.57  
554.803	452.82  
555.23	459.81   
555.657	478.43  
556.084	504.04  
556.511	471.45  
556.938	494.73  
557.365	448.17  
557.792	401.61  
558.219	408.59  
558.646	420.23  
559.072	469.12  
559.499	455.15  
559.926	464.47  
560.352	413.25  
560.779	413.25  
561.205	504.04  
561.632	473.78  
562.058	487.75  
562.484	504.04  
562.91	466.79   
563.337	450.5   
563.763	436.53  
564.189	466.79  
564.615	441.18  
565.041	422.56  
565.466	457.48  
565.892	459.81  
566.318	511.03  
566.744	452.82  
567.169	392.29  
567.595	478.43  
568.021	387.64  
568.446	436.53  
568.872	452.82  
569.297	431.87  
569.722	341.07  
570.148	457.48  
570.573	413.25  
570.998	448.17  
571.423	452.82  
571.848	443.51  
572.273	376     
572.698	471.45  
573.123	459.81  
573.548	434.2   
573.973	396.95  
574.397	476.11  
574.822	369.01  
575.247	415.57  
575.671	457.48  
576.096	438.86  
576.52	380.65   
576.944	457.48  
577.369	490.07  
577.793	459.81  
578.217	441.18  
578.641	459.81  
579.065	399.28  
579.49	448.17   
579.914	415.57  
580.337	466.79  
580.761	457.48  
581.185	450.5   
581.609	436.53  
582.033	359.7   
582.456	422.56  
582.88	441.18   
583.303	434.2   
583.727	427.21  
584.15	462.14   
584.574	499.39  
584.997	462.14  
585.42	392.29   
585.844	399.28  
586.267	415.57  
586.69	429.54   
587.113	448.17  
587.536	436.53  
587.959	422.56  
588.382	382.98  
588.804	427.21  
589.227	431.87  
589.65	506.37   
590.073	434.2   
590.495	459.81  
590.918	394.62  
591.34	476.11   
591.763	452.82  
592.185	420.23  
592.607	415.57  
593.03	410.92   
593.452	403.93  
593.874	508.7   
594.296	380.65  
594.718	392.29  
595.14	436.53   
595.562	480.76  
595.984	369.01  
596.406	422.56  
596.827	408.59  
597.249	445.84  
597.671	396.95  
598.092	424.89  
598.514	480.76  
598.935	436.53  
599.357	436.53  
599.778	406.26  
600.199	480.76  
600.621	457.48  
601.042	497.06  
601.463	455.15  
601.884	410.92  
602.305	494.73  
602.726	417.9   
603.147	434.2   
603.568	478.43  
603.988	371.34  
604.409	417.9   
604.83	473.78   
605.25	476.11   
605.671	438.86  
606.092	492.4   
606.512	417.9   
606.932	441.18  
607.353	436.53  
607.773	380.65  
608.193	399.28  
608.613	455.15  
609.034	471.45  
609.454	427.21  
609.874	441.18  
610.293	403.93  
610.713	408.59  
611.133	387.64  
611.553	427.21  
611.973	424.89  
612.392	410.92  
612.812	445.84  
613.231	378.32  
613.651	445.84  
614.07	429.54   
614.49	469.12   
614.909	385.31  
615.328	452.82  
615.747	413.25  
616.167	362.03  
616.586	471.45  
617.005	424.89  
617.424	392.29  
617.843	424.89  
618.261	473.78  
618.68	480.76   
619.099	420.23  
619.518	469.12  
619.936	434.2   
620.355	413.25  
620.773	420.23  
621.192	501.72  
621.61	420.23   
622.029	387.64  
622.447	452.82  
622.865	431.87  
623.283	422.56  
623.701	357.37  
624.119	364.35  
624.537	392.29  
624.955	424.89  
625.373	457.48  
625.791	452.82  
626.209	441.18  
626.627	459.81  
627.044	424.89  
627.462	483.09  
627.879	429.54  
628.297	392.29  
628.714	429.54  
629.132	415.57  
629.549	473.78  
629.966	445.84  
630.383	399.28  
630.8	417.9     
631.217	466.79  
631.634	408.59  
632.051	408.59  
632.468	431.87  
632.885	376     
633.302	408.59  
633.719	445.84  
634.135	469.12  
634.552	424.89  
634.969	541.29  
635.385	478.43  
635.801	408.59  
636.218	396.95  
636.634	410.92  
637.05	417.9    
637.467	429.54  
637.883	413.25  
638.299	476.11  
638.715	487.75  
639.131	385.31  
639.547	445.84  
639.963	443.51  
640.378	385.31  
640.794	406.26  
641.21	471.45   
641.626	436.53  
642.041	373.67  
642.457	387.64  
642.872	466.79  
643.287	443.51  
643.703	483.09  
644.118	403.93  
644.533	378.32  
644.948	389.96  
645.364	364.35  
645.779	483.09  
646.194	415.57  
646.609	355.04  
647.023	343.4   
647.438	422.56  
647.853	380.65  
648.268	443.51  
648.682	487.75  
649.097	394.62  
649.511	424.89  
649.926	483.09  
650.34	471.45   
650.755	429.54  
651.169	494.73  
651.583	434.2   
651.997	413.25  
652.411	448.17  
652.825	464.47  
653.239	427.21  
653.653	369.01  
654.067	424.89  
654.481	427.21  
654.895	445.84  
655.309	389.96  
655.722	480.76  
656.136	350.39  
656.549	394.62  
656.963	394.62  
657.376	436.53  
657.79	434.2    
658.203	364.35  
658.616	415.57  
659.029	457.48  
659.442	403.93  
659.855	438.86  
660.268	348.06  
660.681	406.26  
661.094	380.65  
661.507	387.64  
661.92	380.65   
662.333	420.23  
662.745	308.48  
663.158	436.53  
663.57	434.2    
663.983	371.34  
664.395	445.84  
664.808	417.9   
665.22	511.03   
665.632	476.11  
666.044	366.68  
666.456	455.15  
666.868	385.31  
667.28	408.59   
667.692	436.53  
668.104	485.42  
668.516	473.78  
668.928	373.67  
669.34	389.96   
669.751	357.37  
670.163	450.5   
670.574	403.93  
670.986	399.28  
671.397	376     
671.809	401.61  
672.22	369.01   
672.631	392.29  
673.042	376     
673.453	434.2   
673.864	399.28  
674.275	387.64  
674.686	450.5   
675.097	457.48  
675.508	462.14  
675.919	389.96  
676.33	429.54   
676.74	452.82   
677.151	464.47  
677.561	350.39  
677.972	469.12  
678.382	376     
678.792	392.29  
679.203	445.84  
679.613	429.54  
680.023	448.17  
680.433	415.57  
680.843	417.9   
681.253	362.03  
681.663	455.15  
682.073	343.4   
682.483	406.26  
682.893	441.18  
683.302	478.43  
683.712	366.68  
684.122	366.68  
684.531	396.95  
684.94	448.17   
685.35	378.32   
685.759	406.26  
686.168	406.26  
686.578	392.29  
686.987	394.62  
687.396	382.98  
687.805	382.98  
688.214	410.92  
688.623	417.9   
689.032	415.57  
689.44	436.53   
689.849	413.25  
690.258	441.18  
690.666	417.9   
691.075	434.2   
691.484	399.28  
691.892	438.86  
692.3	429.54    
692.709	385.31  
693.117	396.95  
693.525	459.81  
693.933	389.96  
694.341	394.62  
694.749	369.01  
695.157	392.29  
695.565	410.92  
695.973	403.93  
696.381	448.17  
696.788	415.57  
697.196	408.59  
697.604	385.31  
698.011	373.67  
698.419	329.43  
698.826	345.73  
699.234	431.87  
699.641	471.45  
700.048	450.5   
700.455	401.61  
700.862	376     
701.269	420.23  
701.676	448.17  
702.083	392.29  
702.49	445.84   
702.897	355.04  
703.304	413.25  
703.71	394.62   
704.117	385.31  
704.524	399.28  
704.93	413.25   
705.337	378.32  
705.743	429.54  
706.149	410.92  
706.556	445.84  
706.962	429.54  
707.368	401.61  
707.774	427.21  
708.18	408.59   
708.586	413.25  
708.992	389.96  
709.398	455.15  
709.804	431.87  
710.209	464.47  
710.615	406.26  
711.021	436.53  
711.426	431.87  
711.832	434.2   
712.237	399.28  
712.642	429.54  
713.048	389.96  
713.453	336.42  
713.858	387.64  
714.263	459.81  
714.668	394.62  
715.073	436.53  
715.478	399.28  
715.883	350.39  
716.288	396.95  
716.693	378.32  
717.097	469.12  
717.502	464.47  
717.906	369.01  
718.311	406.26  
718.715	434.2   
719.12	415.57   
719.524	408.59  
719.928	401.61  
720.333	457.48  
720.737	406.26  
721.141	359.7   
721.545	408.59  
721.949	417.9   
722.353	431.87  
722.757	438.86  
723.16	485.42   
723.564	473.78  
723.968	436.53  
724.371	401.61  
724.775	450.5   
725.178	399.28  
725.582	371.34  
725.985	450.5   
726.388	408.59  
726.792	387.64  
727.195	441.18  
727.598	427.21  
728.001	359.7   
728.404	371.34  
728.807	401.61  
729.21	364.35   
729.612	417.9   
730.015	401.61  
730.418	441.18  
730.82	464.47   
731.223	422.56  
731.625	385.31  
732.028	450.5   
732.43	448.17   
732.833	413.25  
733.235	378.32  
733.637	401.61  
734.039	378.32  
734.441	431.87  
734.843	434.2   
735.245	359.7   
735.647	501.72  
736.049	424.89  
736.451	462.14  
736.852	415.57  
737.254	429.54  
737.655	413.25  
738.057	466.79  
738.458	359.7   
738.86	415.57   
739.261	436.53  
739.662	369.01  
740.064	399.28  
740.465	285.2   
740.866	410.92  
741.267	445.84  
741.668	396.95  
742.069	394.62  
742.469	434.2   
742.87	431.87   
743.271	394.62  
743.672	364.35  
744.072	387.64  
744.473	420.23  
744.873	415.57  
745.274	369.01  
745.674	380.65  
746.074	392.29  
746.474	385.31  
746.875	392.29  
747.275	448.17  
747.675	413.25  
748.075	413.25  
748.474	387.64  
748.874	399.28  
749.274	427.21  
749.674	410.92  
750.073	443.51  
750.473	406.26  
750.873	417.9   
751.272	389.96  
751.671	403.93  
752.071	359.7   
752.47	364.35   
752.869	459.81  
753.268	417.9   
753.668	382.98  
754.067	387.64  
754.466	348.06  
754.864	438.86  
755.263	459.81  
755.662	385.31  
756.061	434.2   
756.459	396.95  
756.858	473.78  
757.257	438.86  
757.655	392.29  
758.053	420.23  
758.452	392.29  
758.85	417.9    
759.248	352.71  
759.646	376     
760.045	389.96  
760.443	441.18  
760.841	399.28  
761.238	422.56  
761.636	424.89  
762.034	399.28  
762.432	406.26  
762.829	394.62  
763.227	373.67  
763.625	378.32  
764.022	394.62  
764.419	359.7   
764.817	457.48  
765.214	413.25  
765.611	392.29  
766.008	392.29  
766.406	345.73  
766.803	338.75  
767.199	341.07  
767.596	403.93  
767.993	413.25  
768.39	362.03   
768.787	369.01  
769.183	327.1   
769.58	420.23   
769.977	448.17  
770.373	329.43  
770.769	322.45  
771.166	431.87  
771.562	403.93  
771.958	385.31  
772.354	359.7   
772.75	359.7    
773.146	420.23  
773.542	429.54  
773.938	406.26  
774.334	382.98  
774.73	387.64   
775.126	389.96  
775.521	362.03  
775.917	327.1   
776.312	389.96  
776.708	406.26  
777.103	436.53  
777.499	394.62  
777.894	343.4   
778.289	441.18  
778.684	382.98  
779.079	380.65  
779.474	429.54  
779.869	427.21  
780.264	462.14  
780.659	469.12  
781.054	385.31  
781.448	403.93  
781.843	389.96  
782.238	420.23  
782.632	369.01  
783.027	396.95  
783.421	382.98  
783.815	389.96  
784.21	422.56   
784.604	355.04  
784.998	406.26  
785.392	408.59  
785.786	441.18  
786.18	392.29   
786.574	436.53  
786.968	355.04  
787.361	399.28  
787.755	424.89  
788.149	417.9   
788.542	469.12  
788.936	362.03  
789.329	380.65  
789.722	327.1   
790.116	320.12  
790.509	448.17  
790.902	436.53  
791.295	441.18  
791.688	483.09  
792.081	415.57  
792.474	417.9   
792.867	376     
793.26	424.89   
793.653	408.59  
794.045	448.17  
794.438	408.59  
794.83	420.23   
795.223	415.57  
795.615	380.65  
796.008	403.93  
796.4	306.15    
796.792	441.18  
797.184	392.29  
797.576	399.28  
797.968	387.64  
798.36	417.9    
798.752	429.54  
799.144	441.18  
799.536	366.68  
799.928	415.57  
800.319	450.5   
800.711	417.9   
801.102	448.17  
801.494	420.23  
801.885	415.57  
802.276	452.82  
802.668	343.4   
803.059	436.53  
803.45	394.62   
803.841	373.67  
804.232	452.82  
804.623	389.96  
805.014	427.21  
805.405	429.54  
805.795	445.84  
806.186	415.57  
806.577	329.43  
806.967	366.68  
807.358	385.31  
807.748	366.68  
808.139	410.92  
808.529	401.61  
808.919	369.01  
809.309	336.42  
809.699	392.29  
810.089	380.65  
810.479	417.9   
810.869	373.67  
811.259	450.5   
811.649	371.34  
812.039	376     
812.428	385.31  
812.818	427.21  
813.207	401.61  
813.597	394.62  
813.986	429.54  
814.376	434.2   
814.765	362.03  
815.154	362.03  
815.543	373.67  
815.932	459.81  
816.321	396.95  
816.71	427.21   
817.099	445.84  
817.488	403.93  
817.877	415.57  
818.265	369.01  
818.654	455.15  
819.043	348.06  
819.431	462.14  
819.819	466.79  
820.208	434.2   
820.596	380.65  
820.984	359.7   
821.372	378.32  
821.761	380.65  
822.149	443.51  
822.537	403.93  
822.924	410.92  
823.312	364.35  
823.7	413.25    
824.088	382.98  
824.475	448.17  
824.863	352.71  
825.251	357.37  
825.638	448.17  
826.025	431.87  
826.413	455.15  
826.8	436.53    
827.187	410.92  
827.574	403.93  
827.961	415.57  
828.348	478.43  
828.735	329.43  
829.122	371.34  
829.509	336.42  
829.896	443.51  
830.282	396.95  
830.669	369.01  
831.055	403.93  
831.442	450.5   
831.828	382.98  
832.215	415.57  
832.601	434.2   
832.987	434.2   
833.373	429.54  
833.759	380.65  
834.145	406.26  
834.531	457.48  
834.917	401.61  
835.303	431.87  
835.689	389.96  
836.074	401.61  
836.46	417.9    
836.846	464.47  
837.231	359.7   
837.617	389.96  
838.002	408.59  
838.387	385.31  
838.772	427.21  
839.158	373.67  
839.543	366.68  
839.928	366.68  
840.313	336.42  
840.698	376     
841.082	403.93  
841.467	382.98  
841.852	382.98  
842.237	427.21  
842.621	452.82  
843.006	350.39  
843.39	376      
843.774	292.18  
844.159	413.25  
844.543	331.76  
844.927	373.67  
845.311	378.32  
845.695	457.48  
846.079	406.26  
846.463	443.51  
846.847	413.25  
847.231	490.07  
847.615	431.87  
847.998	406.26  
848.382	401.61  
848.765	415.57  
849.149	387.64  
849.532	406.26  
849.916	406.26  
850.299	408.59  
850.682	466.79  
851.065	410.92  
851.448	429.54  
851.831	373.67  
852.214	366.68  
852.597	403.93  
852.98	441.18   
853.363	343.4   
853.745	301.49  
854.128	401.61  
854.51	410.92   
854.893	396.95  
855.275	399.28  
855.658	406.26  
856.04	403.93   
856.422	459.81  
856.804	494.73  
857.186	450.5   
857.568	406.26  
857.95	457.48   
858.332	434.2   
858.714	427.21  
859.096	364.35  
859.477	448.17  
859.859	357.37  
860.24	424.89   
860.622	408.59  
861.003	399.28  
861.385	445.84  
861.766	457.48  
862.147	387.64  
862.528	417.9   
862.909	376     
863.29	413.25   
863.671	450.5   
864.052	420.23  
864.433	413.25  
864.814	429.54  
865.194	438.86  
865.575	434.2   
865.955	469.12  
866.336	350.39  
866.716	403.93  
867.097	389.96  
867.477	434.2   
867.857	392.29  
868.237	420.23  
868.617	373.67  
868.997	366.68  
869.377	448.17  
869.757	436.53  
870.137	394.62  
870.517	417.9   
870.896	387.64  
871.276	417.9   
871.655	385.31  
872.035	438.86  
872.414	436.53  
872.794	369.01  
873.173	445.84  
873.552	406.26  
873.931	366.68  
874.31	445.84   
874.689	448.17  
875.068	422.56  
875.447	410.92  
875.826	359.7   
876.205	417.9   
876.583	394.62  
876.962	438.86  
877.341	464.47  
877.719	443.51  
878.097	413.25  
878.476	341.07  
878.854	376     
879.232	436.53  
879.61	429.54   
879.988	364.35  
880.366	420.23  
880.744	359.7   
881.122	450.5   
881.5	376       
881.878	343.4   
882.255	413.25  
882.633	424.89  
883.011	429.54  
883.388	406.26  
883.765	385.31  
884.143	438.86  
884.52	382.98   
884.897	408.59  
885.274	382.98  
885.651	424.89  
886.028	394.62  
886.405	389.96  
886.782	362.03  
887.159	422.56  
887.536	382.98  
887.912	373.67  
888.289	362.03  
888.665	459.81  
889.042	355.04  
889.418	427.21  
889.794	399.28  
890.171	417.9   
890.547	369.01  
890.923	450.5   
891.299	329.43  
891.675	348.06  
892.051	441.18  
892.427	462.14  
892.803	364.35  
893.178	457.48  
893.554	406.26  
893.929	327.1   
894.305	355.04  
894.68	366.68   
895.056	380.65  
895.431	387.64  
895.806	422.56  
896.181	422.56  
896.557	410.92  
896.932	408.59  
897.307	387.64  
897.681	424.89  
898.056	401.61  
898.431	385.31  
898.806	399.28  
899.18	401.61   
899.555	373.67  
899.929	403.93  
900.304	359.7   
900.678	394.62  
901.052	371.34  
901.427	436.53  
901.801	443.51  
902.175	378.32  
902.549	359.7   
902.923	413.25  
903.297	413.25  
903.67	494.73   
904.044	396.95  
904.418	364.35  
904.791	420.23  
905.165	420.23  
905.538	376     
905.912	345.73  
906.285	413.25  
906.658	394.62  
907.032	427.21  
907.405	452.82  
907.778	473.78  
908.151	438.86  
908.524	410.92  
908.896	389.96  
909.269	410.92  
909.642	371.34  
910.015	394.62  
910.387	436.53  
910.76	399.28   
911.132	394.62  
911.504	459.81  
911.877	448.17  
912.249	413.25  
912.621	399.28  
912.993	443.51  
913.365	355.04  
913.737	445.84  
914.109	415.57  
914.481	427.21  
914.853	434.2   
915.224	403.93  
915.596	422.56  
915.968	401.61  
916.339	357.37  
916.71	373.67   
917.082	369.01  
917.453	369.01  
917.824	357.37  
918.195	420.23  
918.566	376     
918.937	369.01  
919.308	490.07  
919.679	392.29  
920.05	422.56   
920.421	434.2   
920.791	345.73  
921.162	382.98  
921.532	371.34  
921.903	499.39  
922.273	387.64  
922.644	487.75  
923.014	306.15  
923.384	422.56  
923.754	457.48  
924.124	392.29  
924.494	396.95  
924.864	380.65  
925.234	401.61  
925.604	366.68  
925.973	380.65  
926.343	364.35  
926.712	394.62  
927.082	459.81  
927.451	392.29  
927.821	417.9   
928.19	385.31   
928.559	415.57  
928.928	415.57  
929.297	464.47  
929.666	417.9   
930.035	401.61  
930.404	401.61  
930.773	392.29  
931.142	352.71  
931.51	376      
931.879	436.53  
932.247	376     
932.616	431.87  
932.984	431.87  
933.353	415.57  
933.721	376     
934.089	313.14  
934.457	341.07  
934.825	396.95  
935.193	429.54  
935.561	452.82  
935.929	392.29  
936.296	424.89  
936.664	373.67  
937.032	371.34  
937.399	457.48  
937.767	380.65  
938.134	476.11  
938.501	403.93  
938.869	385.31  
939.236	385.31  
939.603	362.03  
939.97	413.25   
940.337	382.98  
940.704	415.57  
941.071	382.98  
941.438	394.62  
941.804	378.32  
942.171	366.68  
942.538	303.82  
942.904	310.81  
943.27	392.29   
943.637	415.57  
944.003	401.61  
944.369	420.23  
944.735	392.29  
945.102	403.93  
945.468	355.04  
945.833	422.56  
946.199	431.87  
946.565	362.03  
946.931	410.92  
947.296	427.21  
947.662	410.92  
948.028	378.32  
948.393	371.34  
948.758	473.78  
949.124	445.84  
949.489	380.65  
949.854	415.57  
950.219	343.4   
950.584	366.68  
950.949	450.5   
951.314	455.15  
951.679	434.2   
952.044	380.65  
952.408	378.32  
952.773	401.61  
953.137	483.09  
953.502	322.45  
953.866	399.28  
954.231	406.26  
954.595	366.68  
954.959	389.96  
955.323	448.17  
955.687	357.37  
956.051	401.61  
956.415	462.14  
956.779	394.62  
957.143	417.9   
957.506	396.95  
957.87	427.21   
958.234	443.51  
958.597	420.23  
958.961	394.62  
959.324	443.51  
959.687	394.62  
960.05	504.04   
960.413	362.03  
960.776	438.86  
961.139	369.01  
961.502	406.26  
961.865	459.81  
962.228	315.46  
962.591	394.62  
962.953	331.76  
963.316	382.98  
963.678	452.82  
964.041	441.18  
964.403	420.23  
964.765	341.07  
965.128	431.87  
965.49	350.39   
965.852	420.23  
966.214	464.47  
966.576	429.54  
966.938	438.86  
967.299	387.64  
967.661	380.65  
968.023	399.28  
968.384	371.34  
968.746	399.28  
969.107	382.98  
969.469	436.53  
969.83	399.28   
970.191	483.09  
970.552	348.06  
970.913	357.37  
971.274	357.37  
971.635	413.25  
971.996	459.81  
972.357	415.57  
972.718	396.95  
973.078	369.01  
973.439	410.92  
973.8	364.35    
974.16	410.92   
974.52	420.23   
974.881	443.51  
975.241	501.72  
975.601	459.81  
975.961	338.75  
976.321	371.34  
976.681	434.2   
977.041	394.62  
977.401	378.32  
977.76	424.89   
978.12	376      
978.48	438.86   
978.839	438.86  
979.199	382.98  
979.558	415.57  
979.917	480.76  
980.277	376     
980.636	385.31  
980.995	394.62  
981.354	420.23  
981.713	382.98  
982.072	364.35  
982.43	359.7    
982.789	345.73  
983.148	459.81  
983.506	389.96  
983.865	394.62  
984.223	452.82  
984.582	450.5   
984.94	415.57   
985.298	464.47  
985.656	415.57  
986.015	406.26  
986.373	401.61  
986.731	420.23  
987.088	343.4   
987.446	364.35  
987.804	373.67  
988.162	417.9   
988.519	403.93  
988.877	394.62  
989.234	436.53  
989.591	399.28  
989.949	399.28  
990.306	373.67  
990.663	322.45  
991.02	464.47   
991.377	399.28  
991.734	445.84  
992.091	329.43  
992.448	336.42  
992.805	422.56  
993.161	436.53  
993.518	366.68  
993.874	452.82  
994.231	450.5   
994.587	345.73  
994.943	380.65  
995.3	396.95    
995.656	424.89  
996.012	471.45  
996.368	436.53  
996.724	427.21  
997.08	341.07   
997.435	364.35  
997.791	401.61  
998.147	431.87  
998.502	380.65  
998.858	406.26  
999.213	431.87  
999.569	408.59  
999.924	438.86  
1000.279	385.31 
1000.634	420.23 
1000.989	457.48 
1001.344	380.65 
1001.699	366.68 
1002.054	373.67 
1002.409	408.59 
1002.764	362.03 
1003.118	403.93 
1003.473	448.17 
1003.827	408.59 
1004.182	445.84 
1004.536	343.4  
1004.89	396.95  
1005.245	357.37 
1005.599	366.68 
1005.953	366.68 
1006.307	357.37 
1006.661	392.29 
1007.015	424.89 
1007.368	378.32 
1007.722	364.35 
1008.076	396.95 
1008.429	385.31 
1008.783	396.95 
1009.136	336.42 
1009.489	399.28 
1009.843	452.82 
1010.196	387.64 
1010.549	392.29 
1010.902	287.53 
1011.255	338.75 
1011.608	443.51 
1011.961	429.54 
1012.313	376    
1012.666	399.28 
1013.019	438.86 
1013.371	420.23 
1013.724	385.31 
1014.076	406.26 
1014.428	380.65 
1014.781	422.56 
1015.133	431.87 
1015.485	359.7  
1015.837	350.39 
1016.189	431.87 
1016.541	401.61 
1016.893	382.98 
1017.244	382.98 
1017.596	406.26 
1017.947	448.17 
1018.299	366.68 
1018.65	296.84  
1019.002	403.93 
1019.353	392.29 
1019.704	357.37 
1020.055	378.32 
1020.407	436.53 
1020.758	424.89 
1021.108	352.71 
1021.459	355.04 
1021.81	364.35  
1022.161	394.62 
1022.511	396.95 
1022.862	422.56 
1023.213	324.78 
1023.563	366.68 
1023.913	396.95 
1024.264	401.61 
1024.614	420.23 
1024.964	417.9  
1025.314	382.98 
1025.664	369.01 
1026.014	445.84 
1026.364	399.28 
1026.713	408.59 
1027.063	417.9  
1027.413	438.86 
1027.762	301.49 
1028.112	403.93 
1028.461	403.93 
1028.81	389.96  
1029.16	348.06  
1029.509	457.48 
1029.858	392.29 
1030.207	382.98 
1030.556	362.03 
1030.905	401.61 
1031.254	366.68 
1031.602	441.18 
1031.951	413.25 
1032.3	399.28   
1032.648	352.71 
1032.996	352.71 
1033.345	352.71 