187.879	-140.56 
188.346	-140.56 
188.813	-140.56 
189.28	-82.36   
189.747	-114.95 
190.214	-84.69  
190.681	-42.78  
191.148	-80.03  
191.614	-63.73  
192.081	-98.66  
192.548	-112.62 
193.014	-63.73  
193.481	-49.76  
193.948	-31.14  
194.414	20.08   
194.881	78.28   
195.347	89.92   
195.813	36.38   
196.28	106.22   
196.746	136.49  
197.212	159.77  
197.678	208.66  
198.145	138.82  
198.611	178.39  
199.077	190.03  
199.543	252.89  
200.009	192.36  
200.475	297.13  
200.941	201.68  
201.407	271.52  
201.873	262.21  
202.338	343.69  
202.804	339.04  
203.27	325.07   
203.735	355.33  
204.201	387.93  
204.667	353.01  
205.132	420.52  
205.598	353.01  
206.063	383.27  
206.529	380.94  
206.994	353.01  
207.459	373.96  
207.925	446.13  
208.39	387.93   
208.855	380.94  
209.32	315.75   
209.785	401.9   
210.25	376.29   
210.715	432.16  
211.18	460.1    
211.645	366.97  
212.11	457.77   
212.575	387.93  
213.04	378.61   
213.504	411.21  
213.969	392.58  
214.434	448.46  
214.899	325.07  
215.363	371.63  
215.828	378.61  
216.292	355.33  
216.757	401.9   
217.221	390.26  
217.685	492.69  
218.15	390.26   
218.614	397.24  
219.078	392.58  
219.542	343.69  
220.007	339.04  
220.471	385.6   
220.935	394.91  
221.399	443.8   
221.863	399.57  
222.327	425.18  
222.791	355.33  
223.254	392.58  
223.718	353.01  
224.182	376.29  
224.646	329.72  
225.109	336.71  
225.573	346.02  
226.037	329.72  
226.5	318.08    
226.964	355.33  
227.427	341.36  
227.89	355.33   
228.354	392.58  
228.817	369.3   
229.28	383.27   
229.744	353.01  
230.207	346.02  
230.67	397.24   
231.133	413.54  
231.596	420.52  
232.059	394.91  
232.522	411.21  
232.985	432.16  
233.448	411.21  
233.911	378.61  
234.374	322.74  
234.836	387.93  
235.299	401.9   
235.762	313.43  
236.224	427.51  
236.687	380.94  
237.149	399.57  
237.612	420.52  
238.074	380.94  
238.537	343.69  
238.999	390.26  
239.461	399.57  
239.924	411.21  
240.386	376.29  
240.848	422.85  
241.31	394.91   
241.772	408.88  
242.234	401.9   
242.696	350.68  
243.158	350.68  
243.62	350.68   
244.082	394.91  
244.544	401.9   
245.006	348.35  
245.468	348.35  
245.929	390.26  
246.391	378.61  
246.852	401.9   
247.314	387.93  
247.776	401.9   
248.237	380.94  
248.698	418.19  
249.16	364.65   
249.621	436.82  
250.082	420.52  
250.544	460.1   
251.005	413.54  
251.466	359.99  
251.927	376.29  
252.388	425.18  
252.849	429.83  
253.31	378.61   
253.771	432.16  
254.232	420.52  
254.693	320.41  
255.154	392.58  
255.615	380.94  
256.075	373.96  
256.536	420.52  
256.997	471.74  
257.457	350.68  
257.918	432.16  
258.378	346.02  
258.839	387.93  
259.299	408.88  
259.759	427.51  
260.22	457.77   
260.68	425.18   
261.14	357.66   
261.6	394.91    
262.06	362.32   
262.521	448.46  
262.981	366.97  
263.441	420.52  
263.901	448.46  
264.36	380.94   
264.82	429.83   
265.28	434.49   
265.74	373.96   
266.2	462.43    
266.659	371.63  
267.119	369.3   
267.579	376.29  
268.038	397.24  
268.498	320.41  
268.957	427.51  
269.416	422.85  
269.876	346.02  
270.335	413.54  
270.794	387.93  
271.254	376.29  
271.713	434.49  
272.172	397.24  
272.631	397.24  
273.09	390.26   
273.549	327.4   
274.008	446.13  
274.467	376.29  
274.926	455.44  
275.385	432.16  
275.843	439.15  
276.302	385.6   
276.761	369.3   
277.22	404.22   
277.678	383.27  
278.137	471.74  
278.595	383.27  
279.054	376.29  
279.512	439.15  
279.97	397.24   
280.429	394.91  
280.887	373.96  
281.345	369.3   
281.803	364.65  
282.262	464.76  
282.72	401.9    
283.178	425.18  
283.636	376.29  
284.094	406.55  
284.552	422.85  
285.01	504.33   
285.467	404.22  
285.925	415.87  
286.383	385.6   
286.841	439.15  
287.298	387.93  
287.756	434.49  
288.213	408.88  
288.671	434.49  
289.128	462.43  
289.586	460.1   
290.043	348.35  
290.5	483.38    
290.958	408.88  
291.415	446.13  
291.872	425.18  
292.329	392.58  
292.786	385.6   
293.243	385.6   
293.7	348.35    
294.157	357.66  
294.614	364.65  
295.071	425.18  
295.528	346.02  
295.985	411.21  
296.441	378.61  
296.898	378.61  
297.355	408.88  
297.811	457.77  
298.268	439.15  
298.724	399.57  
299.181	408.88  
299.637	488.04  
300.094	392.58  
300.55	378.61   
301.006	394.91  
301.462	404.22  
301.919	397.24  
302.375	411.21  
302.831	422.85  
303.287	383.27  
303.743	387.93  
304.199	436.82  
304.655	397.24  
305.11	401.9    
305.566	425.18  
306.022	427.51  
306.478	483.38  
306.933	460.1   
307.389	401.9   
307.845	394.91  
308.3	394.91    
308.756	446.13  
309.211	429.83  
309.666	397.24  
310.122	513.65  
310.577	406.55  
311.032	446.13  
311.487	453.12  
311.943	474.07  
312.398	453.12  
312.853	464.76  
313.308	385.6   
313.763	497.35  
314.218	422.85  
314.672	478.73  
315.127	376.29  
315.582	415.87  
316.037	434.49  
316.492	513.65  
316.946	364.65  
317.401	392.58  
317.855	469.41  
318.31	455.44   
318.764	411.21  
319.219	434.49  
319.673	448.46  
320.127	373.96  
320.582	404.22  
321.036	434.49  
321.49	432.16   
321.944	406.55  
322.398	443.8   
322.852	415.87  
323.306	413.54  
323.76	467.08   
324.214	432.16  
324.668	455.44  
325.122	408.88  
325.575	513.65  
326.029	411.21  
326.483	462.43  
326.936	506.66  
327.39	422.85   
327.843	453.12  
328.297	457.77  
328.75	474.07   
329.204	476.4   
329.657	457.77  
330.11	464.76   
330.564	420.52  
331.017	441.47  
331.47	425.18   
331.923	401.9   
332.376	436.82  
332.829	457.77  
333.282	448.46  
333.735	432.16  
334.188	411.21  
334.641	432.16  
335.093	420.52  
335.546	378.61  
335.999	336.71  
336.451	397.24  
336.904	425.18  
337.356	425.18  
337.809	464.76  
338.261	425.18  
338.714	422.85  
339.166	469.41  
339.618	436.82  
340.07	492.69   
340.523	408.88  
340.975	434.49  
341.427	397.24  
341.879	408.88  
342.331	413.54  
342.783	394.91  
343.235	380.94  
343.687	441.47  
344.138	427.51  
344.59	406.55   
345.042	453.12  
345.494	413.54  
345.945	378.61  
346.397	478.73  
346.848	492.69  
347.3	441.47    
347.751	397.24  
348.203	399.57  
348.654	392.58  
349.105	441.47  
349.556	415.87  
350.008	366.97  
350.459	422.85  
350.91	387.93   
351.361	434.49  
351.812	418.19  
352.263	429.83  
352.714	429.83  
353.165	436.82  
353.615	455.44  
354.066	422.85  
354.517	415.87  
354.968	429.83  
355.418	376.29  
355.869	455.44  
356.319	448.46  
356.77	422.85   
357.22	476.4    
357.671	411.21  
358.121	418.19  
358.571	490.37  
359.021	373.96  
359.472	453.12  
359.922	453.12  
360.372	511.32  
360.822	390.26  
361.272	373.96  
361.722	366.97  
362.172	460.1   
362.622	357.66  
363.071	520.63  
363.521	439.15  
363.971	434.49  
364.42	434.49   
364.87	429.83   
365.32	427.51   
365.769	387.93  
366.219	455.44  
366.668	446.13  
367.117	420.52  
367.567	399.57  
368.016	441.47  
368.465	441.47  
368.914	446.13  
369.363	415.87  
369.812	418.19  
370.261	420.52  
370.71	453.12   
371.159	385.6   
371.608	469.41  
372.057	404.22  
372.506	471.74  
372.955	460.1   
373.403	387.93  
373.852	429.83  
374.301	369.3   
374.749	455.44  
375.198	462.43  
375.646	427.51  
376.094	411.21  
376.543	436.82  
376.991	432.16  
377.439	390.26  
377.887	366.97  
378.336	434.49  
378.784	408.88  
379.232	401.9   
379.68	422.85   
380.128	411.21  
380.576	408.88  
381.023	422.85  
381.471	462.43  
381.919	439.15  
382.367	420.52  
382.814	399.57  
383.262	411.21  
383.71	422.85   
384.157	448.46  
384.605	462.43  
385.052	422.85  
385.499	434.49  
385.947	476.4   
386.394	415.87  
386.841	469.41  
387.288	420.52  
387.735	450.79  
388.182	401.9   
388.63	446.13   
389.076	471.74  
389.523	439.15  
389.97	429.83   
390.417	373.96  
390.864	436.82  
391.311	469.41  
391.757	495.02  
392.204	443.8   
392.651	434.49  
393.097	474.07  
393.544	425.18  
393.99	504.33   
394.436	357.66  
394.883	427.51  
395.329	478.73  
395.775	450.79  
396.221	448.46  
396.668	383.27  
397.114	641.7   
397.56	457.77   
398.006	425.18  
398.452	439.15  
398.897	429.83  
399.343	436.82  
399.789	457.77  
400.235	460.1   
400.681	308.77  
401.126	443.8   
401.572	464.76  
402.017	434.49  
402.463	429.83  
402.908	429.83  
403.354	455.44  
403.799	432.16  
404.244	488.04  
404.689	387.93  
405.135	378.61  
405.58	511.32   
406.025	429.83  
406.47	415.87   
406.915	469.41  
407.36	380.94   
407.805	404.22  
408.25	429.83   
408.694	464.76  
409.139	508.99  
409.584	436.82  
410.029	443.8   
410.473	439.15  
410.918	515.98  
411.362	432.16  
411.807	357.66  
412.251	432.16  
412.695	448.46  
413.14	332.05   
413.584	406.55  
414.028	415.87  
414.472	397.24  
414.916	429.83  
415.36	432.16   
415.804	441.47  
416.248	362.32  
416.692	413.54  
417.136	485.71  
417.58	467.08   
418.024	481.05  
418.467	511.32  
418.911	467.08  
419.355	476.4   
419.798	369.3   
420.242	413.54  
420.685	525.29  
421.128	448.46  
421.572	564.87  
422.015	502.01  
422.458	443.8   
422.902	513.65  
423.345	560.21  
423.788	432.16  
424.231	576.51  
424.674	534.6   
425.117	644.02  
425.56	550.9    
426.003	550.9   
426.445	595.13  
426.888	592.8   
427.331	560.21  
427.773	588.15  
428.216	625.4   
428.659	753.45  
429.101	627.73  
429.543	676.62  
429.986	760.43  
430.428	713.87  
430.87	869.85   
431.313	839.59  
431.755	813.98  
432.197	869.85  
432.639	953.67  
433.081	969.96  
433.523	969.96  
433.965	1072.4  
434.407	1077.06 
434.849	1188.81 
435.291	1221.4  
435.732	1281.94 
436.174	1361.09 
436.616	1447.23 
437.057	1545.02 
437.499	1500.78 
437.94	1670.74  
438.382	1696.35 
438.823	1896.57 
439.264	2043.24 
439.706	2120.07 
440.147	2124.72 
440.588	2376.16 
441.029	2546.12 
441.47	2748.67  
441.911	2895.34 
442.352	3060.64 
442.793	3321.39 
443.234	3451.77 
443.675	3777.71 
444.116	3952.32 
444.556	4064.07 
444.997	4329.48 
445.438	4832.36 
445.878	4902.2  
446.319	5202.53 
446.759	5491.22 
447.199	5921.93 
447.64	6350.31  
448.08	6818.27  
448.52	7360.73  
448.961	7942.76 
449.401	8487.55 
449.841	9055.62 
450.281	9868.14 
450.721	10403.61
451.161	11118.36
451.601	11390.75
452.041	12424.45
452.48	12957.59 
452.92	13593.18 
453.36	14377.76 
453.799	15199.6 
454.239	16047.04
454.679	16833.96
455.118	18023.64
455.557	18140.05
455.997	19553.23
456.436	20326.18
456.875	21590.36
457.315	22570.51
457.754	24291.01
458.193	23955.76
458.632	25562.18
459.071	26165.17
459.51	25664.62 
459.949	26239.67
460.388	26602.86
460.827	26190.78
461.265	26144.21
461.704	25105.86
462.143	24738.01
462.581	24235.13
463.02	24381.81 
463.458	23641.46
463.897	23117.62
464.335	22347.01
464.774	22021.07
465.212	21718.41
465.65	20952.45 
466.088	20740.59
466.527	20249.35
466.965	18996.8 
467.403	18747.69
467.841	17646.48
468.279	16899.14
468.716	16643.05
469.154	15555.8 
469.592	14515.12
470.03	14079.76 
470.467	13441.85
470.905	13299.83
471.343	12447.73
471.78	12356.93 
472.218	11863.36
472.655	11791.19
473.092	11688.75
473.53	11379.11 
473.967	11337.2 
474.404	11397.73
474.841	11320.9 
475.278	10939.09
475.716	10974.01
476.153	10939.09
476.589	10382.66
477.026	10261.6 
477.463	10042.75
477.9	9598.08   
478.337	9470.03 
478.773	9111.49 
479.21	8771.58  
479.647	8280.34 
480.083	8129.02 
480.52	7900.86  
480.956	7661.06 
481.392	7444.54 
481.829	7274.59 
482.265	6950.97 
482.701	6855.52 
483.137	6685.56 
483.574	6459.73 
484.01	6343.33  
484.446	6077.92 
484.882	5859.07 
485.317	5805.52 
485.753	5428.36 
486.189	5258.41 
486.625	5013.95 
487.061	4797.44 
487.496	4653.09 
487.932	4441.23 
488.367	4254.98 
488.803	4010.52 
489.238	3922.05 
489.674	3831.26 
490.109	3691.57 
490.544	3542.57 
490.979	3449.44 
491.415	3293.45 
491.85	3335.36  
492.285	3200.33 
492.72	3242.24  
493.155	3111.86 
493.59	2997.78  
494.024	2986.14 
494.459	2806.87 
494.894	2762.64 
495.329	2585.7  
495.763	2564.74 
496.198	2513.53 
496.632	2301.66 
497.067	2252.77 
497.501	2248.12 
497.936	2134.04 
498.37	2075.83  
498.804	1947.79 
499.238	1940.8  
499.673	1882.6  
500.107	1775.5  
500.541	1694.02 
500.975	1742.91 
501.409	1598.56 
501.843	1584.59 
502.277	1512.42 
502.71	1489.14  
503.144	1421.62 
503.578	1447.23 
504.011	1403    
504.445	1365.75 
504.878	1321.51 
505.312	1330.83 
505.745	1207.44 
506.179	1279.61 
506.612	1195.79 
507.045	1102.67 
507.479	1163.2  
507.912	1107.32 
508.345	1002.56 
508.778	983.93  
509.211	1025.84 
509.644	1009.54 
510.077	953.67  
510.509	967.64  
510.942	893.14  
511.375	895.46  
511.808	881.49  
512.24	881.49   
512.673	907.1   
513.105	827.95  
513.538	834.93  
513.97	855.88   
514.403	832.6   
514.835	788.37  
515.267	716.2   
515.699	804.67  
516.131	711.54  
516.564	681.27  
516.996	702.23  
517.428	711.54  
517.859	746.46  
518.291	732.49  
518.723	737.15  
519.155	690.59  
519.587	737.15  
520.018	653.34  
520.45	646.35   
520.881	639.37  
521.313	685.93  
521.744	583.49  
522.176	695.24  
522.607	657.99  
523.038	595.13  
523.47	543.91   
523.901	609.1   
524.332	660.32  
524.763	557.88  
525.194	613.76  
525.625	653.34  
526.056	625.4   
526.487	613.76  
526.917	585.82  
527.348	595.13  
527.779	504.33  
528.21	574.18   
528.64	557.88   
529.071	543.91  
529.501	511.32  
529.932	574.18  
530.362	599.79  
530.792	515.98  
531.222	578.84  
531.653	520.63  
532.083	455.44  
532.513	471.74  
532.943	541.59  
533.373	532.27  
533.803	483.38  
534.233	525.29  
534.663	525.29  
535.092	522.96  
535.522	513.65  
535.952	529.94  
536.381	522.96  
536.811	569.52  
537.24	532.27   
537.67	508.99   
538.099	483.38  
538.529	425.18  
538.958	481.05  
539.387	490.37  
539.816	502.01  
540.245	571.85  
540.674	599.79  
541.103	525.29  
541.532	497.35  
541.961	506.66  
542.39	448.46   
542.819	513.65  
543.248	471.74  
543.676	481.05  
544.105	443.8   
544.534	448.46  
544.962	490.37  
545.391	534.6   
545.819	502.01  
546.247	511.32  
546.676	476.4   
547.104	515.98  
547.532	541.59  
547.96	506.66   
548.388	483.38  
548.816	471.74  
549.244	434.49  
549.672	420.52  
550.1	476.4     
550.528	525.29  
550.956	464.76  
551.383	529.94  
551.811	490.37  
552.238	471.74  
552.666	439.15  
553.094	488.04  
553.521	469.41  
553.948	432.16  
554.376	474.07  
554.803	457.77  
555.23	327.4    
555.657	434.49  
556.084	490.37  
556.511	497.35  
556.938	495.02  
557.365	453.12  
557.792	515.98  
558.219	422.85  
558.646	457.77  
559.072	467.08  
559.499	404.22  
559.926	439.15  
560.352	457.77  
560.779	476.4   
561.205	513.65  
561.632	508.99  
562.058	392.58  
562.484	485.71  
562.91	476.4    
563.337	527.62  
563.763	488.04  
564.189	481.05  
564.615	359.99  
565.041	462.43  
565.466	478.73  
565.892	443.8   
566.318	432.16  
566.744	446.13  
567.169	408.88  
567.595	406.55  
568.021	469.41  
568.446	453.12  
568.872	511.32  
569.297	455.44  
569.722	418.19  
570.148	499.68  
570.573	408.88  
570.998	478.73  
571.423	464.76  
571.848	436.82  
572.273	413.54  
572.698	432.16  
573.123	453.12  
573.548	432.16  
573.973	464.76  
574.397	467.08  
574.822	457.77  
575.247	436.82  
575.671	429.83  
576.096	441.47  
576.52	499.68   
576.944	495.02  
577.369	469.41  
577.793	378.61  
578.217	490.37  
578.641	432.16  
579.065	508.99  
579.49	341.36   
579.914	427.51  
580.337	450.79  
580.761	462.43  
581.185	455.44  
581.609	464.76  
582.033	441.47  
582.456	434.49  
582.88	474.07   
583.303	441.47  
583.727	478.73  
584.15	453.12   
584.574	483.38  
584.997	492.69  
585.42	490.37   
585.844	378.61  
586.267	353.01  
586.69	464.76   
587.113	343.69  
587.536	441.47  
587.959	455.44  
588.382	464.76  
588.804	436.82  
589.227	432.16  
589.65	504.33   
590.073	483.38  
590.495	390.26  
590.918	497.35  
591.34	476.4    
591.763	490.37  
592.185	427.51  
592.607	427.51  
593.03	467.08   
593.452	508.99  
593.874	488.04  
594.296	376.29  
594.718	455.44  
595.14	387.93   
595.562	427.51  
595.984	425.18  
596.406	471.74  
596.827	469.41  
597.249	455.44  
597.671	446.13  
598.092	469.41  
598.514	506.66  
598.935	504.33  
599.357	362.32  
599.778	469.41  
600.199	425.18  
600.621	485.71  
601.042	415.87  
601.463	515.98  
601.884	513.65  
602.305	441.47  
602.726	434.49  
603.147	478.73  
603.568	425.18  
603.988	425.18  
604.409	429.83  
604.83	413.54   
605.25	415.87   
605.671	464.76  
606.092	441.47  
606.512	406.55  
606.932	434.49  
607.353	399.57  
607.773	460.1   
608.193	411.21  
608.613	432.16  
609.034	380.94  
609.454	469.41  
609.874	392.58  
610.293	457.77  
610.713	429.83  
611.133	418.19  
611.553	439.15  
611.973	448.46  
612.392	425.18  
612.812	420.52  
613.231	408.88  
613.651	415.87  
614.07	401.9    
614.49	446.13   
614.909	429.83  
615.328	408.88  
615.747	408.88  
616.167	415.87  
616.586	469.41  
617.005	420.52  
617.424	422.85  
617.843	478.73  
618.261	460.1   
618.68	425.18   
619.099	471.74  
619.518	457.77  
619.936	406.55  
620.355	420.52  
620.773	446.13  
621.192	446.13  
621.61	406.55   
622.029	390.26  
622.447	401.9   
622.865	455.44  
623.283	474.07  
623.701	436.82  
624.119	441.47  
624.537	364.65  
624.955	483.38  
625.373	460.1   
625.791	357.66  
626.209	504.33  
626.627	457.77  
627.044	455.44  
627.462	425.18  
627.879	439.15  
628.297	401.9   
628.714	443.8   
629.132	446.13  
629.549	422.85  
629.966	420.52  
630.383	406.55  
630.8	348.35    
631.217	446.13  
631.634	420.52  
632.051	406.55  
632.468	371.63  
632.885	401.9   
633.302	432.16  
633.719	392.58  
634.135	464.76  
634.552	474.07  
634.969	434.49  
635.385	429.83  
635.801	350.68  
636.218	394.91  
636.634	450.79  
637.05	408.88   
637.467	373.96  
637.883	399.57  
638.299	401.9   
638.715	471.74  
639.131	348.35  
639.547	443.8   
639.963	418.19  
640.378	429.83  
640.794	366.97  
641.21	429.83   
641.626	427.51  
642.041	353.01  
642.457	401.9   
642.872	401.9   
643.287	522.96  
643.703	441.47  
644.118	413.54  
644.533	429.83  
644.948	443.8   
645.364	383.27  
645.779	462.43  
646.194	406.55  
646.609	369.3   
647.023	385.6   
647.438	420.52  
647.853	394.91  
648.268	450.79  
648.682	469.41  
649.097	415.87  
649.511	406.55  
649.926	336.71  
650.34	420.52   
650.755	383.27  
651.169	413.54  
651.583	418.19  
651.997	355.33  
652.411	448.46  
652.825	443.8   
653.239	471.74  
653.653	399.57  
654.067	476.4   
654.481	406.55  
654.895	357.66  
655.309	380.94  
655.722	376.29  
656.136	411.21  
656.549	432.16  
656.963	420.52  
657.376	399.57  
657.79	406.55   
658.203	457.77  
658.616	439.15  
659.029	434.49  
659.442	441.47  
659.855	432.16  
660.268	425.18  
660.681	429.83  
661.094	483.38  
661.507	453.12  
661.92	369.3    
662.333	385.6   
662.745	476.4   
663.158	422.85  
663.57	483.38   
663.983	432.16  
664.395	411.21  
664.808	439.15  
665.22	425.18   
665.632	339.04  
666.044	453.12  
666.456	327.4   
666.868	336.71  
667.28	455.44   
667.692	401.9   
668.104	353.01  
668.516	359.99  
668.928	425.18  
669.34	492.69   
669.751	341.36  
670.163	460.1   
670.574	371.63  
670.986	413.54  
671.397	404.22  
671.809	422.85  
672.22	401.9    
672.631	376.29  
673.042	490.37  
673.453	462.43  
673.864	383.27  
674.275	392.58  
674.686	443.8   
675.097	394.91  
675.508	460.1   
675.919	406.55  
676.33	425.18   
676.74	418.19   
677.151	383.27  
677.561	378.61  
677.972	357.66  
678.382	436.82  
678.792	371.63  
679.203	373.96  
679.613	390.26  
680.023	364.65  
680.433	446.13  
680.843	413.54  
681.253	425.18  
681.663	408.88  
682.073	392.58  
682.483	413.54  
682.893	443.8   
683.302	394.91  
683.712	474.07  
684.122	481.05  
684.531	471.74  
684.94	520.63   
685.35	411.21   
685.759	441.47  
686.168	366.97  
686.578	362.32  
686.987	404.22  
687.396	392.58  
687.805	434.49  
688.214	387.93  
688.623	446.13  
689.032	401.9   
689.44	411.21   
689.849	469.41  
690.258	450.79  
690.666	399.57  
691.075	397.24  
691.484	457.77  
691.892	481.05  
692.3	443.8     
692.709	460.1   
693.117	464.76  
693.525	429.83  
693.933	483.38  
694.341	441.47  
694.749	401.9   
695.157	376.29  
695.565	355.33  
695.973	446.13  
696.381	387.93  
696.788	434.49  
697.196	392.58  
697.604	439.15  
698.011	404.22  
698.419	432.16  
698.826	413.54  
699.234	369.3   
699.641	420.52  
700.048	392.58  
700.455	350.68  
700.862	425.18  
701.269	474.07  
701.676	397.24  
702.083	397.24  
702.49	385.6    
702.897	385.6   
703.304	441.47  
703.71	436.82   
704.117	413.54  
704.524	415.87  
704.93	439.15   
705.337	457.77  
705.743	422.85  
706.149	383.27  
706.556	450.79  
706.962	420.52  
707.368	378.61  
707.774	434.49  
708.18	439.15   
708.586	369.3   
708.992	387.93  
709.398	362.32  
709.804	422.85  
710.209	467.08  
710.615	399.57  
711.021	390.26  
711.426	432.16  
711.832	457.77  
712.237	429.83  
712.642	441.47  
713.048	399.57  
713.453	439.15  
713.858	346.02  
714.263	294.8   
714.668	392.58  
715.073	418.19  
715.478	434.49  
715.883	425.18  
716.288	413.54  
716.693	476.4   
717.097	474.07  
717.502	427.51  
717.906	511.32  
718.311	420.52  
718.715	383.27  
719.12	422.85   
719.524	436.82  
719.928	404.22  
720.333	434.49  
720.737	373.96  
721.141	346.02  
721.545	436.82  
721.949	411.21  
722.353	399.57  
722.757	387.93  
723.16	406.55   
723.564	436.82  
723.968	401.9   
724.371	371.63  
724.775	460.1   
725.178	432.16  
725.582	422.85  
725.985	322.74  
726.388	422.85  
726.792	392.58  
727.195	429.83  
727.598	401.9   
728.001	441.47  
728.404	383.27  
728.807	397.24  
729.21	420.52   
729.612	411.21  
730.015	434.49  
730.418	425.18  
730.82	390.26   
731.223	420.52  
731.625	425.18  
732.028	432.16  
732.43	427.51   
732.833	432.16  
733.235	387.93  
733.637	534.6   
734.039	359.99  
734.441	422.85  
734.843	401.9   
735.245	325.07  
735.647	425.18  
736.049	394.91  
736.451	359.99  
736.852	443.8   
737.254	427.51  
737.655	422.85  
738.057	397.24  
738.458	362.32  
738.86	408.88   
739.261	404.22  
739.662	429.83  
740.064	404.22  
740.465	436.82  
740.866	357.66  
741.267	429.83  
741.668	373.96  
742.069	401.9   
742.469	432.16  
742.87	504.33   
743.271	401.9   
743.672	462.43  
744.072	462.43  
744.473	355.33  
744.873	434.49  
745.274	443.8   
745.674	464.76  
746.074	413.54  
746.474	448.46  
746.875	455.44  
747.275	474.07  
747.675	450.79  
748.075	411.21  
748.474	448.46  
748.874	413.54  
749.274	460.1   
749.674	406.55  
750.073	415.87  
750.473	411.21  
750.873	434.49  
751.272	434.49  
751.671	380.94  
752.071	511.32  
752.47	420.52   
752.869	460.1   
753.268	418.19  
753.668	446.13  
754.067	390.26  
754.466	364.65  
754.864	392.58  
755.263	385.6   
755.662	408.88  
756.061	450.79  
756.459	425.18  
756.858	373.96  
757.257	383.27  
757.655	483.38  
758.053	397.24  
758.452	385.6   
758.85	476.4    
759.248	406.55  
759.646	436.82  
760.045	408.88  
760.443	346.02  
760.841	369.3   
761.238	469.41  
761.636	441.47  
762.034	436.82  
762.432	429.83  
762.829	432.16  
763.227	383.27  
763.625	420.52  
764.022	366.97  
764.419	411.21  
764.817	332.05  
765.214	411.21  
765.611	411.21  
766.008	443.8   
766.406	387.93  
766.803	497.35  
767.199	425.18  
767.596	457.77  
767.993	436.82  
768.39	357.66   
768.787	429.83  
769.183	460.1   
769.58	415.87   
769.977	394.91  
770.373	350.68  
770.769	387.93  
771.166	387.93  
771.562	418.19  
771.958	392.58  
772.354	408.88  
772.75	362.32   
773.146	408.88  
773.542	385.6   
773.938	415.87  
774.334	353.01  
774.73	334.38   
775.126	450.79  
775.521	434.49  
775.917	380.94  
776.312	292.47  
776.708	413.54  
777.103	420.52  
777.499	380.94  
777.894	441.47  
778.289	383.27  
778.684	378.61  
779.079	401.9   
779.474	380.94  
779.869	383.27  
780.264	406.55  
780.659	422.85  
781.054	369.3   
781.448	446.13  
781.843	429.83  
782.238	432.16  
782.632	378.61  
783.027	380.94  
783.421	432.16  
783.815	429.83  
784.21	481.05   
784.604	390.26  
784.998	315.75  
785.392	373.96  
785.786	346.02  
786.18	366.97   
786.574	353.01  
786.968	483.38  
787.361	425.18  
787.755	406.55  
788.149	327.4   
788.542	404.22  
788.936	441.47  
789.329	339.04  
789.722	357.66  
790.116	397.24  
790.509	406.55  
790.902	411.21  
791.295	462.43  
791.688	485.71  
792.081	399.57  
792.474	422.85  
792.867	453.12  
793.26	432.16   
793.653	439.15  
794.045	348.35  
794.438	476.4   
794.83	515.98   
795.223	318.08  
795.615	439.15  
796.008	411.21  
796.4	425.18    
796.792	448.46  
797.184	457.77  
797.576	448.46  
797.968	425.18  
798.36	418.19   
798.752	439.15  
799.144	373.96  
799.536	415.87  
799.928	436.82  
800.319	422.85  
800.711	429.83  
801.102	346.02  
801.494	460.1   
801.885	404.22  
802.276	425.18  
802.668	308.77  
803.059	415.87  
803.45	434.49   
803.841	387.93  
804.232	455.44  
804.623	378.61  
805.014	422.85  
805.405	446.13  
805.795	418.19  
806.186	376.29  
806.577	469.41  
806.967	448.46  
807.358	408.88  
807.748	432.16  
808.139	378.61  
808.529	439.15  
808.919	359.99  
809.309	404.22  
809.699	429.83  
810.089	408.88  
810.479	397.24  
810.869	450.79  
811.259	387.93  
811.649	401.9   
812.039	371.63  
812.428	348.35  
812.818	341.36  
813.207	408.88  
813.597	355.33  
813.986	418.19  
814.376	434.49  
814.765	343.69  
815.154	357.66  
815.543	290.15  
815.932	376.29  
816.321	371.63  
816.71	441.47   
817.099	364.65  
817.488	346.02  
817.877	429.83  
818.265	446.13  
818.654	415.87  
819.043	411.21  
819.431	341.36  
819.819	425.18  
820.208	413.54  
820.596	432.16  
820.984	429.83  
821.372	478.73  
821.761	334.38  
822.149	415.87  
822.537	397.24  
822.924	378.61  
823.312	373.96  
823.7	394.91    
824.088	441.47  
824.475	441.47  
824.863	348.35  
825.251	350.68  
825.638	397.24  
826.025	420.52  
826.413	406.55  
826.8	411.21    
827.187	422.85  
827.574	436.82  
827.961	397.24  
828.348	399.57  
828.735	415.87  
829.122	420.52  
829.509	394.91  
829.896	371.63  
830.282	348.35  
830.669	478.73  
831.055	383.27  
831.442	397.24  
831.828	441.47  
832.215	429.83  
832.601	364.65  
832.987	434.49  
833.373	427.51  
833.759	439.15  
834.145	373.96  
834.531	387.93  
834.917	390.26  
835.303	394.91  
835.689	434.49  
836.074	406.55  
836.46	432.16   
836.846	376.29  
837.231	425.18  
837.617	385.6   
838.002	497.35  
838.387	434.49  
838.772	397.24  
839.158	371.63  
839.543	373.96  
839.928	439.15  
840.313	371.63  
840.698	380.94  
841.082	404.22  
841.467	448.46  
841.852	318.08  
842.237	408.88  
842.621	460.1   
843.006	369.3   
843.39	401.9    
843.774	397.24  
844.159	474.07  
844.543	387.93  
844.927	418.19  
845.311	439.15  
845.695	436.82  
846.079	399.57  
846.463	390.26  
846.847	418.19  
847.231	485.71  
847.615	376.29  
847.998	348.35  
848.382	376.29  
848.765	334.38  
849.149	420.52  
849.532	425.18  
849.916	448.46  
850.299	401.9   
850.682	339.04  
851.065	471.74  
851.448	385.6   
851.831	355.33  
852.214	420.52  
852.597	378.61  
852.98	450.79   
853.363	369.3   
853.745	383.27  
854.128	443.8   
854.51	362.32   
854.893	476.4   
855.275	436.82  
855.658	383.27  
856.04	404.22   
856.422	357.66  
856.804	369.3   
857.186	413.54  
857.568	453.12  
857.95	392.58   
858.332	364.65  
858.714	399.57  
859.096	327.4   
859.477	348.35  
859.859	453.12  
860.24	397.24   
860.622	413.54  
861.003	420.52  
861.385	359.99  
861.766	450.79  
862.147	404.22  
862.528	448.46  
862.909	425.18  
863.29	455.44   
863.671	397.24  
864.052	383.27  
864.433	341.36  
864.814	460.1   
865.194	339.04  
865.575	427.51  
865.955	429.83  
866.336	394.91  
866.716	406.55  
867.097	453.12  
867.477	380.94  
867.857	406.55  
868.237	406.55  
868.617	450.79  
868.997	399.57  
869.377	376.29  
869.757	399.57  
870.137	418.19  
870.517	387.93  
870.896	432.16  
871.276	373.96  
871.655	366.97  
872.035	450.79  
872.414	366.97  
872.794	359.99  
873.173	364.65  
873.552	378.61  
873.931	434.49  
874.31	397.24   
874.689	390.26  
875.068	406.55  
875.447	348.35  
875.826	432.16  
876.205	390.26  
876.583	390.26  
876.962	320.41  
877.341	387.93  
877.719	457.77  
878.097	404.22  
878.476	427.51  
878.854	373.96  
879.232	394.91  
879.61	373.96   
879.988	420.52  
880.366	380.94  
880.744	397.24  
881.122	476.4   
881.5	406.55    
881.878	401.9   
882.255	474.07  
882.633	404.22  
883.011	425.18  
883.388	353.01  
883.765	364.65  
884.143	348.35  
884.52	387.93   
884.897	441.47  
885.274	390.26  
885.651	434.49  
886.028	411.21  
886.405	408.88  
886.782	406.55  
887.159	436.82  
887.536	455.44  
887.912	392.58  
888.289	399.57  
888.665	385.6   
889.042	404.22  
889.418	511.32  
889.794	415.87  
890.171	404.22  
890.547	439.15  
890.923	364.65  
891.299	376.29  
891.675	334.38  
892.051	341.36  
892.427	411.21  
892.803	359.99  
893.178	369.3   
893.554	432.16  
893.929	343.69  
894.305	406.55  
894.68	455.44   
895.056	436.82  
895.431	373.96  
895.806	436.82  
896.181	376.29  
896.557	371.63  
896.932	432.16  
897.307	443.8   
897.681	371.63  
898.056	383.27  
898.431	446.13  
898.806	401.9   
899.18	432.16   
899.555	390.26  
899.929	373.96  
900.304	376.29  
900.678	434.49  
901.052	415.87  
901.427	436.82  
901.801	397.24  
902.175	359.99  
902.549	380.94  
902.923	469.41  
903.297	418.19  
903.67	376.29   
904.044	390.26  
904.418	348.35  
904.791	420.52  
905.165	460.1   
905.538	392.58  
905.912	408.88  
906.285	406.55  
906.658	378.61  
907.032	364.65  
907.405	378.61  
907.778	455.44  
908.151	427.51  
908.524	427.51  
908.896	397.24  
909.269	366.97  
909.642	357.66  
910.015	408.88  
910.387	408.88  
910.76	436.82   
911.132	411.21  
911.504	406.55  
911.877	404.22  
912.249	376.29  
912.621	376.29  
912.993	387.93  
913.365	413.54  
913.737	387.93  
914.109	346.02  
914.481	401.9   
914.853	348.35  
915.224	429.83  
915.596	371.63  
915.968	453.12  
916.339	439.15  
916.71	406.55   
917.082	425.18  
917.453	357.66  
917.824	432.16  
918.195	434.49  
918.566	404.22  
918.937	394.91  
919.308	364.65  
919.679	341.36  
920.05	385.6    
920.421	415.87  
920.791	364.65  
921.162	318.08  
921.532	399.57  
921.903	346.02  
922.273	441.47  
922.644	481.05  
923.014	439.15  
923.384	380.94  
923.754	429.83  
924.124	439.15  
924.494	427.51  
924.864	397.24  
925.234	371.63  
925.604	378.61  
925.973	411.21  
926.343	353.01  
926.712	408.88  
927.082	446.13  
927.451	404.22  
927.821	448.46  
928.19	446.13   
928.559	366.97  
928.928	404.22  
929.297	406.55  
929.666	406.55  
930.035	353.01  
930.404	443.8   
930.773	369.3   
931.142	455.44  
931.51	366.97   
931.879	339.04  
932.247	427.51  
932.616	353.01  
932.984	357.66  
933.353	429.83  
933.721	397.24  
934.089	404.22  
934.457	399.57  
934.825	378.61  
935.193	420.52  
935.561	366.97  
935.929	373.96  
936.296	343.69  
936.664	399.57  
937.032	406.55  
937.399	397.24  
937.767	429.83  
938.134	394.91  
938.501	427.51  
938.869	362.32  
939.236	408.88  
939.603	420.52  
939.97	411.21   
940.337	380.94  
940.704	432.16  
941.071	464.76  
941.438	448.46  
941.804	341.36  
942.171	399.57  
942.538	420.52  
942.904	399.57  
943.27	387.93   
943.637	366.97  
944.003	394.91  
944.369	364.65  
944.735	413.54  
945.102	376.29  
945.468	397.24  
945.833	401.9   
946.199	411.21  
946.565	406.55  
946.931	392.58  
947.296	394.91  
947.662	401.9   
948.028	346.02  
948.393	455.44  
948.758	462.43  
949.124	467.08  
949.489	346.02  
949.854	308.77  
950.219	446.13  
950.584	446.13  
950.949	387.93  
951.314	499.68  
951.679	425.18  
952.044	441.47  
952.408	441.47  
952.773	380.94  
953.137	362.32  
953.502	385.6   
953.866	425.18  
954.231	425.18  
954.595	380.94  
954.959	380.94  
955.323	350.68  
955.687	413.54  
956.051	380.94  
956.415	366.97  
956.779	460.1   
957.143	399.57  
957.506	439.15  
957.87	413.54   
958.234	429.83  
958.597	392.58  
958.961	404.22  
959.324	415.87  
959.687	425.18  
960.05	439.15   
960.413	327.4   
960.776	425.18  
961.139	357.66  
961.502	371.63  
961.865	443.8   
962.228	397.24  
962.591	450.79  
962.953	350.68  
963.316	399.57  
963.678	385.6   
964.041	474.07  
964.403	429.83  
964.765	418.19  
965.128	306.44  
965.49	397.24   
965.852	362.32  
966.214	373.96  
966.576	390.26  
966.938	408.88  
967.299	404.22  
967.661	385.6   
968.023	397.24  
968.384	404.22  
968.746	380.94  
969.107	378.61  
969.469	401.9   
969.83	474.07   
970.191	308.77  
970.552	469.41  
970.913	343.69  
971.274	415.87  
971.635	408.88  
971.996	350.68  
972.357	336.71  
972.718	357.66  
973.078	408.88  
973.439	385.6   
973.8	418.19    
974.16	439.15   
974.52	387.93   
974.881	427.51  
975.241	369.3   
975.601	432.16  
975.961	350.68  
976.321	353.01  
976.681	394.91  
977.041	362.32  
977.401	434.49  
977.76	455.44   
978.12	488.04   
978.48	406.55   
978.839	380.94  
979.199	422.85  
979.558	432.16  
979.917	350.68  
980.277	413.54  
980.636	394.91  
980.995	397.24  
981.354	453.12  
981.713	320.41  
982.072	401.9   
982.43	457.77   
982.789	436.82  
983.148	460.1   
983.506	355.33  
983.865	359.99  
984.223	415.87  
984.582	343.69  
984.94	406.55   
985.298	425.18  
985.656	404.22  
986.015	441.47  
986.373	399.57  
986.731	436.82  
987.088	371.63  
987.446	364.65  
987.804	406.55  
988.162	399.57  
988.519	408.88  
988.877	455.44  
989.234	392.58  
989.591	446.13  
989.949	413.54  
990.306	469.41  
990.663	441.47  
991.02	425.18   
991.377	362.32  
991.734	378.61  
992.091	420.52  
992.448	383.27  
992.805	371.63  
993.161	408.88  
993.518	357.66  
993.874	411.21  
994.231	471.74  
994.587	366.97  
994.943	404.22  
995.3	401.9     
995.656	425.18  
996.012	390.26  
996.368	420.52  
996.724	471.74  
997.08	373.96   
997.435	343.69  
997.791	450.79  
998.147	453.12  
998.502	385.6   
998.858	457.77  
999.213	404.22  
999.569	439.15  
999.924	394.91  
1000.279	318.08 
1000.634	415.87 
1000.989	373.96 
1001.344	378.61 
1001.699	346.02 
1002.054	425.18 
1002.409	380.94 
1002.764	425.18 
1003.118	357.66 
1003.473	411.21 
1003.827	376.29 
1004.182	408.88 
1004.536	399.57 
1004.89	420.52  
1005.245	457.77 
1005.599	439.15 
1005.953	394.91 
1006.307	385.6  
1006.661	425.18 
1007.015	411.21 
1007.368	387.93 
1007.722	415.87 
1008.076	434.49 
1008.429	394.91 
1008.783	397.24 
1009.136	394.91 
1009.489	404.22 
1009.843	404.22 
1010.196	462.43 
1010.549	366.97 
1010.902	383.27 
1011.255	346.02 
1011.608	392.58 
1011.961	413.54 
1012.313	383.27 
1012.666	443.8  
1013.019	411.21 
1013.371	411.21 
1013.724	425.18 
1014.076	406.55 
1014.428	422.85 
1014.781	369.3  
1015.133	373.96 
1015.485	436.82 
1015.837	376.29 
1016.189	401.9  
1016.541	362.32 
1016.893	448.46 
1017.244	427.51 
1017.596	429.83 
1017.947	373.96 
1018.299	362.32 
1018.65	434.49  
1019.002	404.22 
1019.353	359.99 
1019.704	471.74 
1020.055	436.82 
1020.407	394.91 
1020.758	387.93 
1021.108	418.19 
1021.459	446.13 
1021.81	404.22  
1022.161	453.12 
1022.511	418.19 
1022.862	394.91 
1023.213	357.66 
1023.563	327.4  
1023.913	380.94 
1024.264	325.07 
1024.614	359.99 
1024.964	373.96 
1025.314	429.83 
1025.664	390.26 
1026.014	427.51 
1026.364	422.85 
1026.713	443.8  
1027.063	425.18 
1027.413	408.88 
1027.762	450.79 
1028.112	401.9  
1028.461	474.07 
1028.81	399.57  
1029.16	422.85  
1029.509	485.71 
1029.858	387.93 
1030.207	408.88 
1030.556	362.32 
1030.905	476.4  
1031.254	392.58 
1031.602	460.1  
1031.951	450.79 
1032.3	432.16   
1032.648	411.21 
1032.996	411.21 
1033.345	411.21 