187.879	-38.41  
188.346	-38.41  
188.813	-38.41  
189.28	-187.42  
189.747	-94.29  
190.214	-129.21 
190.681	-110.59 
191.148	-82.65  
191.614	-31.43  
192.081	-12.8   
192.548	-47.73  
193.014	-43.07  
193.481	-47.73  
193.948	24.45   
194.414	24.45   
194.881	52.38   
195.347	-5.82   
195.813	52.38   
196.28	94.29    
196.746	84.98   
197.212	178.1   
197.678	175.78  
198.145	159.48  
198.611	175.78  
199.077	231.65  
199.543	254.93  
200.009	233.98  
200.475	194.4   
200.941	369.01  
201.407	350.39  
201.873	296.84  
202.338	306.15  
202.804	341.07  
203.27	387.64   
203.735	345.73  
204.201	382.98  
204.667	369.01  
205.132	429.54  
205.598	396.95  
206.063	357.37  
206.529	427.21  
206.994	392.29  
207.459	445.84  
207.925	387.64  
208.39	357.37   
208.855	406.26  
209.32	376      
209.785	438.86  
210.25	359.7    
210.715	357.37  
211.18	378.32   
211.645	399.28  
212.11	394.62   
212.575	438.86  
213.04	450.5    
213.504	364.35  
213.969	415.57  
214.434	343.4   
214.899	403.93  
215.363	469.12  
215.828	380.65  
216.292	424.89  
216.757	452.82  
217.221	362.03  
217.685	389.96  
218.15	364.35   
218.614	401.61  
219.078	317.79  
219.542	359.7   
220.007	420.23  
220.471	413.25  
220.935	385.31  
221.399	380.65  
221.863	401.61  
222.327	310.81  
222.791	371.34  
223.254	343.4   
223.718	364.35  
224.182	436.53  
224.646	343.4   
225.109	382.98  
225.573	359.7   
226.037	348.06  
226.5	285.2     
226.964	396.95  
227.427	338.75  
227.89	280.54   
228.354	296.84  
228.817	322.45  
229.28	331.76   
229.744	371.34  
230.207	320.12  
230.67	364.35   
231.133	471.45  
231.596	424.89  
232.059	373.67  
232.522	338.75  
232.985	338.75  
233.448	350.39  
233.911	429.54  
234.374	403.93  
234.836	376     
235.299	394.62  
235.762	382.98  
236.224	399.28  
236.687	352.71  
237.149	338.75  
237.612	292.18  
238.074	334.09  
238.537	336.42  
238.999	322.45  
239.461	306.15  
239.924	348.06  
240.386	424.89  
240.848	324.78  
241.31	392.29   
241.772	424.89  
242.234	394.62  
242.696	443.51  
243.158	471.45  
243.62	464.47   
244.082	410.92  
244.544	376     
245.006	378.32  
245.468	410.92  
245.929	355.04  
246.391	343.4   
246.852	427.21  
247.314	401.61  
247.776	427.21  
248.237	413.25  
248.698	438.86  
249.16	359.7    
249.621	357.37  
250.082	373.67  
250.544	422.56  
251.005	394.62  
251.466	504.04  
251.927	422.56  
252.388	371.34  
252.849	399.28  
253.31	431.87   
253.771	389.96  
254.232	417.9   
254.693	369.01  
255.154	382.98  
255.615	348.06  
256.075	410.92  
256.536	438.86  
256.997	406.26  
257.457	403.93  
257.918	385.31  
258.378	399.28  
258.839	320.12  
259.299	364.35  
259.759	348.06  
260.22	403.93   
260.68	462.14   
261.14	385.31   
261.6	422.56    
262.06	385.31   
262.521	399.28  
262.981	434.2   
263.441	376     
263.901	487.75  
264.36	366.68   
264.82	452.82   
265.28	406.26   
265.74	445.84   
266.2	445.84    
266.659	413.25  
267.119	387.64  
267.579	373.67  
268.038	355.04  
268.498	364.35  
268.957	357.37  
269.416	382.98  
269.876	473.78  
270.335	450.5   
270.794	473.78  
271.254	348.06  
271.713	450.5   
272.172	424.89  
272.631	427.21  
273.09	415.57   
273.549	413.25  
274.008	417.9   
274.467	415.57  
274.926	424.89  
275.385	359.7   
275.843	380.65  
276.302	485.42  
276.761	443.51  
277.22	373.67   
277.678	443.51  
278.137	420.23  
278.595	492.4   
279.054	401.61  
279.512	394.62  
279.97	490.07   
280.429	376     
280.887	396.95  
281.345	343.4   
281.803	357.37  
282.262	410.92  
282.72	427.21   
283.178	452.82  
283.636	434.2   
284.094	385.31  
284.552	441.18  
285.01	406.26   
285.467	373.67  
285.925	448.17  
286.383	427.21  
286.841	469.12  
287.298	471.45  
287.756	417.9   
288.213	371.34  
288.671	387.64  
289.128	408.59  
289.586	392.29  
290.043	364.35  
290.5	373.67    
290.958	443.51  
291.415	485.42  
291.872	413.25  
292.329	483.09  
292.786	376     
293.243	424.89  
293.7	427.21    
294.157	408.59  
294.614	387.64  
295.071	413.25  
295.528	410.92  
295.985	392.29  
296.441	401.61  
296.898	466.79  
297.355	455.15  
297.811	403.93  
298.268	371.34  
298.724	469.12  
299.181	469.12  
299.637	415.57  
300.094	399.28  
300.55	415.57   
301.006	399.28  
301.462	441.18  
301.919	438.86  
302.375	448.17  
302.831	401.61  
303.287	396.95  
303.743	450.5   
304.199	408.59  
304.655	450.5   
305.11	427.21   
305.566	471.45  
306.022	371.34  
306.478	392.29  
306.933	403.93  
307.389	462.14  
307.845	476.11  
308.3	490.07    
308.756	455.15  
309.211	431.87  
309.666	392.29  
310.122	445.84  
310.577	406.26  
311.032	429.54  
311.487	455.15  
311.943	445.84  
312.398	434.2   
312.853	476.11  
313.308	473.78  
313.763	420.23  
314.218	415.57  
314.672	406.26  
315.127	473.78  
315.582	448.17  
316.037	427.21  
316.492	471.45  
316.946	415.57  
317.401	382.98  
317.855	459.81  
318.31	462.14   
318.764	476.11  
319.219	355.04  
319.673	380.65  
320.127	422.56  
320.582	424.89  
321.036	366.68  
321.49	431.87   
321.944	438.86  
322.398	455.15  
322.852	499.39  
323.306	441.18  
323.76	371.34   
324.214	436.53  
324.668	457.48  
325.122	378.32  
325.575	445.84  
326.029	410.92  
326.483	448.17  
326.936	436.53  
327.39	331.76   
327.843	387.64  
328.297	469.12  
328.75	348.06   
329.204	373.67  
329.657	457.48  
330.11	373.67   
330.564	324.78  
331.017	464.47  
331.47	431.87   
331.923	455.15  
332.376	427.21  
332.829	462.14  
333.282	457.48  
333.735	469.12  
334.188	457.48  
334.641	429.54  
335.093	420.23  
335.546	422.56  
335.999	431.87  
336.451	464.47  
336.904	459.81  
337.356	427.21  
337.809	417.9   
338.261	483.09  
338.714	434.2   
339.166	417.9   
339.618	392.29  
340.07	457.48   
340.523	387.64  
340.975	387.64  
341.427	448.17  
341.879	422.56  
342.331	459.81  
342.783	480.76  
343.235	424.89  
343.687	427.21  
344.138	455.15  
344.59	478.43   
345.042	401.61  
345.494	420.23  
345.945	438.86  
346.397	452.82  
346.848	394.62  
347.3	473.78    
347.751	459.81  
348.203	445.84  
348.654	410.92  
349.105	478.43  
349.556	462.14  
350.008	501.72  
350.459	373.67  
350.91	445.84   
351.361	431.87  
351.812	415.57  
352.263	424.89  
352.714	464.47  
353.165	415.57  
353.615	417.9   
354.066	429.54  
354.517	387.64  
354.968	387.64  
355.418	452.82  
355.869	410.92  
356.319	483.09  
356.77	392.29   
357.22	508.7    
357.671	378.32  
358.121	511.03  
358.571	480.76  
359.021	459.81  
359.472	373.67  
359.922	434.2   
360.372	541.29  
360.822	494.73  
361.272	455.15  
361.722	455.15  
362.172	410.92  
362.622	455.15  
363.071	478.43  
363.521	485.42  
363.971	499.39  
364.42	431.87   
364.87	494.73   
365.32	464.47   
365.769	408.59  
366.219	513.36  
366.668	511.03  
367.117	511.03  
367.567	513.36  
368.016	518.01  
368.465	469.12  
368.914	424.89  
369.363	545.95  
369.812	469.12  
370.261	504.04  
370.71	562.25   
371.159	522.67  
371.608	555.26  
372.057	636.75  
372.506	599.5   
372.955	520.34  
373.403	655.37  
373.852	587.86  
374.301	711.25  
374.749	813.69  
375.198	699.61  
375.646	790.41  
376.094	748.5   
376.543	841.63  
376.991	962.69  
377.439	953.38  
377.887	1044.17 
378.336	1153.6  
378.784	1283.97 
379.232	1419.01 
379.68	1474.88  
380.128	1740.29 
380.576	1737.96 
381.023	2012.68 
381.471	2103.48 
381.919	2350.26 
382.367	2683.19 
382.814	2953.25 
383.262	3207.02 
383.71	3688.95  
384.157	4338.5  
384.605	4613.22 
385.052	4995.04 
385.499	5530.51 
385.947	6196.36 
386.394	7106.67 
386.841	7970.41 
387.288	8859.76 
387.735	9751.44 
388.182	10913.19
388.63	12067.95 
389.076	13364.73
389.523	15001.41
389.97	16663.71 
390.417	18053.61
390.864	20228.1 
391.311	22158.14
391.757	24935.61
392.204	27270.75
392.651	29219.4 
393.097	32411.29
393.544	35540.32
393.99	37917.36 
394.436	39786.86
394.883	42606.25
395.329	44824.97
395.775	46445.36
396.221	47150.79
396.668	47814.31
397.114	47479.06
397.56	47628.06 
398.006	46203.23
398.452	45025.19
398.897	42701.7 
399.343	40010.36
399.789	37183.99
400.235	35023.47
400.681	32367.06
401.126	29319.51
401.572	27531.5 
402.017	25033.4 
402.463	23128.97
402.908	21098.83
403.354	20006.93
403.799	18777.67
404.244	17604.28
404.689	16614.82
405.135	16032.78
405.58	15462.39 
406.025	14931.57
406.47	14233.12 
406.915	14074.81
407.36	13374.04 
407.805	12789.67
408.25	12477.7  
408.694	12007.42
409.139	11132.03
409.584	10536.03
410.029	10168.18
410.473	9337.03 
410.918	8845.79 
411.362	8203.22 
411.807	7495.47 
412.251	7092.7  
412.695	6394.25 
413.14	6054.35  
413.584	5602.68 
414.028	5248.81 
414.472	4871.65 
414.916	4336.17 
415.36	4166.22  
415.804	4014.89 
416.248	3768.11 
416.692	3486.4  
417.136	3344.38 
417.58	3253.58  
418.024	3137.18 
418.467	2981.19 
418.911	2825.21 
419.355	2662.24 
419.798	2652.92 
420.242	2492.28 
420.685	2466.67 
421.128	2247.83 
421.572	2217.56 
422.015	2124.43 
422.458	2077.87 
422.902	1831.09 
423.345	1810.13 
423.788	1754.26 
424.231	1623.88 
424.674	1577.32 
425.117	1495.83 
425.56	1391.07  
426.003	1307.25 
426.445	1139.63 
426.888	1139.63 
427.331	1169.89 
427.773	1181.53 
428.216	1018.56 
428.659	962.69  
429.101	888.19  
429.543	983.64  
429.986	955.7   
430.428	944.06  
430.87	818.34   
431.313	771.78  
431.755	871.89  
432.197	839.3   
432.639	715.91  
433.081	811.36  
433.523	736.86  
433.965	685.64  
434.407	748.5   
434.849	667.01  
435.291	664.69  
435.732	701.94  
436.174	704.26  
436.616	636.75  
437.057	657.7   
437.499	594.84  
437.94	608.81   
438.382	583.2   
438.823	585.53  
439.264	601.83  
439.706	601.83  
440.147	487.75  
440.588	559.92  
441.029	578.54  
441.47	555.26   
441.911	592.51  
442.352	506.37  
442.793	548.28  
443.234	562.25  
443.675	494.73  
444.116	531.98  
444.556	548.28  
444.997	527.33  
445.438	469.12  
445.878	525     
446.319	431.87  
446.759	462.14  
447.199	513.36  
447.64	487.75   
448.08	525      
448.52	478.43   
448.961	490.07  
449.401	413.25  
449.841	473.78  
450.281	529.65  
450.721	464.47  
451.161	471.45  
451.601	520.34  
452.041	457.48  
452.48	476.11   
452.92	518.01   
453.36	401.61   
453.799	378.32  
454.239	455.15  
454.679	436.53  
455.118	401.61  
455.557	427.21  
455.997	480.76  
456.436	443.51  
456.875	420.23  
457.315	413.25  
457.754	443.51  
458.193	429.54  
458.632	415.57  
459.071	506.37  
459.51	557.59   
459.949	429.54  
460.388	362.03  
460.827	448.17  
461.265	441.18  
461.704	490.07  
462.143	417.9   
462.581	401.61  
463.02	469.12   
463.458	455.15  
463.897	476.11  
464.335	452.82  
464.774	427.21  
465.212	478.43  
465.65	448.17   
466.088	492.4   
466.527	434.2   
466.965	452.82  
467.403	459.81  
467.841	413.25  
468.279	415.57  
468.716	434.2   
469.154	490.07  
469.592	455.15  
470.03	362.03   
470.467	452.82  
470.905	466.79  
471.343	438.86  
471.78	462.14   
472.218	401.61  
472.655	480.76  
473.092	403.93  
473.53	357.37   
473.967	434.2   
474.404	413.25  
474.841	438.86  
475.278	464.47  
475.716	459.81  
476.153	443.51  
476.589	445.84  
477.026	436.53  
477.463	359.7   
477.9	469.12    
478.337	434.2   
478.773	424.89  
479.21	401.61   
479.647	438.86  
480.083	403.93  
480.52	434.2    
480.956	452.82  
481.392	422.56  
481.829	394.62  
482.265	408.59  
482.701	490.07  
483.137	429.54  
483.574	525     
484.01	487.75   
484.446	438.86  
484.882	308.48  
485.317	441.18  
485.753	455.15  
486.189	431.87  
486.625	436.53  
487.061	478.43  
487.496	427.21  
487.932	438.86  
488.367	422.56  
488.803	392.29  
489.238	417.9   
489.674	499.39  
490.109	436.53  
490.544	408.59  
490.979	487.75  
491.415	396.95  
491.85	448.17   
492.285	443.51  
492.72	457.48   
493.155	445.84  
493.59	424.89   
494.024	366.68  
494.459	401.61  
494.894	385.31  
495.329	490.07  
495.763	420.23  
496.198	455.15  
496.632	455.15  
497.067	473.78  
497.501	424.89  
497.936	403.93  
498.37	443.51   
498.804	443.51  
499.238	396.95  
499.673	424.89  
500.107	385.31  
500.541	508.7   
500.975	420.23  
501.409	369.01  
501.843	406.26  
502.277	436.53  
502.71	406.26   
503.144	422.56  
503.578	438.86  
504.011	424.89  
504.445	415.57  
504.878	415.57  
505.312	385.31  
505.745	371.34  
506.179	457.48  
506.612	471.45  
507.045	410.92  
507.479	436.53  
507.912	382.98  
508.345	487.75  
508.778	378.32  
509.211	478.43  
509.644	406.26  
510.077	450.5   
510.509	548.28  
510.942	387.64  
511.375	441.18  
511.808	387.64  
512.24	487.75   
512.673	415.57  
513.105	471.45  
513.538	385.31  
513.97	434.2    
514.403	389.96  
514.835	424.89  
515.267	485.42  
515.699	436.53  
516.131	406.26  
516.564	396.95  
516.996	415.57  
517.428	483.09  
517.859	429.54  
518.291	438.86  
518.723	457.48  
519.155	443.51  
519.587	443.51  
520.018	473.78  
520.45	394.62   
520.881	469.12  
521.313	457.48  
521.744	387.64  
522.176	387.64  
522.607	394.62  
523.038	478.43  
523.47	376      
523.901	429.54  
524.332	471.45  
524.763	399.28  
525.194	478.43  
525.625	441.18  
526.056	483.09  
526.487	466.79  
526.917	420.23  
527.348	455.15  
527.779	464.47  
528.21	424.89   
528.64	417.9    
529.071	473.78  
529.501	471.45  
529.932	396.95  
530.362	387.64  
530.792	490.07  
531.222	452.82  
531.653	490.07  
532.083	420.23  
532.513	508.7   
532.943	452.82  
533.373	466.79  
533.803	443.51  
534.233	427.21  
534.663	457.48  
535.092	378.32  
535.522	413.25  
535.952	410.92  
536.381	485.42  
536.811	394.62  
537.24	350.39   
537.67	371.34   
538.099	394.62  
538.529	431.87  
538.958	431.87  
539.387	504.04  
539.816	429.54  
540.245	385.31  
540.674	469.12  
541.103	459.81  
541.532	445.84  
541.961	459.81  
542.39	394.62   
542.819	431.87  
543.248	441.18  
543.676	401.61  
544.105	394.62  
544.534	422.56  
544.962	362.03  
545.391	441.18  
545.819	436.53  
546.247	385.31  
546.676	427.21  
547.104	480.76  
547.532	431.87  
547.96	462.14   
548.388	492.4   
548.816	410.92  
549.244	420.23  
549.672	422.56  
550.1	438.86    
550.528	410.92  
550.956	436.53  
551.383	441.18  
551.811	450.5   
552.238	483.09  
552.666	506.37  
553.094	466.79  
553.521	385.31  
553.948	422.56  
554.376	415.57  
554.803	376     
555.23	483.09   
555.657	427.21  
556.084	371.34  
556.511	392.29  
556.938	376     
557.365	392.29  
557.792	457.48  
558.219	420.23  
558.646	417.9   
559.072	455.15  
559.499	422.56  
559.926	478.43  
560.352	473.78  
560.779	457.48  
561.205	429.54  
561.632	459.81  
562.058	413.25  
562.484	355.04  
562.91	427.21   
563.337	385.31  
563.763	389.96  
564.189	497.06  
564.615	399.28  
565.041	401.61  
565.466	399.28  
565.892	406.26  
566.318	464.47  
566.744	415.57  
567.169	403.93  
567.595	448.17  
568.021	452.82  
568.446	359.7   
568.872	355.04  
569.297	492.4   
569.722	478.43  
570.148	448.17  
570.573	457.48  
570.998	427.21  
571.423	448.17  
571.848	506.37  
572.273	399.28  
572.698	385.31  
573.123	452.82  
573.548	436.53  
573.973	483.09  
574.397	406.26  
574.822	445.84  
575.247	438.86  
575.671	396.95  
576.096	401.61  
576.52	424.89   
576.944	387.64  
577.369	450.5   
577.793	415.57  
578.217	469.12  
578.641	345.73  
579.065	378.32  
579.49	422.56   
579.914	443.51  
580.337	408.59  
580.761	394.62  
581.185	429.54  
581.609	497.06  
582.033	392.29  
582.456	462.14  
582.88	394.62   
583.303	408.59  
583.727	450.5   
584.15	450.5    
584.574	462.14  
584.997	450.5   
585.42	387.64   
585.844	464.47  
586.267	376     
586.69	429.54   
587.113	413.25  
587.536	396.95  
587.959	429.54  
588.382	413.25  
588.804	459.81  
589.227	520.34  
589.65	438.86   
590.073	441.18  
590.495	371.34  
590.918	417.9   
591.34	504.04   
591.763	399.28  
592.185	422.56  
592.607	424.89  
593.03	434.2    
593.452	394.62  
593.874	392.29  
594.296	459.81  
594.718	434.2   
595.14	373.67   
595.562	441.18  
595.984	417.9   
596.406	445.84  
596.827	480.76  
597.249	348.06  
597.671	376     
598.092	415.57  
598.514	508.7   
598.935	522.67  
599.357	385.31  
599.778	422.56  
600.199	424.89  
600.621	438.86  
601.042	403.93  
601.463	399.28  
601.884	371.34  
602.305	364.35  
602.726	413.25  
603.147	352.71  
603.568	415.57  
603.988	443.51  
604.409	422.56  
604.83	385.31   
605.25	466.79   
605.671	378.32  
606.092	462.14  
606.512	399.28  
606.932	380.65  
607.353	413.25  
607.773	396.95  
608.193	373.67  
608.613	424.89  
609.034	396.95  
609.454	464.47  
609.874	420.23  
610.293	413.25  
610.713	438.86  
611.133	452.82  
611.553	410.92  
611.973	445.84  
612.392	469.12  
612.812	380.65  
613.231	424.89  
613.651	455.15  
614.07	406.26   
614.49	362.03   
614.909	406.26  
615.328	434.2   
615.747	462.14  
616.167	392.29  
616.586	452.82  
617.005	513.36  
617.424	415.57  
617.843	415.57  
618.261	459.81  
618.68	415.57   
619.099	501.72  
619.518	415.57  
619.936	406.26  
620.355	389.96  
620.773	410.92  
621.192	434.2   
621.61	378.32   
622.029	424.89  
622.447	494.73  
622.865	380.65  
623.283	438.86  
623.701	401.61  
624.119	429.54  
624.537	385.31  
624.955	438.86  
625.373	399.28  
625.791	431.87  
626.209	445.84  
626.627	436.53  
627.044	487.75  
627.462	420.23  
627.879	450.5   
628.297	401.61  
628.714	369.01  
629.132	441.18  
629.549	413.25  
629.966	399.28  
630.383	478.43  
630.8	429.54    
631.217	380.65  
631.634	445.84  
632.051	448.17  
632.468	399.28  
632.885	348.06  
633.302	341.07  
633.719	457.48  
634.135	487.75  
634.552	359.7   
634.969	394.62  
635.385	443.51  
635.801	357.37  
636.218	478.43  
636.634	369.01  
637.05	445.84   
637.467	382.98  
637.883	436.53  
638.299	422.56  
638.715	410.92  
639.131	429.54  
639.547	422.56  
639.963	410.92  
640.378	422.56  
640.794	408.59  
641.21	469.12   
641.626	441.18  
642.041	473.78  
642.457	417.9   
642.872	443.51  
643.287	441.18  
643.703	422.56  
644.118	401.61  
644.533	406.26  
644.948	499.39  
645.364	431.87  
645.779	441.18  
646.194	389.96  
646.609	410.92  
647.023	401.61  
647.438	380.65  
647.853	459.81  
648.268	406.26  
648.682	422.56  
649.097	348.06  
649.511	373.67  
649.926	417.9   
650.34	438.86   
650.755	385.31  
651.169	506.37  
651.583	445.84  
651.997	434.2   
652.411	371.34  
652.825	371.34  
653.239	427.21  
653.653	331.76  
654.067	350.39  
654.481	420.23  
654.895	406.26  
655.309	392.29  
655.722	476.11  
656.136	355.04  
656.549	413.25  
656.963	494.73  
657.376	427.21  
657.79	427.21   
658.203	376     
658.616	408.59  
659.029	399.28  
659.442	429.54  
659.855	476.11  
660.268	417.9   
660.681	387.64  
661.094	396.95  
661.507	399.28  
661.92	422.56   
662.333	420.23  
662.745	429.54  
663.158	382.98  
663.57	415.57   
663.983	459.81  
664.395	408.59  
664.808	422.56  
665.22	408.59   
665.632	410.92  
666.044	413.25  
666.456	396.95  
666.868	399.28  
667.28	429.54   
667.692	459.81  
668.104	422.56  
668.516	382.98  
668.928	462.14  
669.34	413.25   
669.751	417.9   
670.163	399.28  
670.574	366.68  
670.986	387.64  
671.397	473.78  
671.809	452.82  
672.22	457.48   
672.631	362.03  
673.042	392.29  
673.453	387.64  
673.864	480.76  
674.275	436.53  
674.686	424.89  
675.097	506.37  
675.508	438.86  
675.919	443.51  
676.33	401.61   
676.74	396.95   
677.151	417.9   
677.561	422.56  
677.972	396.95  
678.382	385.31  
678.792	434.2   
679.203	410.92  
679.613	394.62  
680.023	476.11  
680.433	450.5   
680.843	378.32  
681.253	445.84  
681.663	357.37  
682.073	417.9   
682.483	464.47  
682.893	382.98  
683.302	341.07  
683.712	459.81  
684.122	415.57  
684.531	424.89  
684.94	394.62   
685.35	364.35   
685.759	399.28  
686.168	336.42  
686.578	410.92  
686.987	394.62  
687.396	427.21  
687.805	424.89  
688.214	473.78  
688.623	478.43  
689.032	427.21  
689.44	476.11   
689.849	452.82  
690.258	350.39  
690.666	431.87  
691.075	420.23  
691.484	403.93  
691.892	410.92  
692.3	355.04    
692.709	399.28  
693.117	436.53  
693.525	413.25  
693.933	450.5   
694.341	427.21  
694.749	410.92  
695.157	448.17  
695.565	497.06  
695.973	445.84  
696.381	396.95  
696.788	408.59  
697.196	389.96  
697.604	436.53  
698.011	457.48  
698.419	406.26  
698.826	406.26  
699.234	476.11  
699.641	466.79  
700.048	455.15  
700.455	443.51  
700.862	410.92  
701.269	422.56  
701.676	473.78  
702.083	452.82  
702.49	373.67   
702.897	380.65  
703.304	394.62  
703.71	392.29   
704.117	457.48  
704.524	408.59  
704.93	396.95   
705.337	417.9   
705.743	464.47  
706.149	450.5   
706.556	410.92  
706.962	462.14  
707.368	457.48  
707.774	438.86  
708.18	450.5    
708.586	352.71  
708.992	382.98  
709.398	408.59  
709.804	376     
710.209	380.65  
710.615	382.98  
711.021	445.84  
711.426	485.42  
711.832	413.25  
712.237	350.39  
712.642	394.62  
713.048	396.95  
713.453	417.9   
713.858	408.59  
714.263	415.57  
714.668	422.56  
715.073	387.64  
715.478	378.32  
715.883	401.61  
716.288	392.29  
716.693	469.12  
717.097	434.2   
717.502	387.64  
717.906	450.5   
718.311	436.53  
718.715	352.71  
719.12	462.14   
719.524	424.89  
719.928	380.65  
720.333	415.57  
720.737	448.17  
721.141	392.29  
721.545	410.92  
721.949	415.57  
722.353	410.92  
722.757	436.53  
723.16	422.56   
723.564	436.53  
723.968	401.61  
724.371	413.25  
724.775	457.48  
725.178	445.84  
725.582	443.51  
725.985	371.34  
726.388	399.28  
726.792	441.18  
727.195	485.42  
727.598	466.79  
728.001	471.45  
728.404	513.36  
728.807	422.56  
729.21	431.87   
729.612	380.65  
730.015	443.51  
730.418	427.21  
730.82	436.53   
731.223	422.56  
731.625	387.64  
732.028	462.14  
732.43	406.26   
732.833	471.45  
733.235	469.12  
733.637	350.39  
734.039	434.2   
734.441	452.82  
734.843	378.32  
735.245	487.75  
735.647	396.95  
736.049	490.07  
736.451	434.2   
736.852	369.01  
737.254	403.93  
737.655	420.23  
738.057	499.39  
738.458	378.32  
738.86	499.39   
739.261	389.96  
739.662	422.56  
740.064	443.51  
740.465	429.54  
740.866	466.79  
741.267	396.95  
741.668	497.06  
742.069	499.39  
742.469	469.12  
742.87	348.06   
743.271	415.57  
743.672	394.62  
744.072	471.45  
744.473	357.37  
744.873	431.87  
745.274	424.89  
745.674	357.37  
746.074	322.45  
746.474	408.59  
746.875	348.06  
747.275	406.26  
747.675	408.59  
748.075	494.73  
748.474	434.2   
748.874	422.56  
749.274	415.57  
749.674	494.73  
750.073	431.87  
750.473	410.92  
750.873	399.28  
751.272	378.32  
751.671	450.5   
752.071	385.31  
752.47	357.37   
752.869	452.82  
753.268	443.51  
753.668	394.62  
754.067	338.75  
754.466	431.87  
754.864	406.26  
755.263	392.29  
755.662	459.81  
756.061	422.56  
756.459	338.75  
756.858	410.92  
757.257	441.18  
757.655	408.59  
758.053	408.59  
758.452	371.34  
758.85	450.5    
759.248	343.4   
759.646	434.2   
760.045	387.64  
760.443	373.67  
760.841	399.28  
761.238	452.82  
761.636	378.32  
762.034	406.26  
762.432	431.87  
762.829	387.64  
763.227	424.89  
763.625	378.32  
764.022	466.79  
764.419	385.31  
764.817	434.2   
765.214	466.79  
765.611	364.35  
766.008	431.87  
766.406	417.9   
766.803	443.51  
767.199	362.03  
767.596	455.15  
767.993	403.93  
768.39	420.23   
768.787	480.76  
769.183	396.95  
769.58	392.29   
769.977	431.87  
770.373	436.53  
770.769	410.92  
771.166	378.32  
771.562	431.87  
771.958	329.43  
772.354	331.76  
772.75	445.84   
773.146	396.95  
773.542	348.06  
773.938	338.75  
774.334	410.92  
774.73	396.95   
775.126	480.76  
775.521	436.53  
775.917	417.9   
776.312	431.87  
776.708	452.82  
777.103	443.51  
777.499	364.35  
777.894	424.89  
778.289	422.56  
778.684	313.14  
779.079	382.98  
779.474	431.87  
779.869	434.2   
780.264	380.65  
780.659	438.86  
781.054	422.56  
781.448	417.9   
781.843	406.26  
782.238	415.57  
782.632	389.96  
783.027	427.21  
783.421	424.89  
783.815	396.95  
784.21	452.82   
784.604	355.04  
784.998	387.64  
785.392	466.79  
785.786	457.48  
786.18	401.61   
786.574	338.75  
786.968	415.57  
787.361	483.09  
787.755	315.46  
788.149	394.62  
788.542	422.56  
788.936	443.51  
789.329	401.61  
789.722	424.89  
790.116	431.87  
790.509	380.65  
790.902	415.57  
791.295	385.31  
791.688	401.61  
792.081	422.56  
792.474	476.11  
792.867	438.86  
793.26	445.84   
793.653	385.31  
794.045	399.28  
794.438	413.25  
794.83	408.59   
795.223	410.92  
795.615	315.46  
796.008	415.57  
796.4	362.03    
796.792	499.39  
797.184	371.34  
797.576	457.48  
797.968	438.86  
798.36	359.7    
798.752	396.95  
799.144	341.07  
799.536	376     
799.928	403.93  
800.319	369.01  
800.711	415.57  
801.102	410.92  
801.494	413.25  
801.885	380.65  
802.276	429.54  
802.668	462.14  
803.059	445.84  
803.45	389.96   
803.841	369.01  
804.232	408.59  
804.623	410.92  
805.014	350.39  
805.405	392.29  
805.795	364.35  
806.186	387.64  
806.577	455.15  
806.967	382.98  
807.358	417.9   
807.748	380.65  
808.139	396.95  
808.529	424.89  
808.919	450.5   
809.309	424.89  
809.699	448.17  
810.089	406.26  
810.479	401.61  
810.869	403.93  
811.259	471.45  
811.649	431.87  
812.039	369.01  
812.428	431.87  
812.818	403.93  
813.207	369.01  
813.597	357.37  
813.986	406.26  
814.376	385.31  
814.765	450.5   
815.154	313.14  
815.543	441.18  
815.932	355.04  
816.321	366.68  
816.71	427.21   
817.099	429.54  
817.488	436.53  
817.877	431.87  
818.265	399.28  
818.654	359.7   
819.043	483.09  
819.431	410.92  
819.819	422.56  
820.208	410.92  
820.596	434.2   
820.984	424.89  
821.372	413.25  
821.761	413.25  
822.149	431.87  
822.537	471.45  
822.924	443.51  
823.312	394.62  
823.7	422.56    
824.088	450.5   
824.475	382.98  
824.863	434.2   
825.251	483.09  
825.638	450.5   
826.025	464.47  
826.413	464.47  
826.8	434.2     
827.187	448.17  
827.574	408.59  
827.961	462.14  
828.348	350.39  
828.735	378.32  
829.122	389.96  
829.509	369.01  
829.896	382.98  
830.282	378.32  
830.669	415.57  
831.055	396.95  
831.442	341.07  
831.828	450.5   
832.215	396.95  
832.601	378.32  
832.987	373.67  
833.373	350.39  
833.759	427.21  
834.145	336.42  
834.531	382.98  
834.917	385.31  
835.303	396.95  
835.689	341.07  
836.074	459.81  
836.46	478.43   
836.846	371.34  
837.231	410.92  
837.617	355.04  
838.002	366.68  
838.387	455.15  
838.772	345.73  
839.158	376     
839.543	436.53  
839.928	403.93  
840.313	452.82  
840.698	487.75  
841.082	366.68  
841.467	448.17  
841.852	403.93  
842.237	448.17  
842.621	431.87  
843.006	492.4   
843.39	371.34   
843.774	399.28  
844.159	427.21  
844.543	441.18  
844.927	387.64  
845.311	382.98  
845.695	345.73  
846.079	438.86  
846.463	436.53  
846.847	415.57  
847.231	403.93  
847.615	469.12  
847.998	338.75  
848.382	429.54  
848.765	434.2   
849.149	380.65  
849.532	441.18  
849.916	399.28  
850.299	338.75  
850.682	420.23  
851.065	401.61  
851.448	362.03  
851.831	341.07  
852.214	427.21  
852.597	413.25  
852.98	445.84   
853.363	420.23  
853.745	443.51  
854.128	429.54  
854.51	417.9    
854.893	387.64  
855.275	399.28  
855.658	410.92  
856.04	427.21   
856.422	462.14  
856.804	392.29  
857.186	378.32  
857.568	417.9   
857.95	485.42   
858.332	392.29  
858.714	352.71  
859.096	392.29  
859.477	434.2   
859.859	427.21  
860.24	445.84   
860.622	462.14  
861.003	352.71  
861.385	410.92  
861.766	443.51  
862.147	499.39  
862.528	350.39  
862.909	424.89  
863.29	422.56   
863.671	434.2   
864.052	341.07  
864.433	420.23  
864.814	382.98  
865.194	385.31  
865.575	429.54  
865.955	364.35  
866.336	413.25  
866.716	455.15  
867.097	385.31  
867.477	431.87  
867.857	389.96  
868.237	403.93  
868.617	415.57  
868.997	348.06  
869.377	348.06  
869.757	406.26  
870.137	478.43  
870.517	429.54  
870.896	352.71  
871.276	413.25  
871.655	396.95  
872.035	357.37  
872.414	376     
872.794	401.61  
873.173	408.59  
873.552	415.57  
873.931	441.18  
874.31	385.31   
874.689	385.31  
875.068	462.14  
875.447	345.73  
875.826	394.62  
876.205	441.18  
876.583	422.56  
876.962	313.14  
877.341	380.65  
877.719	376     
878.097	403.93  
878.476	376     
878.854	410.92  
879.232	382.98  
879.61	413.25   
879.988	399.28  
880.366	464.47  
880.744	469.12  
881.122	399.28  
881.5	343.4     
881.878	415.57  
882.255	392.29  
882.633	436.53  
883.011	434.2   
883.388	406.26  
883.765	429.54  
884.143	403.93  
884.52	424.89   
884.897	410.92  
885.274	415.57  
885.651	389.96  
886.028	366.68  
886.405	424.89  
886.782	306.15  
887.159	410.92  
887.536	355.04  
887.912	385.31  
888.289	490.07  
888.665	406.26  
889.042	441.18  
889.418	403.93  
889.794	385.31  
890.171	387.64  
890.547	378.32  
890.923	394.62  
891.299	357.37  
891.675	380.65  
892.051	341.07  
892.427	443.51  
892.803	469.12  
893.178	478.43  
893.554	369.01  
893.929	494.73  
894.305	438.86  
894.68	422.56   
895.056	413.25  
895.431	457.48  
895.806	408.59  
896.181	380.65  
896.557	399.28  
896.932	371.34  
897.307	497.06  
897.681	369.01  
898.056	378.32  
898.431	387.64  
898.806	369.01  
899.18	478.43   
899.555	396.95  
899.929	392.29  
900.304	387.64  
900.678	480.76  
901.052	464.47  
901.427	378.32  
901.801	422.56  
902.175	364.35  
902.549	448.17  
902.923	434.2   
903.297	457.48  
903.67	366.68   
904.044	399.28  
904.418	399.28  
904.791	434.2   
905.165	422.56  
905.538	464.47  
905.912	429.54  
906.285	392.29  
906.658	424.89  
907.032	376     
907.405	359.7   
907.778	487.75  
908.151	362.03  
908.524	387.64  
908.896	394.62  
909.269	406.26  
909.642	413.25  
910.015	387.64  
910.387	415.57  
910.76	343.4    
911.132	424.89  
911.504	394.62  
911.877	448.17  
912.249	420.23  
912.621	331.76  
912.993	331.76  
913.365	417.9   
913.737	422.56  
914.109	324.78  
914.481	382.98  
914.853	392.29  
915.224	392.29  
915.596	380.65  
915.968	424.89  
916.339	408.59  
916.71	422.56   
917.082	394.62  
917.453	345.73  
917.824	406.26  
918.195	452.82  
918.566	394.62  
918.937	455.15  
919.308	366.68  
919.679	443.51  
920.05	378.32   
920.421	417.9   
920.791	396.95  
921.162	436.53  
921.532	387.64  
921.903	452.82  
922.273	457.48  
922.644	341.07  
923.014	401.61  
923.384	480.76  
923.754	359.7   
924.124	417.9   
924.494	424.89  
924.864	389.96  
925.234	396.95  
925.604	396.95  
925.973	341.07  
926.343	341.07  
926.712	476.11  
927.082	485.42  
927.451	415.57  
927.821	396.95  
928.19	355.04   
928.559	399.28  
928.928	403.93  
929.297	494.73  
929.666	457.48  
930.035	450.5   
930.404	424.89  
930.773	385.31  
931.142	399.28  
931.51	380.65   
931.879	394.62  
932.247	378.32  
932.616	431.87  
932.984	364.35  
933.353	457.48  
933.721	357.37  
934.089	420.23  
934.457	459.81  
934.825	306.15  
935.193	445.84  
935.561	431.87  
935.929	362.03  
936.296	348.06  
936.664	392.29  
937.032	415.57  
937.399	329.43  
937.767	359.7   
938.134	459.81  
938.501	380.65  
938.869	382.98  
939.236	389.96  
939.603	429.54  
939.97	385.31   
940.337	355.04  
940.704	445.84  
941.071	429.54  
941.438	455.15  
941.804	422.56  
942.171	450.5   
942.538	420.23  
942.904	455.15  
943.27	452.82   
943.637	403.93  
944.003	487.75  
944.369	380.65  
944.735	466.79  
945.102	429.54  
945.468	366.68  
945.833	399.28  
946.199	406.26  
946.565	389.96  
946.931	334.09  
947.296	380.65  
947.662	406.26  
948.028	429.54  
948.393	378.32  
948.758	396.95  
949.124	448.17  
949.489	396.95  
949.854	436.53  
950.219	373.67  
950.584	462.14  
950.949	371.34  
951.314	387.64  
951.679	429.54  
952.044	352.71  
952.408	401.61  
952.773	438.86  
953.137	448.17  
953.502	427.21  
953.866	424.89  
954.231	380.65  
954.595	389.96  
954.959	385.31  
955.323	420.23  
955.687	364.35  
956.051	369.01  
956.415	392.29  
956.779	422.56  
957.143	459.81  
957.506	376     
957.87	438.86   
958.234	459.81  
958.597	450.5   
958.961	459.81  
959.324	399.28  
959.687	362.03  
960.05	403.93   
960.413	455.15  
960.776	413.25  
961.139	452.82  
961.502	396.95  
961.865	427.21  
962.228	387.64  
962.591	478.43  
962.953	424.89  
963.316	415.57  
963.678	396.95  
964.041	452.82  
964.403	329.43  
964.765	364.35  
965.128	322.45  
965.49	392.29   
965.852	466.79  
966.214	385.31  
966.576	422.56  
966.938	345.73  
967.299	380.65  
967.661	427.21  
968.023	450.5   
968.384	366.68  
968.746	427.21  
969.107	434.2   
969.469	410.92  
969.83	455.15   
970.191	469.12  
970.552	443.51  
970.913	364.35  
971.274	422.56  
971.635	387.64  
971.996	394.62  
972.357	434.2   
972.718	380.65  
973.078	385.31  
973.439	392.29  
973.8	366.68    
974.16	369.01   
974.52	485.42   
974.881	478.43  
975.241	427.21  
975.601	445.84  
975.961	429.54  
976.321	362.03  
976.681	394.62  
977.041	396.95  
977.401	364.35  
977.76	394.62   
978.12	443.51   
978.48	362.03   
978.839	415.57  
979.199	366.68  
979.558	431.87  
979.917	410.92  
980.277	415.57  
980.636	485.42  
980.995	385.31  
981.354	399.28  
981.713	352.71  
982.072	452.82  
982.43	422.56   
982.789	413.25  
983.148	373.67  
983.506	378.32  
983.865	355.04  
984.223	366.68  
984.582	362.03  
984.94	399.28   
985.298	434.2   
985.656	385.31  
986.015	385.31  
986.373	424.89  
986.731	406.26  
987.088	415.57  
987.446	408.59  
987.804	473.78  
988.162	443.51  
988.519	457.48  
988.877	457.48  
989.234	438.86  
989.591	434.2   
989.949	378.32  
990.306	408.59  
990.663	343.4   
991.02	417.9    
991.377	462.14  
991.734	457.48  
992.091	364.35  
992.448	457.48  
992.805	424.89  
993.161	415.57  
993.518	371.34  
993.874	408.59  
994.231	431.87  
994.587	350.39  
994.943	369.01  
995.3	392.29    
995.656	401.61  
996.012	403.93  
996.368	406.26  
996.724	415.57  
997.08	389.96   
997.435	436.53  
997.791	445.84  
998.147	294.51  
998.502	420.23  
998.858	429.54  
999.213	401.61  
999.569	396.95  
999.924	434.2   
1000.279	427.21 
1000.634	455.15 
1000.989	445.84 
1001.344	406.26 
1001.699	420.23 
1002.054	396.95 
1002.409	410.92 
1002.764	382.98 
1003.118	308.48 
1003.473	445.84 
1003.827	406.26 
1004.182	427.21 
1004.536	417.9  
1004.89	436.53  
1005.245	401.61 
1005.599	336.42 
1005.953	410.92 
1006.307	350.39 
1006.661	369.01 
1007.015	389.96 
1007.368	408.59 
1007.722	445.84 
1008.076	424.89 
1008.429	410.92 
1008.783	373.67 
1009.136	420.23 
1009.489	378.32 
1009.843	457.48 
1010.196	380.65 
1010.549	422.56 
1010.902	334.09 
1011.255	424.89 
1011.608	371.34 
1011.961	369.01 
1012.313	385.31 
1012.666	410.92 
1013.019	424.89 
1013.371	406.26 
1013.724	350.39 
1014.076	455.15 
1014.428	296.84 
1014.781	490.07 
1015.133	448.17 
1015.485	438.86 
1015.837	410.92 
1016.189	378.32 
1016.541	378.32 
1016.893	389.96 
1017.244	483.09 
1017.596	469.12 
1017.947	452.82 
1018.299	424.89 
1018.65	452.82  
1019.002	345.73 
1019.353	427.21 
1019.704	401.61 
1020.055	396.95 
1020.407	480.76 
1020.758	413.25 
1021.108	396.95 
1021.459	389.96 
1021.81	448.17  
1022.161	429.54 
1022.511	497.06 
1022.862	434.2  
1023.213	415.57 
1023.563	380.65 
1023.913	380.65 
1024.264	315.46 
1024.614	415.57 
1024.964	410.92 
1025.314	369.01 
1025.664	364.35 
1026.014	382.98 
1026.364	406.26 
1026.713	389.96 
1027.063	336.42 
1027.413	352.71 
1027.762	492.4  
1028.112	438.86 
1028.461	355.04 
1028.81	338.75  
1029.16	392.29  
1029.509	392.29 
1029.858	380.65 
1030.207	362.03 
1030.556	399.28 
1030.905	436.53 
1031.254	399.28 
1031.602	373.67 
1031.951	476.11 
1032.3	355.04   
1032.648	499.39 
1032.996	499.39 
1033.345	499.39 