187.879	-46.42  
188.346	-46.42  
188.813	-46.42  
189.28	-123.25  
189.747	-132.56 
190.214	-123.25 
190.681	-97.64  
191.148	-88.32  
191.614	-102.29 
192.081	-83.67  
192.548	-65.04  
193.014	-46.42  
193.481	37.4    
193.948	-30.12  
194.414	35.07   
194.881	2.47    
195.347	104.91  
195.813	49.04   
196.28	149.15   
196.746	130.52  
197.212	128.19  
197.678	179.41  
198.145	235.29  
198.611	212.01  
199.077	221.32  
199.543	200.37  
200.009	235.29  
200.475	309.79  
200.941	279.52  
201.407	251.59  
201.873	265.55  
202.338	267.88  
202.804	295.82  
203.27	328.41   
203.735	421.54  
204.201	358.68  
204.667	377.31  
205.132	409.9   
205.598	323.76  
206.063	379.63  
206.529	400.59  
206.994	381.96  
207.459	379.63  
207.925	447.15  
208.39	419.21   
208.855	412.23  
209.32	435.51   
209.785	386.62  
210.25	416.88   
210.715	444.82  
211.18	361.01   
211.645	344.71  
212.11	377.31   
212.575	451.81  
213.04	367.99   
213.504	414.56  
213.969	435.51  
214.434	363.34  
214.899	423.87  
215.363	391.27  
215.828	428.52  
216.292	307.46  
216.757	365.66  
217.221	395.93  
217.685	486.73  
218.15	449.48   
218.614	393.6   
219.078	333.07  
219.542	461.12  
220.007	388.95  
220.471	416.88  
220.935	393.6   
221.399	354.02  
221.863	367.99  
222.327	372.65  
222.791	344.71  
223.254	426.2   
223.718	365.66  
224.182	354.02  
224.646	323.76  
225.109	347.04  
225.573	367.99  
226.037	356.35  
226.5	370.32    
226.964	437.84  
227.427	379.63  
227.89	335.4    
228.354	337.73  
228.817	265.55  
229.28	314.45   
229.744	302.8   
230.207	314.45  
230.67	309.79   
231.133	433.18  
231.596	358.68  
232.059	437.84  
232.522	447.15  
232.985	384.29  
233.448	391.27  
233.911	363.34  
234.374	374.98  
234.836	319.1   
235.299	393.6   
235.762	361.01  
236.224	370.32  
236.687	361.01  
237.149	379.63  
237.612	398.26  
238.074	433.18  
238.537	363.34  
238.999	326.09  
239.461	302.8   
239.924	293.49  
240.386	381.96  
240.848	398.26  
241.31	328.41   
241.772	428.52  
242.234	316.77  
242.696	416.88  
243.158	349.37  
243.62	393.6    
244.082	458.79  
244.544	468.1   
245.006	428.52  
245.468	400.59  
245.929	491.38  
246.391	426.2   
246.852	407.57  
247.314	402.91  
247.776	384.29  
248.237	437.84  
248.698	451.81  
249.16	386.62   
249.621	356.35  
250.082	426.2   
250.544	393.6   
251.005	344.71  
251.466	433.18  
251.927	337.73  
252.388	405.24  
252.849	370.32  
253.31	370.32   
253.771	419.21  
254.232	351.7   
254.693	414.56  
255.154	437.84  
255.615	326.09  
256.075	333.07  
256.536	367.99  
256.997	377.31  
257.457	333.07  
257.918	379.63  
258.378	451.81  
258.839	377.31  
259.299	377.31  
259.759	400.59  
260.22	428.52   
260.68	442.49   
261.14	409.9    
261.6	400.59    
262.06	365.66   
262.521	463.45  
262.981	437.84  
263.441	416.88  
263.901	370.32  
264.36	365.66   
264.82	354.02   
265.28	430.85   
265.74	358.68   
266.2	326.09    
266.659	370.32  
267.119	342.38  
267.579	356.35  
268.038	400.59  
268.498	365.66  
268.957	354.02  
269.416	354.02  
269.876	388.95  
270.335	388.95  
270.794	393.6   
271.254	430.85  
271.713	449.48  
272.172	405.24  
272.631	377.31  
273.09	384.29   
273.549	398.26  
274.008	393.6   
274.467	400.59  
274.926	414.56  
275.385	407.57  
275.843	433.18  
276.302	347.04  
276.761	435.51  
277.22	400.59   
277.678	409.9   
278.137	423.87  
278.595	398.26  
279.054	409.9   
279.512	347.04  
279.97	361.01   
280.429	433.18  
280.887	428.52  
281.345	379.63  
281.803	472.76  
282.262	461.12  
282.72	433.18   
283.178	402.91  
283.636	409.9   
284.094	349.37  
284.552	363.34  
285.01	354.02   
285.467	370.32  
285.925	379.63  
286.383	405.24  
286.841	421.54  
287.298	398.26  
287.756	409.9   
288.213	409.9   
288.671	395.93  
289.128	356.35  
289.586	395.93  
290.043	402.91  
290.5	351.7     
290.958	372.65  
291.415	384.29  
291.872	437.84  
292.329	333.07  
292.786	419.21  
293.243	435.51  
293.7	351.7     
294.157	374.98  
294.614	400.59  
295.071	430.85  
295.528	456.46  
295.985	395.93  
296.441	510.01  
296.898	426.2   
297.355	421.54  
297.811	379.63  
298.268	363.34  
298.724	372.65  
299.181	381.96  
299.637	426.2   
300.094	451.81  
300.55	407.57   
301.006	407.57  
301.462	356.35  
301.919	367.99  
302.375	433.18  
302.831	447.15  
303.287	349.37  
303.743	449.48  
304.199	400.59  
304.655	395.93  
305.11	398.26   
305.566	456.46  
306.022	454.13  
306.478	454.13  
306.933	386.62  
307.389	451.81  
307.845	374.98  
308.3	395.93    
308.756	363.34  
309.211	489.06  
309.666	442.49  
310.122	342.38  
310.577	451.81  
311.032	486.73  
311.487	395.93  
311.943	419.21  
312.398	354.02  
312.853	381.96  
313.308	505.35  
313.763	442.49  
314.218	421.54  
314.672	440.17  
315.127	407.57  
315.582	402.91  
316.037	381.96  
316.492	449.48  
316.946	407.57  
317.401	419.21  
317.855	342.38  
318.31	374.98   
318.764	379.63  
319.219	433.18  
319.673	430.85  
320.127	461.12  
320.582	402.91  
321.036	395.93  
321.49	381.96   
321.944	342.38  
322.398	354.02  
322.852	463.45  
323.306	409.9   
323.76	379.63   
324.214	465.77  
324.668	468.1   
325.122	428.52  
325.575	430.85  
326.029	447.15  
326.483	426.2   
326.936	435.51  
327.39	430.85   
327.843	388.95  
328.297	444.82  
328.75	423.87   
329.204	419.21  
329.657	393.6   
330.11	475.09   
330.564	386.62  
331.017	321.43  
331.47	323.76   
331.923	370.32  
332.376	463.45  
332.829	433.18  
333.282	461.12  
333.735	479.74  
334.188	507.68  
334.641	409.9   
335.093	358.68  
335.546	400.59  
335.999	409.9   
336.451	433.18  
336.904	407.57  
337.356	409.9   
337.809	430.85  
338.261	440.17  
338.714	451.81  
339.166	423.87  
339.618	407.57  
340.07	416.88   
340.523	454.13  
340.975	405.24  
341.427	423.87  
341.879	419.21  
342.331	428.52  
342.783	391.27  
343.235	419.21  
343.687	400.59  
344.138	356.35  
344.59	454.13   
345.042	374.98  
345.494	388.95  
345.945	393.6   
346.397	458.79  
346.848	451.81  
347.3	412.23    
347.751	405.24  
348.203	426.2   
348.654	472.76  
349.105	470.43  
349.556	416.88  
350.008	428.52  
350.459	419.21  
350.91	437.84   
351.361	372.65  
351.812	442.49  
352.263	491.38  
352.714	426.2   
353.165	412.23  
353.615	440.17  
354.066	493.71  
354.517	461.12  
354.968	447.15  
355.418	454.13  
355.869	398.26  
356.319	412.23  
356.77	400.59   
357.22	384.29   
357.671	470.43  
358.121	465.77  
358.571	426.2   
359.021	505.35  
359.472	402.91  
359.922	507.68  
360.372	472.76  
360.822	451.81  
361.272	458.79  
361.722	388.95  
362.172	470.43  
362.622	395.93  
363.071	470.43  
363.521	454.13  
363.971	451.81  
364.42	395.93   
364.87	391.27   
365.32	470.43   
365.769	372.65  
366.219	428.52  
366.668	433.18  
367.117	528.63  
367.567	489.06  
368.016	523.98  
368.465	500.7   
368.914	451.81  
369.363	540.28  
369.812	530.96  
370.261	500.7   
370.71	451.81   
371.159	544.93  
371.608	477.42  
372.057	514.67  
372.506	572.87  
372.955	558.9   
373.403	586.84  
373.852	617.1   
374.301	635.73  
374.749	628.75  
375.198	728.86  
375.646	742.82  
376.094	831.29  
376.543	849.92  
376.991	898.81  
377.439	975.64  
377.887	1010.56 
378.336	1213.11 
378.784	1213.11 
379.232	1266.66 
379.68	1448.25  
380.128	1564.66 
380.576	1813.77 
381.023	2009.34 
381.471	2149.02 
381.919	2454.01 
382.367	2703.12 
382.814	3175.74 
383.262	3278.18 
383.71	3711.21  
384.157	4107    
384.605	4542.36 
385.052	5124.4  
385.499	5715.75 
385.947	6262.86 
386.394	6958.98 
386.841	7841.34 
387.288	8733.02 
387.735	9736.45 
388.182	11012.28
388.63	12281.12 
389.076	13445.19
389.523	15091.19
389.97	17256.37 
390.417	19002.48
390.864	21828.85
391.311	24031.28
391.757	26913.52
392.204	29462.84
392.651	32468.48
393.097	35739.52
393.544	38009.47
393.99	41136.17 
394.436	42777.51
394.883	44891.47
395.329	46372.17
395.775	47103.21
396.221	47375.6 
396.668	46958.86
397.114	46032.26
397.56	44612.09 
398.006	42751.9 
398.452	39934.84
398.897	37939.62
399.343	34365.92
399.789	32040.1 
400.235	29986.67
400.681	27497.89
401.126	25076.61
401.572	23195.47
402.017	21703.13
402.463	19856.91
402.908	18453.04
403.354	17992.06
403.799	16935.08
404.244	16315.8 
404.689	15675.56
405.135	15016.69
405.58	14562.7  
406.025	13955.06
406.47	13542.97 
406.915	13002.84
407.36	12325.35 
407.805	11808.51
408.25	11426.69 
408.694	10707.29
409.139	9850.53 
409.584	9391.89 
410.029	8765.62 
410.473	8137.02 
410.918	7636.47 
411.362	7249.99 
411.807	6453.77 
412.251	6078.94 
412.695	5671.51 
413.14	5101.11  
413.584	4735.6  
414.028	4477.17 
414.472	4162.87 
414.916	3895.13 
415.36	3804.34  
415.804	3497.02 
416.248	3515.65 
416.692	3341.04 
417.136	3224.63 
417.58	2989.49  
418.024	2887.05 
418.467	2728.73 
418.911	2621.64 
419.355	2502.9  
419.798	2465.65 
420.242	2274.74 
420.685	2139.71 
421.128	2109.45 
421.572	1951.13 
422.015	1876.63 
422.458	1692.71 
422.902	1671.75 
423.345	1667.1  
423.788	1560    
424.231	1411    
424.674	1429.63 
425.117	1266.66 
425.56	1245.7   
426.003	1206.13 
426.445	1136.28 
426.888	1075.75 
427.331	975.64  
427.773	936.06  
428.216	1033.84 
428.659	975.64  
429.101	945.37  
429.543	908.12  
429.986	833.62  
430.428	877.86  
430.87	791.72   
431.313	749.81  
431.755	810.34  
432.197	782.4   
432.639	747.48  
433.081	696.26  
433.523	754.47  
433.965	635.73  
434.407	612.45  
434.849	696.26  
435.291	624.09  
435.732	654.35  
436.174	635.73  
436.616	596.15  
437.057	596.15  
437.499	640.39  
437.94	603.14   
438.382	570.54  
438.823	551.92  
439.264	556.57  
439.706	512.34  
440.147	572.87  
440.588	537.95  
441.029	542.6   
441.47	503.03   
441.911	635.73  
442.352	479.74  
442.793	498.37  
443.234	477.42  
443.675	486.73  
444.116	579.85  
444.556	433.18  
444.997	475.09  
445.438	491.38  
445.878	482.07  
446.319	468.1   
446.759	447.15  
447.199	510.01  
447.64	442.49   
448.08	391.27   
448.52	444.82   
448.961	430.85  
449.401	428.52  
449.841	489.06  
450.281	496.04  
450.721	428.52  
451.161	500.7   
451.601	454.13  
452.041	414.56  
452.48	388.95   
452.92	514.67   
453.36	479.74   
453.799	433.18  
454.239	451.81  
454.679	456.46  
455.118	463.45  
455.557	437.84  
455.997	400.59  
456.436	386.62  
456.875	421.54  
457.315	423.87  
457.754	402.91  
458.193	458.79  
458.632	489.06  
459.071	430.85  
459.51	437.84   
459.949	402.91  
460.388	412.23  
460.827	447.15  
461.265	407.57  
461.704	426.2   
462.143	347.04  
462.581	388.95  
463.02	402.91   
463.458	400.59  
463.897	470.43  
464.335	398.26  
464.774	428.52  
465.212	472.76  
465.65	384.29   
466.088	428.52  
466.527	465.77  
466.965	435.51  
467.403	442.49  
467.841	496.04  
468.279	412.23  
468.716	458.79  
469.154	391.27  
469.592	414.56  
470.03	458.79   
470.467	486.73  
470.905	463.45  
471.343	388.95  
471.78	447.15   
472.218	468.1   
472.655	454.13  
473.092	447.15  
473.53	381.96   
473.967	435.51  
474.404	458.79  
474.841	503.03  
475.278	435.51  
475.716	412.23  
476.153	489.06  
476.589	426.2   
477.026	463.45  
477.463	428.52  
477.9	454.13    
478.337	395.93  
478.773	484.4   
479.21	423.87   
479.647	412.23  
480.083	428.52  
480.52	428.52   
480.956	444.82  
481.392	456.46  
481.829	454.13  
482.265	440.17  
482.701	458.79  
483.137	456.46  
483.574	412.23  
484.01	521.65   
484.446	449.48  
484.882	486.73  
485.317	449.48  
485.753	444.82  
486.189	468.1   
486.625	388.95  
487.061	454.13  
487.496	449.48  
487.932	409.9   
488.367	402.91  
488.803	475.09  
489.238	414.56  
489.674	449.48  
490.109	454.13  
490.544	454.13  
490.979	449.48  
491.415	405.24  
491.85	388.95   
492.285	456.46  
492.72	461.12   
493.155	486.73  
493.59	447.15   
494.024	419.21  
494.459	430.85  
494.894	419.21  
495.329	398.26  
495.763	468.1   
496.198	388.95  
496.632	486.73  
497.067	384.29  
497.501	386.62  
497.936	444.82  
498.37	400.59   
498.804	388.95  
499.238	412.23  
499.673	395.93  
500.107	391.27  
500.541	421.54  
500.975	428.52  
501.409	430.85  
501.843	409.9   
502.277	393.6   
502.71	491.38   
503.144	458.79  
503.578	444.82  
504.011	365.66  
504.445	300.48  
504.878	442.49  
505.312	514.67  
505.745	367.99  
506.179	398.26  
506.612	468.1   
507.045	400.59  
507.479	454.13  
507.912	409.9   
508.345	400.59  
508.778	472.76  
509.211	407.57  
509.644	498.37  
510.077	449.48  
510.509	454.13  
510.942	409.9   
511.375	419.21  
511.808	447.15  
512.24	463.45   
512.673	419.21  
513.105	444.82  
513.538	444.82  
513.97	393.6    
514.403	437.84  
514.835	365.66  
515.267	526.31  
515.699	409.9   
516.131	468.1   
516.564	379.63  
516.996	374.98  
517.428	372.65  
517.859	440.17  
518.291	430.85  
518.723	414.56  
519.155	426.2   
519.587	388.95  
520.018	430.85  
520.45	398.26   
520.881	354.02  
521.313	386.62  
521.744	507.68  
522.176	458.79  
522.607	423.87  
523.038	458.79  
523.47	484.4    
523.901	405.24  
524.332	444.82  
524.763	470.43  
525.194	496.04  
525.625	430.85  
526.056	363.34  
526.487	419.21  
526.917	437.84  
527.348	416.88  
527.779	496.04  
528.21	426.2    
528.64	435.51   
529.071	454.13  
529.501	433.18  
529.932	430.85  
530.362	386.62  
530.792	414.56  
531.222	437.84  
531.653	381.96  
532.083	421.54  
532.513	433.18  
532.943	409.9   
533.373	384.29  
533.803	556.57  
534.233	407.57  
534.663	405.24  
535.092	454.13  
535.522	416.88  
535.952	493.71  
536.381	447.15  
536.811	442.49  
537.24	465.77   
537.67	405.24   
538.099	496.04  
538.529	426.2   
538.958	428.52  
539.387	435.51  
539.816	400.59  
540.245	440.17  
540.674	400.59  
541.103	333.07  
541.532	442.49  
541.961	435.51  
542.39	430.85   
542.819	468.1   
543.248	484.4   
543.676	451.81  
544.105	442.49  
544.534	477.42  
544.962	412.23  
545.391	416.88  
545.819	442.49  
546.247	475.09  
546.676	440.17  
547.104	454.13  
547.532	479.74  
547.96	442.49   
548.388	482.07  
548.816	444.82  
549.244	526.31  
549.672	363.34  
550.1	433.18    
550.528	489.06  
550.956	423.87  
551.383	423.87  
551.811	500.7   
552.238	358.68  
552.666	479.74  
553.094	433.18  
553.521	414.56  
553.948	381.96  
554.376	377.31  
554.803	409.9   
555.23	395.93   
555.657	447.15  
556.084	407.57  
556.511	400.59  
556.938	426.2   
557.365	423.87  
557.792	449.48  
558.219	400.59  
558.646	440.17  
559.072	442.49  
559.499	391.27  
559.926	430.85  
560.352	454.13  
560.779	430.85  
561.205	456.46  
561.632	496.04  
562.058	458.79  
562.484	484.4   
562.91	421.54   
563.337	416.88  
563.763	458.79  
564.189	370.32  
564.615	388.95  
565.041	379.63  
565.466	349.37  
565.892	407.57  
566.318	461.12  
566.744	521.65  
567.169	419.21  
567.595	451.81  
568.021	405.24  
568.446	433.18  
568.872	449.48  
569.297	421.54  
569.722	465.77  
570.148	437.84  
570.573	400.59  
570.998	463.45  
571.423	496.04  
571.848	496.04  
572.273	440.17  
572.698	407.57  
573.123	447.15  
573.548	454.13  
573.973	402.91  
574.397	435.51  
574.822	363.34  
575.247	402.91  
575.671	400.59  
576.096	407.57  
576.52	386.62   
576.944	402.91  
577.369	407.57  
577.793	472.76  
578.217	386.62  
578.641	489.06  
579.065	398.26  
579.49	354.02   
579.914	484.4   
580.337	479.74  
580.761	465.77  
581.185	428.52  
581.609	426.2   
582.033	426.2   
582.456	409.9   
582.88	463.45   
583.303	398.26  
583.727	423.87  
584.15	433.18   
584.574	402.91  
584.997	442.49  
585.42	358.68   
585.844	442.49  
586.267	400.59  
586.69	365.66   
587.113	400.59  
587.536	414.56  
587.959	381.96  
588.382	356.35  
588.804	454.13  
589.227	398.26  
589.65	400.59   
590.073	374.98  
590.495	421.54  
590.918	428.52  
591.34	395.93   
591.763	356.35  
592.185	402.91  
592.607	440.17  
593.03	435.51   
593.452	391.27  
593.874	426.2   
594.296	468.1   
594.718	468.1   
595.14	414.56   
595.562	388.95  
595.984	340.05  
596.406	416.88  
596.827	388.95  
597.249	456.46  
597.671	456.46  
598.092	372.65  
598.514	423.87  
598.935	428.52  
599.357	454.13  
599.778	342.38  
600.199	412.23  
600.621	498.37  
601.042	430.85  
601.463	512.34  
601.884	423.87  
602.305	379.63  
602.726	363.34  
603.147	426.2   
603.568	454.13  
603.988	465.77  
604.409	400.59  
604.83	388.95   
605.25	433.18   
605.671	335.4   
606.092	384.29  
606.512	407.57  
606.932	405.24  
607.353	498.37  
607.773	370.32  
608.193	440.17  
608.613	386.62  
609.034	409.9   
609.454	437.84  
609.874	409.9   
610.293	463.45  
610.713	437.84  
611.133	356.35  
611.553	472.76  
611.973	402.91  
612.392	354.02  
612.812	440.17  
613.231	393.6   
613.651	386.62  
614.07	468.1    
614.49	482.07   
614.909	458.79  
615.328	388.95  
615.747	437.84  
616.167	398.26  
616.586	386.62  
617.005	393.6   
617.424	442.49  
617.843	430.85  
618.261	330.74  
618.68	400.59   
619.099	351.7   
619.518	470.43  
619.936	421.54  
620.355	391.27  
620.773	468.1   
621.192	475.09  
621.61	428.52   
622.029	454.13  
622.447	365.66  
622.865	361.01  
623.283	402.91  
623.701	444.82  
624.119	442.49  
624.537	379.63  
624.955	405.24  
625.373	379.63  
625.791	428.52  
626.209	363.34  
626.627	400.59  
627.044	451.81  
627.462	414.56  
627.879	426.2   
628.297	379.63  
628.714	421.54  
629.132	447.15  
629.549	461.12  
629.966	433.18  
630.383	400.59  
630.8	449.48    
631.217	454.13  
631.634	363.34  
632.051	358.68  
632.468	482.07  
632.885	351.7   
633.302	381.96  
633.719	398.26  
634.135	447.15  
634.552	475.09  
634.969	330.74  
635.385	416.88  
635.801	442.49  
636.218	407.57  
636.634	454.13  
637.05	349.37   
637.467	354.02  
637.883	423.87  
638.299	433.18  
638.715	391.27  
639.131	386.62  
639.547	402.91  
639.963	395.93  
640.378	419.21  
640.794	402.91  
641.21	405.24   
641.626	430.85  
642.041	395.93  
642.457	342.38  
642.872	421.54  
643.287	386.62  
643.703	374.98  
644.118	372.65  
644.533	377.31  
644.948	435.51  
645.364	428.52  
645.779	347.04  
646.194	421.54  
646.609	386.62  
647.023	419.21  
647.438	356.35  
647.853	384.29  
648.268	393.6   
648.682	358.68  
649.097	379.63  
649.511	398.26  
649.926	356.35  
650.34	440.17   
650.755	428.52  
651.169	377.31  
651.583	391.27  
651.997	393.6   
652.411	458.79  
652.825	370.32  
653.239	400.59  
653.653	486.73  
654.067	435.51  
654.481	384.29  
654.895	386.62  
655.309	361.01  
655.722	370.32  
656.136	456.46  
656.549	477.42  
656.963	386.62  
657.376	465.77  
657.79	386.62   
658.203	361.01  
658.616	370.32  
659.029	377.31  
659.442	361.01  
659.855	367.99  
660.268	489.06  
660.681	391.27  
661.094	391.27  
661.507	395.93  
661.92	433.18   
662.333	409.9   
662.745	402.91  
663.158	412.23  
663.57	400.59   
663.983	423.87  
664.395	440.17  
664.808	416.88  
665.22	407.57   
665.632	361.01  
666.044	428.52  
666.456	496.04  
666.868	358.68  
667.28	456.46   
667.692	405.24  
668.104	412.23  
668.516	365.66  
668.928	326.09  
669.34	393.6    
669.751	414.56  
670.163	333.07  
670.574	347.04  
670.986	370.32  
671.397	430.85  
671.809	358.68  
672.22	423.87   
672.631	393.6   
673.042	367.99  
673.453	402.91  
673.864	395.93  
674.275	344.71  
674.686	407.57  
675.097	386.62  
675.508	416.88  
675.919	428.52  
676.33	319.1    
676.74	414.56   
677.151	433.18  
677.561	381.96  
677.972	370.32  
678.382	402.91  
678.792	414.56  
679.203	377.31  
679.613	458.79  
680.023	419.21  
680.433	444.82  
680.843	414.56  
681.253	400.59  
681.663	412.23  
682.073	421.54  
682.483	414.56  
682.893	358.68  
683.302	416.88  
683.712	398.26  
684.122	458.79  
684.531	479.74  
684.94	340.05   
685.35	386.62   
685.759	409.9   
686.168	370.32  
686.578	428.52  
686.987	381.96  
687.396	358.68  
687.805	388.95  
688.214	391.27  
688.623	440.17  
689.032	342.38  
689.44	400.59   
689.849	423.87  
690.258	393.6   
690.666	407.57  
691.075	367.99  
691.484	407.57  
691.892	414.56  
692.3	444.82    
692.709	437.84  
693.117	423.87  
693.525	447.15  
693.933	437.84  
694.341	442.49  
694.749	379.63  
695.157	456.46  
695.565	398.26  
695.973	430.85  
696.381	409.9   
696.788	451.81  
697.196	458.79  
697.604	386.62  
698.011	449.48  
698.419	477.42  
698.826	414.56  
699.234	398.26  
699.641	423.87  
700.048	449.48  
700.455	407.57  
700.862	437.84  
701.269	400.59  
701.676	395.93  
702.083	440.17  
702.49	451.81   
702.897	384.29  
703.304	393.6   
703.71	423.87   
704.117	356.35  
704.524	400.59  
704.93	370.32   
705.337	449.48  
705.743	354.02  
706.149	365.66  
706.556	407.57  
706.962	395.93  
707.368	393.6   
707.774	440.17  
708.18	416.88   
708.586	377.31  
708.992	470.43  
709.398	347.04  
709.804	463.45  
710.209	419.21  
710.615	400.59  
711.021	363.34  
711.426	435.51  
711.832	451.81  
712.237	458.79  
712.642	412.23  
713.048	365.66  
713.453	381.96  
713.858	447.15  
714.263	384.29  
714.668	384.29  
715.073	351.7   
715.478	398.26  
715.883	342.38  
716.288	412.23  
716.693	370.32  
717.097	419.21  
717.502	395.93  
717.906	451.81  
718.311	472.76  
718.715	363.34  
719.12	361.01   
719.524	437.84  
719.928	367.99  
720.333	405.24  
720.737	351.7   
721.141	400.59  
721.545	454.13  
721.949	405.24  
722.353	428.52  
722.757	391.27  
723.16	468.1    
723.564	400.59  
723.968	377.31  
724.371	416.88  
724.775	435.51  
725.178	435.51  
725.582	356.35  
725.985	358.68  
726.388	340.05  
726.792	409.9   
727.195	423.87  
727.598	388.95  
728.001	335.4   
728.404	405.24  
728.807	388.95  
729.21	400.59   
729.612	433.18  
730.015	472.76  
730.418	363.34  
730.82	419.21   
731.223	374.98  
731.625	423.87  
732.028	433.18  
732.43	486.73   
732.833	388.95  
733.235	435.51  
733.637	349.37  
734.039	428.52  
734.441	379.63  
734.843	400.59  
735.245	456.46  
735.647	447.15  
736.049	477.42  
736.451	400.59  
736.852	402.91  
737.254	412.23  
737.655	514.67  
738.057	384.29  
738.458	384.29  
738.86	440.17   
739.261	393.6   
739.662	510.01  
740.064	342.38  
740.465	379.63  
740.866	472.76  
741.267	374.98  
741.668	372.65  
742.069	391.27  
742.469	451.81  
742.87	330.74   
743.271	449.48  
743.672	444.82  
744.072	421.54  
744.473	479.74  
744.873	484.4   
745.274	374.98  
745.674	344.71  
746.074	440.17  
746.474	381.96  
746.875	309.79  
747.275	374.98  
747.675	421.54  
748.075	356.35  
748.474	435.51  
748.874	370.32  
749.274	398.26  
749.674	421.54  
750.073	407.57  
750.473	489.06  
750.873	442.49  
751.272	367.99  
751.671	407.57  
752.071	456.46  
752.47	344.71   
752.869	358.68  
753.268	451.81  
753.668	414.56  
754.067	347.04  
754.466	463.45  
754.864	428.52  
755.263	419.21  
755.662	381.96  
756.061	337.73  
756.459	437.84  
756.858	412.23  
757.257	370.32  
757.655	388.95  
758.053	416.88  
758.452	398.26  
758.85	374.98   
759.248	391.27  
759.646	340.05  
760.045	409.9   
760.443	391.27  
760.841	444.82  
761.238	472.76  
761.636	400.59  
762.034	388.95  
762.432	342.38  
762.829	367.99  
763.227	344.71  
763.625	342.38  
764.022	372.65  
764.419	451.81  
764.817	372.65  
765.214	449.48  
765.611	381.96  
766.008	398.26  
766.406	395.93  
766.803	361.01  
767.199	337.73  
767.596	361.01  
767.993	386.62  
768.39	372.65   
768.787	372.65  
769.183	421.54  
769.58	419.21   
769.977	395.93  
770.373	477.42  
770.769	347.04  
771.166	374.98  
771.562	407.57  
771.958	442.49  
772.354	365.66  
772.75	500.7    
773.146	370.32  
773.542	386.62  
773.938	381.96  
774.334	379.63  
774.73	377.31   
775.126	386.62  
775.521	358.68  
775.917	416.88  
776.312	363.34  
776.708	409.9   
777.103	437.84  
777.499	395.93  
777.894	377.31  
778.289	402.91  
778.684	398.26  
779.079	384.29  
779.474	400.59  
779.869	470.43  
780.264	388.95  
780.659	386.62  
781.054	421.54  
781.448	337.73  
781.843	447.15  
782.238	433.18  
782.632	386.62  
783.027	412.23  
783.421	402.91  
783.815	426.2   
784.21	409.9    
784.604	409.9   
784.998	416.88  
785.392	463.45  
785.786	414.56  
786.18	361.01   
786.574	388.95  
786.968	354.02  
787.361	316.77  
787.755	367.99  
788.149	447.15  
788.542	344.71  
788.936	314.45  
789.329	388.95  
789.722	395.93  
790.116	426.2   
790.509	444.82  
790.902	405.24  
791.295	451.81  
791.688	335.4   
792.081	358.68  
792.474	363.34  
792.867	381.96  
793.26	447.15   
793.653	449.48  
794.045	442.49  
794.438	435.51  
794.83	374.98   
795.223	412.23  
795.615	370.32  
796.008	321.43  
796.4	409.9     
796.792	393.6   
797.184	402.91  
797.576	409.9   
797.968	405.24  
798.36	444.82   
798.752	449.48  
799.144	421.54  
799.536	440.17  
799.928	400.59  
800.319	461.12  
800.711	393.6   
801.102	416.88  
801.494	430.85  
801.885	454.13  
802.276	372.65  
802.668	416.88  
803.059	377.31  
803.45	412.23   
803.841	433.18  
804.232	384.29  
804.623	377.31  
805.014	400.59  
805.405	388.95  
805.795	367.99  
806.186	393.6   
806.577	423.87  
806.967	370.32  
807.358	447.15  
807.748	377.31  
808.139	444.82  
808.529	428.52  
808.919	395.93  
809.309	412.23  
809.699	451.81  
810.089	405.24  
810.479	444.82  
810.869	340.05  
811.259	342.38  
811.649	400.59  
812.039	419.21  
812.428	465.77  
812.818	423.87  
813.207	395.93  
813.597	426.2   
813.986	407.57  
814.376	384.29  
814.765	391.27  
815.154	400.59  
815.543	400.59  
815.932	437.84  
816.321	393.6   
816.71	440.17   
817.099	347.04  
817.488	402.91  
817.877	398.26  
818.265	342.38  
818.654	384.29  
819.043	370.32  
819.431	458.79  
819.819	354.02  
820.208	367.99  
820.596	361.01  
820.984	367.99  
821.372	416.88  
821.761	305.13  
822.149	367.99  
822.537	409.9   
822.924	386.62  
823.312	442.49  
823.7	377.31    
824.088	419.21  
824.475	440.17  
824.863	428.52  
825.251	428.52  
825.638	456.46  
826.025	440.17  
826.413	407.57  
826.8	435.51    
827.187	402.91  
827.574	402.91  
827.961	407.57  
828.348	400.59  
828.735	381.96  
829.122	379.63  
829.509	379.63  
829.896	354.02  
830.282	449.48  
830.669	393.6   
831.055	414.56  
831.442	428.52  
831.828	365.66  
832.215	444.82  
832.601	472.76  
832.987	442.49  
833.373	416.88  
833.759	374.98  
834.145	428.52  
834.531	428.52  
834.917	312.12  
835.303	395.93  
835.689	384.29  
836.074	426.2   
836.46	458.79   
836.846	372.65  
837.231	381.96  
837.617	374.98  
838.002	367.99  
838.387	328.41  
838.772	370.32  
839.158	361.01  
839.543	361.01  
839.928	437.84  
840.313	337.73  
840.698	372.65  
841.082	340.05  
841.467	461.12  
841.852	384.29  
842.237	379.63  
842.621	370.32  
843.006	451.81  
843.39	433.18   
843.774	454.13  
844.159	447.15  
844.543	400.59  
844.927	330.74  
845.311	400.59  
845.695	405.24  
846.079	374.98  
846.463	426.2   
846.847	400.59  
847.231	463.45  
847.615	400.59  
847.998	370.32  
848.382	358.68  
848.765	342.38  
849.149	367.99  
849.532	351.7   
849.916	321.43  
850.299	400.59  
850.682	437.84  
851.065	400.59  
851.448	377.31  
851.831	381.96  
852.214	328.41  
852.597	305.13  
852.98	426.2    
853.363	391.27  
853.745	384.29  
854.128	342.38  
854.51	367.99   
854.893	461.12  
855.275	351.7   
855.658	351.7   
856.04	414.56   
856.422	405.24  
856.804	409.9   
857.186	423.87  
857.568	354.02  
857.95	409.9    
858.332	372.65  
858.714	398.26  
859.096	340.05  
859.477	416.88  
859.859	435.51  
860.24	402.91   
860.622	381.96  
861.003	456.46  
861.385	377.31  
861.766	419.21  
862.147	407.57  
862.528	440.17  
862.909	398.26  
863.29	414.56   
863.671	309.79  
864.052	419.21  
864.433	337.73  
864.814	428.52  
865.194	442.49  
865.575	402.91  
865.955	444.82  
866.336	356.35  
866.716	370.32  
867.097	423.87  
867.477	361.01  
867.857	423.87  
868.237	412.23  
868.617	414.56  
868.997	405.24  
869.377	367.99  
869.757	386.62  
870.137	393.6   
870.517	414.56  
870.896	367.99  
871.276	414.56  
871.655	428.52  
872.035	421.54  
872.414	340.05  
872.794	433.18  
873.173	391.27  
873.552	444.82  
873.931	449.48  
874.31	358.68   
874.689	479.74  
875.068	482.07  
875.447	400.59  
875.826	407.57  
876.205	400.59  
876.583	423.87  
876.962	354.02  
877.341	412.23  
877.719	414.56  
878.097	356.35  
878.476	395.93  
878.854	384.29  
879.232	412.23  
879.61	349.37   
879.988	361.01  
880.366	349.37  
880.744	402.91  
881.122	398.26  
881.5	437.84    
881.878	391.27  
882.255	386.62  
882.633	379.63  
883.011	363.34  
883.388	351.7   
883.765	463.45  
884.143	344.71  
884.52	367.99   
884.897	342.38  
885.274	340.05  
885.651	400.59  
886.028	402.91  
886.405	372.65  
886.782	433.18  
887.159	358.68  
887.536	374.98  
887.912	319.1   
888.289	407.57  
888.665	395.93  
889.042	312.12  
889.418	402.91  
889.794	416.88  
890.171	419.21  
890.547	381.96  
890.923	377.31  
891.299	393.6   
891.675	400.59  
892.051	384.29  
892.427	402.91  
892.803	344.71  
893.178	365.66  
893.554	361.01  
893.929	472.76  
894.305	379.63  
894.68	398.26   
895.056	351.7   
895.431	433.18  
895.806	409.9   
896.181	358.68  
896.557	428.52  
896.932	358.68  
897.307	414.56  
897.681	333.07  
898.056	381.96  
898.431	444.82  
898.806	437.84  
899.18	409.9    
899.555	335.4   
899.929	496.04  
900.304	377.31  
900.678	309.79  
901.052	393.6   
901.427	477.42  
901.801	472.76  
902.175	377.31  
902.549	342.38  
902.923	402.91  
903.297	337.73  
903.67	391.27   
904.044	470.43  
904.418	363.34  
904.791	435.51  
905.165	333.07  
905.538	347.04  
905.912	330.74  
906.285	314.45  
906.658	391.27  
907.032	330.74  
907.405	449.48  
907.778	423.87  
908.151	400.59  
908.524	407.57  
908.896	409.9   
909.269	365.66  
909.642	451.81  
910.015	379.63  
910.387	405.24  
910.76	351.7    
911.132	472.76  
911.504	414.56  
911.877	367.99  
912.249	386.62  
912.621	428.52  
912.993	414.56  
913.365	372.65  
913.737	400.59  
914.109	391.27  
914.481	356.35  
914.853	428.52  
915.224	365.66  
915.596	379.63  
915.968	370.32  
916.339	342.38  
916.71	407.57   
917.082	398.26  
917.453	409.9   
917.824	372.65  
918.195	358.68  
918.566	367.99  
918.937	428.52  
919.308	449.48  
919.679	440.17  
920.05	409.9    
920.421	363.34  
920.791	435.51  
921.162	514.67  
921.532	379.63  
921.903	309.79  
922.273	416.88  
922.644	428.52  
923.014	374.98  
923.384	344.71  
923.754	416.88  
924.124	386.62  
924.494	342.38  
924.864	458.79  
925.234	402.91  
925.604	386.62  
925.973	405.24  
926.343	409.9   
926.712	426.2   
927.082	421.54  
927.451	358.68  
927.821	377.31  
928.19	402.91   
928.559	475.09  
928.928	388.95  
929.297	381.96  
929.666	405.24  
930.035	398.26  
930.404	323.76  
930.773	349.37  
931.142	421.54  
931.51	321.43   
931.879	414.56  
932.247	367.99  
932.616	349.37  
932.984	426.2   
933.353	433.18  
933.721	419.21  
934.089	349.37  
934.457	437.84  
934.825	372.65  
935.193	367.99  
935.561	426.2   
935.929	372.65  
936.296	430.85  
936.664	342.38  
937.032	419.21  
937.399	437.84  
937.767	351.7   
938.134	412.23  
938.501	405.24  
938.869	365.66  
939.236	370.32  
939.603	428.52  
939.97	412.23   
940.337	386.62  
940.704	393.6   
941.071	381.96  
941.438	347.04  
941.804	407.57  
942.171	354.02  
942.538	333.07  
942.904	393.6   
943.27	328.41   
943.637	414.56  
944.003	402.91  
944.369	340.05  
944.735	384.29  
945.102	412.23  
945.468	419.21  
945.833	421.54  
946.199	363.34  
946.565	398.26  
946.931	426.2   
947.296	444.82  
947.662	416.88  
948.028	402.91  
948.393	372.65  
948.758	447.15  
949.124	335.4   
949.489	442.49  
949.854	398.26  
950.219	365.66  
950.584	416.88  
950.949	444.82  
951.314	456.46  
951.679	447.15  
952.044	365.66  
952.408	451.81  
952.773	395.93  
953.137	384.29  
953.502	416.88  
953.866	384.29  
954.231	381.96  
954.595	340.05  
954.959	361.01  
955.323	330.74  
955.687	337.73  
956.051	454.13  
956.415	358.68  
956.779	321.43  
957.143	307.46  
957.506	435.51  
957.87	414.56   
958.234	326.09  
958.597	409.9   
958.961	356.35  
959.324	419.21  
959.687	358.68  
960.05	416.88   
960.413	398.26  
960.776	379.63  
961.139	365.66  
961.502	381.96  
961.865	405.24  
962.228	381.96  
962.591	344.71  
962.953	463.45  
963.316	361.01  
963.678	349.37  
964.041	486.73  
964.403	402.91  
964.765	423.87  
965.128	321.43  
965.49	335.4    
965.852	412.23  
966.214	458.79  
966.576	358.68  
966.938	423.87  
967.299	374.98  
967.661	472.76  
968.023	407.57  
968.384	395.93  
968.746	372.65  
969.107	472.76  
969.469	414.56  
969.83	344.71   
970.191	400.59  
970.552	393.6   
970.913	447.15  
971.274	377.31  
971.635	351.7   
971.996	333.07  
972.357	314.45  
972.718	430.85  
973.078	349.37  
973.439	400.59  
973.8	461.12    
974.16	405.24   
974.52	351.7    
974.881	442.49  
975.241	337.73  
975.601	409.9   
975.961	381.96  
976.321	414.56  
976.681	386.62  
977.041	393.6   
977.401	449.48  
977.76	393.6    
978.12	414.56   
978.48	386.62   
978.839	402.91  
979.199	416.88  
979.558	398.26  
979.917	423.87  
980.277	428.52  
980.636	388.95  
980.995	391.27  
981.354	395.93  
981.713	367.99  
982.072	356.35  
982.43	433.18   
982.789	384.29  
983.148	442.49  
983.506	405.24  
983.865	454.13  
984.223	367.99  
984.582	472.76  
984.94	400.59   
985.298	414.56  
985.656	405.24  
986.015	442.49  
986.373	451.81  
986.731	449.48  
987.088	419.21  
987.446	447.15  
987.804	367.99  
988.162	470.43  
988.519	440.17  
988.877	388.95  
989.234	388.95  
989.591	512.34  
989.949	400.59  
990.306	374.98  
990.663	395.93  
991.02	340.05   
991.377	365.66  
991.734	333.07  
992.091	347.04  
992.448	419.21  
992.805	461.12  
993.161	365.66  
993.518	381.96  
993.874	491.38  
994.231	421.54  
994.587	386.62  
994.943	379.63  
995.3	370.32    
995.656	405.24  
996.012	435.51  
996.368	409.9   
996.724	391.27  
997.08	381.96   
997.435	400.59  
997.791	377.31  
998.147	398.26  
998.502	398.26  
998.858	379.63  
999.213	393.6   
999.569	381.96  
999.924	367.99  
1000.279	428.52 
1000.634	391.27 
1000.989	412.23 
1001.344	402.91 
1001.699	437.84 
1002.054	365.66 
1002.409	407.57 
1002.764	421.54 
1003.118	388.95 
1003.473	365.66 
1003.827	347.04 
1004.182	414.56 
1004.536	407.57 
1004.89	405.24  
1005.245	393.6  
1005.599	444.82 
1005.953	302.8  
1006.307	321.43 
1006.661	363.34 
1007.015	416.88 
1007.368	395.93 
1007.722	400.59 
1008.076	428.52 
1008.429	384.29 
1008.783	386.62 
1009.136	400.59 
1009.489	393.6  
1009.843	421.54 
1010.196	388.95 
1010.549	381.96 
1010.902	407.57 
1011.255	407.57 
1011.608	440.17 
1011.961	428.52 
1012.313	416.88 
1012.666	340.05 
1013.019	414.56 
1013.371	421.54 
1013.724	356.35 
1014.076	451.81 
1014.428	386.62 
1014.781	409.9  
1015.133	347.04 
1015.485	374.98 
1015.837	367.99 
1016.189	377.31 
1016.541	398.26 
1016.893	421.54 
1017.244	421.54 
1017.596	395.93 
1017.947	461.12 
1018.299	354.02 
1018.65	426.2   
1019.002	365.66 
1019.353	456.46 
1019.704	358.68 
1020.055	477.42 
1020.407	358.68 
1020.758	388.95 
1021.108	407.57 
1021.459	395.93 
1021.81	430.85  
1022.161	405.24 
1022.511	391.27 
1022.862	423.87 
1023.213	377.31 
1023.563	333.07 
1023.913	405.24 
1024.264	388.95 
1024.614	414.56 
1024.964	312.12 
1025.314	381.96 
1025.664	423.87 
1026.014	419.21 
1026.364	428.52 
1026.713	358.68 
1027.063	402.91 
1027.413	298.15 
1027.762	430.85 
1028.112	426.2  
1028.461	409.9  
1028.81	379.63  
1029.16	402.91  
1029.509	379.63 
1029.858	391.27 
1030.207	361.01 
1030.556	340.05 
1030.905	421.54 
1031.254	414.56 
1031.602	421.54 
1031.951	344.71 
1032.3	363.34   
1032.648	356.35 
1032.996	356.35 
1033.345	356.35 