187.879	-40.31  
188.346	-40.31  
188.813	-40.31  
189.28	-28.67   
189.747	-77.56  
190.214	-84.54  
190.681	-140.42 
191.148	-114.81 
191.614	-33.32  
192.081	-112.48 
192.548	-98.51  
193.014	-28.67  
193.481	-79.88  
193.948	38.85   
194.414	31.87   
194.881	20.23   
195.347	111.02  
195.813	118.01  
196.28	113.35   
196.746	145.95  
197.212	113.35  
197.678	180.87  
198.145	176.21  
198.611	136.63  
199.077	213.46  
199.543	248.38  
200.009	211.13  
200.475	292.62  
200.941	241.4   
201.407	250.71  
201.873	301.93  
202.338	362.46  
202.804	318.23  
203.27	357.81   
203.735	367.12  
204.201	369.45  
204.667	404.37  
205.132	378.76  
205.598	402.04  
206.063	402.04  
206.529	418.34  
206.994	425.32  
207.459	395.06  
207.925	416.01  
208.39	434.64   
208.855	441.62  
209.32	357.81   
209.785	416.01  
210.25	409.03   
210.715	385.74  
211.18	425.32   
211.645	378.76  
212.11	409.03   
212.575	381.09  
213.04	346.17   
213.504	464.9   
213.969	348.49  
214.434	404.37  
214.899	409.03  
215.363	355.48  
215.828	404.37  
216.292	388.07  
216.757	369.45  
217.221	339.18  
217.685	416.01  
218.15	406.7    
218.614	455.59  
219.078	343.84  
219.542	336.85  
220.007	353.15  
220.471	404.37  
220.935	390.4   
221.399	446.28  
221.863	350.82  
222.327	385.74  
222.791	341.51  
223.254	367.12  
223.718	362.46  
224.182	357.81  
224.646	443.95  
225.109	399.71  
225.573	294.95  
226.037	278.65  
226.5	350.82    
226.964	376.43  
227.427	325.21  
227.89	315.9    
228.354	390.4   
228.817	441.62  
229.28	378.76   
229.744	357.81  
230.207	334.53  
230.67	367.12   
231.133	411.35  
231.596	399.71  
232.059	383.42  
232.522	395.06  
232.985	416.01  
233.448	439.29  
233.911	385.74  
234.374	327.54  
234.836	402.04  
235.299	409.03  
235.762	346.17  
236.224	416.01  
236.687	397.39  
237.149	355.48  
237.612	381.09  
238.074	434.64  
238.537	413.68  
238.999	376.43  
239.461	360.14  
239.924	311.24  
240.386	423     
240.848	402.04  
241.31	350.82   
241.772	362.46  
242.234	388.07  
242.696	388.07  
243.158	350.82  
243.62	343.84   
244.082	306.59  
244.544	385.74  
245.006	390.4   
245.468	395.06  
245.929	381.09  
246.391	413.68  
246.852	369.45  
247.314	418.34  
247.776	434.64  
248.237	399.71  
248.698	369.45  
249.16	404.37   
249.621	390.4   
250.082	390.4   
250.544	390.4   
251.005	367.12  
251.466	383.42  
251.927	395.06  
252.388	395.06  
252.849	427.65  
253.31	341.51   
253.771	369.45  
254.232	416.01  
254.693	402.04  
255.154	427.65  
255.615	395.06  
256.075	478.87  
256.536	357.81  
256.997	448.6   
257.457	343.84  
257.918	439.29  
258.378	434.64  
258.839	434.64  
259.299	411.35  
259.759	343.84  
260.22	425.32   
260.68	488.18   
261.14	329.87   
261.6	383.42    
262.06	357.81   
262.521	390.4   
262.981	439.29  
263.441	411.35  
263.901	411.35  
264.36	388.07   
264.82	395.06   
265.28	406.7    
265.74	467.23   
266.2	425.32    
266.659	423     
267.119	369.45  
267.579	404.37  
268.038	378.76  
268.498	413.68  
268.957	416.01  
269.416	381.09  
269.876	434.64  
270.335	436.96  
270.794	397.39  
271.254	385.74  
271.713	404.37  
272.172	399.71  
272.631	376.43  
273.09	325.21   
273.549	406.7   
274.008	429.98  
274.467	376.43  
274.926	360.14  
275.385	404.37  
275.843	329.87  
276.302	439.29  
276.761	439.29  
277.22	413.68   
277.678	429.98  
278.137	448.6   
278.595	318.23  
279.054	392.73  
279.512	360.14  
279.97	402.04   
280.429	378.76  
280.887	341.51  
281.345	420.67  
281.803	385.74  
282.262	378.76  
282.72	399.71   
283.178	367.12  
283.636	369.45  
284.094	443.95  
284.552	329.87  
285.01	325.21   
285.467	425.32  
285.925	362.46  
286.383	441.62  
286.841	434.64  
287.298	436.96  
287.756	334.53  
288.213	390.4   
288.671	425.32  
289.128	427.65  
289.586	450.93  
290.043	399.71  
290.5	348.49    
290.958	409.03  
291.415	446.28  
291.872	439.29  
292.329	455.59  
292.786	439.29  
293.243	455.59  
293.7	362.46    
294.157	406.7   
294.614	492.84  
295.071	369.45  
295.528	427.65  
295.985	385.74  
296.441	385.74  
296.898	446.28  
297.355	474.21  
297.811	395.06  
298.268	397.39  
298.724	416.01  
299.181	353.15  
299.637	441.62  
300.094	471.89  
300.55	357.81   
301.006	460.25  
301.462	455.59  
301.919	453.26  
302.375	483.53  
302.831	402.04  
303.287	364.79  
303.743	381.09  
304.199	469.56  
304.655	427.65  
305.11	416.01   
305.566	443.95  
306.022	423     
306.478	402.04  
306.933	455.59  
307.389	385.74  
307.845	464.9   
308.3	425.32    
308.756	425.32  
309.211	413.68  
309.666	402.04  
310.122	418.34  
310.577	404.37  
311.032	399.71  
311.487	388.07  
311.943	383.42  
312.398	432.31  
312.853	392.73  
313.308	413.68  
313.763	455.59  
314.218	360.14  
314.672	364.79  
315.127	406.7   
315.582	374.1   
316.037	413.68  
316.492	413.68  
316.946	416.01  
317.401	390.4   
317.855	467.23  
318.31	378.76   
318.764	429.98  
319.219	450.93  
319.673	339.18  
320.127	406.7   
320.582	446.28  
321.036	523.11  
321.49	434.64   
321.944	453.26  
322.398	404.37  
322.852	413.68  
323.306	360.14  
323.76	404.37   
324.214	478.87  
324.668	443.95  
325.122	462.57  
325.575	423     
326.029	397.39  
326.483	383.42  
326.936	357.81  
327.39	450.93   
327.843	434.64  
328.297	409.03  
328.75	448.6    
329.204	416.01  
329.657	457.92  
330.11	413.68   
330.564	441.62  
331.017	462.57  
331.47	399.71   
331.923	453.26  
332.376	425.32  
332.829	383.42  
333.282	409.03  
333.735	418.34  
334.188	418.34  
334.641	353.15  
335.093	429.98  
335.546	446.28  
335.999	455.59  
336.451	423     
336.904	381.09  
337.356	429.98  
337.809	423     
338.261	441.62  
338.714	322.88  
339.166	390.4   
339.618	402.04  
340.07	406.7    
340.523	411.35  
340.975	469.56  
341.427	367.12  
341.879	392.73  
342.331	436.96  
342.783	448.6   
343.235	471.89  
343.687	425.32  
344.138	429.98  
344.59	492.84   
345.042	411.35  
345.494	446.28  
345.945	502.15  
346.397	416.01  
346.848	446.28  
347.3	448.6     
347.751	399.71  
348.203	385.74  
348.654	329.87  
349.105	404.37  
349.556	462.57  
350.008	353.15  
350.459	429.98  
350.91	388.07   
351.361	467.23  
351.812	427.65  
352.263	423     
352.714	462.57  
353.165	413.68  
353.615	425.32  
354.066	427.65  
354.517	369.45  
354.968	423     
355.418	392.73  
355.869	511.46  
356.319	469.56  
356.77	418.34   
357.22	383.42   
357.671	369.45  
358.121	450.93  
358.571	406.7   
359.021	460.25  
359.472	439.29  
359.922	488.18  
360.372	397.39  
360.822	427.65  
361.272	420.67  
361.722	392.73  
362.172	420.67  
362.622	395.06  
363.071	469.56  
363.521	513.79  
363.971	471.89  
364.42	411.35   
364.87	495.17   
365.32	448.6    
365.769	406.7   
366.219	371.78  
366.668	476.54  
367.117	392.73  
367.567	374.1   
368.016	441.62  
368.465	488.18  
368.914	411.35  
369.363	453.26  
369.812	420.67  
370.261	402.04  
370.71	448.6    
371.159	406.7   
371.608	497.5   
372.057	402.04  
372.506	471.89  
372.955	397.39  
373.403	371.78  
373.852	420.67  
374.301	350.82  
374.749	455.59  
375.198	460.25  
375.646	385.74  
376.094	485.86  
376.543	409.03  
376.991	413.68  
377.439	429.98  
377.887	481.2   
378.336	434.64  
378.784	464.9   
379.232	402.04  
379.68	443.95   
380.128	464.9   
380.576	478.87  
381.023	339.18  
381.471	443.95  
381.919	409.03  
382.367	334.53  
382.814	439.29  
383.262	392.73  
383.71	441.62   
384.157	427.65  
384.605	474.21  
385.052	416.01  
385.499	504.48  
385.947	448.6   
386.394	423     
386.841	409.03  
387.288	409.03  
387.735	434.64  
388.182	448.6   
388.63	504.48   
389.076	395.06  
389.523	418.34  
389.97	446.28   
390.417	416.01  
390.864	411.35  
391.311	471.89  
391.757	432.31  
392.204	413.68  
392.651	413.68  
393.097	457.92  
393.544	395.06  
393.99	448.6    
394.436	476.54  
394.883	495.17  
395.329	346.17  
395.775	429.98  
396.221	457.92  
396.668	420.67  
397.114	402.04  
397.56	457.92   
398.006	411.35  
398.452	476.54  
398.897	411.35  
399.343	448.6   
399.789	448.6   
400.235	476.54  
400.681	374.1   
401.126	416.01  
401.572	429.98  
402.017	434.64  
402.463	476.54  
402.908	322.88  
403.354	502.15  
403.799	434.64  
404.244	520.78  
404.689	509.14  
405.135	464.9   
405.58	399.71   
406.025	474.21  
406.47	464.9    
406.915	371.78  
407.36	455.59   
407.805	464.9   
408.25	464.9    
408.694	436.96  
409.139	492.84  
409.584	409.03  
410.029	464.9   
410.473	427.65  
410.918	413.68  
411.362	427.65  
411.807	460.25  
412.251	423     
412.695	441.62  
413.14	499.82   
413.584	469.56  
414.028	388.07  
414.472	471.89  
414.916	509.14  
415.36	455.59   
415.804	434.64  
416.248	436.96  
416.692	446.28  
417.136	446.28  
417.58	539.4    
418.024	511.46  
418.467	446.28  
418.911	520.78  
419.355	418.34  
419.798	548.72  
420.242	558.03  
420.685	506.81  
421.128	520.78  
421.572	562.68  
422.015	520.78  
422.458	497.5   
422.902	551.04  
423.345	576.65  
423.788	644.17  
424.231	707.03  
424.674	662.79  
425.117	695.39  
425.56	651.15   
426.003	695.39  
426.445	604.59  
426.888	704.7   
427.331	772.22  
427.773	781.53  
428.216	744.28  
428.659	846.72  
429.101	893.28  
429.543	893.28  
429.986	958.47  
430.428	1093.5  
430.87	977.09   
431.313	1074.88 
431.755	1102.81 
432.197	1251.82 
432.639	1291.39 
433.081	1358.91 
433.523	1356.58 
433.965	1389.18 
434.407	1538.18 
434.849	1549.82 
435.291	1684.85 
435.732	1810.57 
436.174	1943.27 
436.616	2110.9  
437.057	2213.34 
437.499	2271.54 
437.94	2641.72  
438.382	2671.98 
438.823	2765.11 
439.264	3072.43 
439.706	3221.43 
440.147	3496.15 
440.588	3472.87 
441.029	3822.09 
441.47	4031.62  
441.911	4241.16 
442.352	4648.58 
442.793	5060.66 
443.234	5440.15 
443.675	5852.23 
444.116	6017.53 
444.556	6734.6  
444.997	6790.48 
445.438	7512.2  
445.878	8047.68 
446.319	8545.9  
446.759	8951    
447.199	9393.34 
447.64	10140.68 
448.08	10641.23 
448.52	11220.94 
448.961	11870.49
449.401	12943.77
449.841	13702.74
450.281	14526.91
450.721	15900.51
451.161	16813.15
451.601	17790.97
452.041	19255.37
452.48	21106.25 
452.92	21723.21 
453.36	22179.53 
453.799	23092.16
454.239	24733.5 
454.679	25280.62
455.118	26563.43
455.557	27219.96
455.997	27662.31
456.436	28938.14
456.875	29208.2 
457.315	30644.67
457.754	31918.16
458.193	32013.62
458.632	33522.26
459.071	34891.21
459.51	34665.38 
459.949	35021.58
460.388	35429.01
460.827	36150.73
461.265	35233.44
461.704	34039.1 
462.143	33599.08
462.581	32614.28
463.02	32248.76 
463.458	30323.38
463.897	29629.59
464.335	27992.91
464.774	26905.66
465.212	26074.51
465.65	25369.09 
466.088	24696.25
466.527	24198.03
466.965	23283.07
467.403	23271.43
467.841	22100.37
468.279	21418.22
468.716	21318.11
469.154	19995.72
469.592	19369.45
470.03	19092.4  
470.467	18070.35
470.905	17686.2 
471.343	16619.91
471.78	15877.23 
472.218	15493.09
472.655	15013.49
473.092	14436.11
473.53	14112.5  
473.967	13856.4 
474.404	13893.65
474.841	13937.89
475.278	13458.29
475.716	13290.66
476.153	13311.61
476.589	13344.21
477.026	12953.08
477.463	12792.44
477.9	12499.09  
478.337	12275.59
478.773	11900.76
479.21	11509.63 
479.647	11090.56
480.083	10417.73
480.52	9928.82  
480.956	9512.08 
481.392	9363.08 
481.829	8720.51 
482.265	8394.57 
482.701	8187.36 
483.137	7880.05 
483.574	7572.73 
484.01	7647.23  
484.446	7228.17 
484.882	7135.04 
485.317	6790.48 
485.753	6557.66 
486.189	6650.79 
486.625	6231.72 
487.061	6259.66 
487.496	5849.9  
487.932	5700.9  
488.367	5379.62 
488.803	5309.77 
489.238	4946.58 
489.674	4755.68 
490.109	4620.64 
490.544	4418.09 
490.979	4089.83 
491.415	4131.73 
491.85	3994.37  
492.285	3787.17 
492.72	3703.35  
493.155	3656.79 
493.59	3528.74  
494.024	3416.99 
494.459	3528.74 
494.894	3389.05 
495.329	3305.24 
495.763	3146.93 
496.198	3044.49 
496.632	3091.05 
497.067	2820.99 
497.501	2914.11 
497.936	2667.33 
498.37	2532.3   
498.804	2411.23 
499.238	2364.67 
499.673	2271.54 
500.107	2157.46 
500.541	2127.2  
500.975	1950.26 
501.409	2015.45 
501.843	1764.01 
502.277	1777.98 
502.71	1719.77  
503.144	1738.4  
503.578	1626.65 
504.011	1617.33 
504.445	1582.41 
504.878	1628.98 
505.312	1526.54 
505.745	1479.97 
506.179	1526.54 
506.612	1358.91 
507.045	1405.47 
507.479	1363.57 
507.912	1321.66 
508.345	1209.91 
508.778	1270.44 
509.211	1219.22 
509.644	1123.77 
510.077	1140.06 
510.509	1168    
510.942	1053.92 
511.375	1042.28 
511.808	1112.13 
512.24	1007.36  
512.673	1109.8  
513.105	1012.02 
513.538	874.66  
513.97	937.52   
514.403	918.89  
514.835	900.27  
515.267	995.72  
515.699	893.28  
516.131	865.34  
516.564	865.34  
516.996	842.06  
517.428	837.41  
517.859	856.03  
518.291	800.15  
518.723	902.59  
519.155	779.2   
519.587	856.03  
520.018	804.81  
520.45	823.44   
520.881	730.31  
521.313	772.22  
521.744	762.9   
522.176	746.61  
522.607	783.86  
523.038	634.86  
523.47	702.37   
523.901	753.59  
524.332	658.14  
524.763	667.45  
525.194	658.14  
525.625	686.08  
526.056	725.65  
526.487	711.69  
526.917	669.78  
527.348	651.15  
527.779	637.18  
528.21	660.47   
528.64	620.89   
529.071	669.78  
529.501	590.62  
529.932	681.42  
530.362	618.56  
530.792	637.18  
531.222	627.87  
531.653	639.51  
532.083	616.23  
532.513	588.29  
532.943	620.89  
533.373	597.61  
533.803	572     
534.233	532.42  
534.663	527.76  
535.092	520.78  
535.522	583.64  
535.952	606.92  
536.381	583.64  
536.811	567.34  
537.24	660.47   
537.67	464.9    
538.099	509.14  
538.529	506.81  
538.958	544.06  
539.387	534.75  
539.816	581.31  
540.245	520.78  
540.674	574.32  
541.103	495.17  
541.532	527.76  
541.961	565.01  
542.39	576.65   
542.819	520.78  
543.248	527.76  
543.676	599.93  
544.105	581.31  
544.534	609.25  
544.962	516.12  
545.391	599.93  
545.819	639.51  
546.247	499.82  
546.676	551.04  
547.104	546.39  
547.532	509.14  
547.96	488.18   
548.388	544.06  
548.816	513.79  
549.244	474.21  
549.672	441.62  
550.1	532.42    
550.528	490.51  
550.956	555.7   
551.383	567.34  
551.811	495.17  
552.238	462.57  
552.666	585.97  
553.094	516.12  
553.521	516.12  
553.948	532.42  
554.376	539.4   
554.803	492.84  
555.23	504.48   
555.657	467.23  
556.084	509.14  
556.511	567.34  
556.938	567.34  
557.365	518.45  
557.792	597.61  
558.219	469.56  
558.646	534.75  
559.072	585.97  
559.499	520.78  
559.926	565.01  
560.352	513.79  
560.779	560.36  
561.205	460.25  
561.632	511.46  
562.058	464.9   
562.484	443.95  
562.91	578.98   
563.337	476.54  
563.763	432.31  
564.189	553.37  
564.615	436.96  
565.041	523.11  
565.466	453.26  
565.892	457.92  
566.318	448.6   
566.744	567.34  
567.169	523.11  
567.595	488.18  
568.021	457.92  
568.446	448.6   
568.872	525.43  
569.297	457.92  
569.722	513.79  
570.148	513.79  
570.573	448.6   
570.998	485.86  
571.423	513.79  
571.848	523.11  
572.273	588.29  
572.698	476.54  
573.123	485.86  
573.548	509.14  
573.973	467.23  
574.397	509.14  
574.822	495.17  
575.247	523.11  
575.671	502.15  
576.096	490.51  
576.52	483.53   
576.944	518.45  
577.369	495.17  
577.793	474.21  
578.217	446.28  
578.641	483.53  
579.065	520.78  
579.49	406.7    
579.914	511.46  
580.337	492.84  
580.761	539.4   
581.185	520.78  
581.609	492.84  
582.033	427.65  
582.456	520.78  
582.88	497.5    
583.303	548.72  
583.727	488.18  
584.15	488.18   
584.574	502.15  
584.997	583.64  
585.42	469.56   
585.844	411.35  
586.267	509.14  
586.69	478.87   
587.113	539.4   
587.536	425.32  
587.959	439.29  
588.382	446.28  
588.804	416.01  
589.227	474.21  
589.65	464.9    
590.073	583.64  
590.495	483.53  
590.918	502.15  
591.34	427.65   
591.763	446.28  
592.185	460.25  
592.607	464.9   
593.03	441.62   
593.452	409.03  
593.874	474.21  
594.296	504.48  
594.718	409.03  
595.14	476.54   
595.562	390.4   
595.984	455.59  
596.406	476.54  
596.827	511.46  
597.249	453.26  
597.671	436.96  
598.092	409.03  
598.514	420.67  
598.935	399.71  
599.357	409.03  
599.778	464.9   
600.199	483.53  
600.621	453.26  
601.042	520.78  
601.463	469.56  
601.884	409.03  
602.305	469.56  
602.726	413.68  
603.147	427.65  
603.568	388.07  
603.988	464.9   
604.409	420.67  
604.83	448.6    
605.25	455.59   
605.671	455.59  
606.092	418.34  
606.512	490.51  
606.932	485.86  
607.353	427.65  
607.773	450.93  
608.193	474.21  
608.613	381.09  
609.034	420.67  
609.454	455.59  
609.874	425.32  
610.293	455.59  
610.713	497.5   
611.133	443.95  
611.553	395.06  
611.973	464.9   
612.392	464.9   
612.812	411.35  
613.231	441.62  
613.651	523.11  
614.07	404.37   
614.49	520.78   
614.909	523.11  
615.328	448.6   
615.747	471.89  
616.167	448.6   
616.586	446.28  
617.005	392.73  
617.424	457.92  
617.843	418.34  
618.261	453.26  
618.68	399.71   
619.099	481.2   
619.518	485.86  
619.936	441.62  
620.355	483.53  
620.773	450.93  
621.192	450.93  
621.61	434.64   
622.029	406.7   
622.447	367.12  
622.865	439.29  
623.283	406.7   
623.701	469.56  
624.119	436.96  
624.537	416.01  
624.955	490.51  
625.373	455.59  
625.791	402.04  
626.209	460.25  
626.627	511.46  
627.044	436.96  
627.462	497.5   
627.879	439.29  
628.297	518.45  
628.714	497.5   
629.132	367.12  
629.549	425.32  
629.966	453.26  
630.383	381.09  
630.8	416.01    
631.217	374.1   
631.634	362.46  
632.051	413.68  
632.468	446.28  
632.885	399.71  
633.302	318.23  
633.719	343.84  
634.135	411.35  
634.552	436.96  
634.969	460.25  
635.385	457.92  
635.801	418.34  
636.218	448.6   
636.634	399.71  
637.05	457.92   
637.467	453.26  
637.883	399.71  
638.299	481.2   
638.715	436.96  
639.131	402.04  
639.547	423     
639.963	381.09  
640.378	450.93  
640.794	436.96  
641.21	429.98   
641.626	402.04  
642.041	455.59  
642.457	388.07  
642.872	474.21  
643.287	448.6   
643.703	392.73  
644.118	348.49  
644.533	427.65  
644.948	409.03  
645.364	453.26  
645.779	439.29  
646.194	402.04  
646.609	423     
647.023	474.21  
647.438	478.87  
647.853	434.64  
648.268	392.73  
648.682	439.29  
649.097	520.78  
649.511	425.32  
649.926	423     
650.34	429.98   
650.755	518.45  
651.169	371.78  
651.583	348.49  
651.997	392.73  
652.411	439.29  
652.825	432.31  
653.239	423     
653.653	392.73  
654.067	420.67  
654.481	485.86  
654.895	439.29  
655.309	411.35  
655.722	411.35  
656.136	392.73  
656.549	434.64  
656.963	383.42  
657.376	364.79  
657.79	453.26   
658.203	490.51  
658.616	413.68  
659.029	509.14  
659.442	457.92  
659.855	474.21  
660.268	478.87  
660.681	425.32  
661.094	404.37  
661.507	467.23  
661.92	436.96   
662.333	453.26  
662.745	418.34  
663.158	416.01  
663.57	443.95   
663.983	502.15  
664.395	483.53  
664.808	325.21  
665.22	436.96   
665.632	460.25  
666.044	418.34  
666.456	390.4   
666.868	390.4   
667.28	441.62   
667.692	453.26  
668.104	436.96  
668.516	413.68  
668.928	404.37  
669.34	429.98   
669.751	413.68  
670.163	497.5   
670.574	378.76  
670.986	388.07  
671.397	392.73  
671.809	420.67  
672.22	434.64   
672.631	418.34  
673.042	427.65  
673.453	425.32  
673.864	434.64  
674.275	418.34  
674.686	395.06  
675.097	409.03  
675.508	427.65  
675.919	404.37  
676.33	423      
676.74	397.39   
677.151	334.53  
677.561	474.21  
677.972	374.1   
678.382	429.98  
678.792	409.03  
679.203	390.4   
679.613	450.93  
680.023	392.73  
680.433	416.01  
680.843	339.18  
681.253	409.03  
681.663	392.73  
682.073	374.1   
682.483	464.9   
682.893	397.39  
683.302	446.28  
683.712	392.73  
684.122	350.82  
684.531	418.34  
684.94	399.71   
685.35	478.87   
685.759	443.95  
686.168	404.37  
686.578	478.87  
686.987	478.87  
687.396	420.67  
687.805	418.34  
688.214	448.6   
688.623	388.07  
689.032	402.04  
689.44	453.26   
689.849	436.96  
690.258	420.67  
690.666	404.37  
691.075	434.64  
691.484	427.65  
691.892	450.93  
692.3	336.85    
692.709	429.98  
693.117	474.21  
693.525	334.53  
693.933	374.1   
694.341	392.73  
694.749	425.32  
695.157	339.18  
695.565	427.65  
695.973	429.98  
696.381	322.88  
696.788	423     
697.196	490.51  
697.604	413.68  
698.011	467.23  
698.419	367.12  
698.826	434.64  
699.234	343.84  
699.641	457.92  
700.048	416.01  
700.455	374.1   
700.862	390.4   
701.269	432.31  
701.676	457.92  
702.083	413.68  
702.49	457.92   
702.897	399.71  
703.304	411.35  
703.71	462.57   
704.117	453.26  
704.524	411.35  
704.93	413.68   
705.337	355.48  
705.743	395.06  
706.149	460.25  
706.556	429.98  
706.962	388.07  
707.368	420.67  
707.774	402.04  
708.18	383.42   
708.586	434.64  
708.992	455.59  
709.398	429.98  
709.804	402.04  
710.209	402.04  
710.615	381.09  
711.021	441.62  
711.426	462.57  
711.832	420.67  
712.237	425.32  
712.642	404.37  
713.048	360.14  
713.453	455.59  
713.858	429.98  
714.263	441.62  
714.668	369.45  
715.073	399.71  
715.478	381.09  
715.883	402.04  
716.288	350.82  
716.693	371.78  
717.097	320.56  
717.502	395.06  
717.906	420.67  
718.311	353.15  
718.715	357.81  
719.12	364.79   
719.524	364.79  
719.928	406.7   
720.333	395.06  
720.737	402.04  
721.141	504.48  
721.545	346.17  
721.949	404.37  
722.353	425.32  
722.757	434.64  
723.16	485.86   
723.564	388.07  
723.968	429.98  
724.371	367.12  
724.775	413.68  
725.178	481.2   
725.582	446.28  
725.985	397.39  
726.388	336.85  
726.792	392.73  
727.195	395.06  
727.598	492.84  
728.001	446.28  
728.404	327.54  
728.807	485.86  
729.21	443.95   
729.612	399.71  
730.015	432.31  
730.418	406.7   
730.82	471.89   
731.223	469.56  
731.625	395.06  
732.028	369.45  
732.43	409.03   
732.833	357.81  
733.235	490.51  
733.637	504.48  
734.039	413.68  
734.441	478.87  
734.843	429.98  
735.245	376.43  
735.647	392.73  
736.049	504.48  
736.451	374.1   
736.852	439.29  
737.254	369.45  
737.655	439.29  
738.057	434.64  
738.458	439.29  
738.86	406.7    
739.261	362.46  
739.662	416.01  
740.064	418.34  
740.465	346.17  
740.866	418.34  
741.267	385.74  
741.668	455.59  
742.069	381.09  
742.469	383.42  
742.87	455.59   
743.271	429.98  
743.672	474.21  
744.072	353.15  
744.473	397.39  
744.873	371.78  
745.274	378.76  
745.674	427.65  
746.074	413.68  
746.474	427.65  
746.875	413.68  
747.275	432.31  
747.675	413.68  
748.075	369.45  
748.474	413.68  
748.874	481.2   
749.274	439.29  
749.674	443.95  
750.073	469.56  
750.473	439.29  
750.873	381.09  
751.272	425.32  
751.671	399.71  
752.071	420.67  
752.47	457.92   
752.869	474.21  
753.268	413.68  
753.668	446.28  
754.067	406.7   
754.466	406.7   
754.864	450.93  
755.263	397.39  
755.662	404.37  
756.061	371.78  
756.459	367.12  
756.858	355.48  
757.257	399.71  
757.655	439.29  
758.053	404.37  
758.452	383.42  
758.85	420.67   
759.248	353.15  
759.646	443.95  
760.045	383.42  
760.443	383.42  
760.841	383.42  
761.238	478.87  
761.636	418.34  
762.034	425.32  
762.432	383.42  
762.829	350.82  
763.227	402.04  
763.625	367.12  
764.022	446.28  
764.419	374.1   
764.817	404.37  
765.214	402.04  
765.611	416.01  
766.008	381.09  
766.406	360.14  
766.803	406.7   
767.199	364.79  
767.596	390.4   
767.993	423     
768.39	432.31   
768.787	362.46  
769.183	448.6   
769.58	497.5    
769.977	462.57  
770.373	374.1   
770.769	413.68  
771.166	416.01  
771.562	471.89  
771.958	385.74  
772.354	416.01  
772.75	350.82   
773.146	399.71  
773.542	409.03  
773.938	420.67  
774.334	413.68  
774.73	423      
775.126	385.74  
775.521	436.96  
775.917	402.04  
776.312	462.57  
776.708	355.48  
777.103	397.39  
777.499	381.09  
777.894	434.64  
778.289	343.84  
778.684	416.01  
779.079	399.71  
779.474	436.96  
779.869	474.21  
780.264	367.12  
780.659	427.65  
781.054	371.78  
781.448	427.65  
781.843	441.62  
782.238	378.76  
782.632	376.43  
783.027	441.62  
783.421	478.87  
783.815	360.14  
784.21	423      
784.604	397.39  
784.998	467.23  
785.392	429.98  
785.786	404.37  
786.18	406.7    
786.574	413.68  
786.968	378.76  
787.361	416.01  
787.755	369.45  
788.149	399.71  
788.542	416.01  
788.936	450.93  
789.329	362.46  
789.722	455.59  
790.116	367.12  
790.509	357.81  
790.902	406.7   
791.295	367.12  
791.688	427.65  
792.081	346.17  
792.474	402.04  
792.867	492.84  
793.26	467.23   
793.653	404.37  
794.045	378.76  
794.438	374.1   
794.83	460.25   
795.223	378.76  
795.615	457.92  
796.008	381.09  
796.4	411.35    
796.792	416.01  
797.184	436.96  
797.576	420.67  
797.968	409.03  
798.36	360.14   
798.752	399.71  
799.144	395.06  
799.536	416.01  
799.928	427.65  
800.319	404.37  
800.711	376.43  
801.102	406.7   
801.494	334.53  
801.885	409.03  
802.276	378.76  
802.668	434.64  
803.059	436.96  
803.45	409.03   
803.841	511.46  
804.232	474.21  
804.623	460.25  
805.014	488.18  
805.405	450.93  
805.795	464.9   
806.186	474.21  
806.577	453.26  
806.967	341.51  
807.358	364.79  
807.748	432.31  
808.139	371.78  
808.529	371.78  
808.919	427.65  
809.309	420.67  
809.699	425.32  
810.089	441.62  
810.479	395.06  
810.869	371.78  
811.259	350.82  
811.649	362.46  
812.039	397.39  
812.428	425.32  
812.818	381.09  
813.207	376.43  
813.597	404.37  
813.986	423     
814.376	376.43  
814.765	292.62  
815.154	411.35  
815.543	369.45  
815.932	392.73  
816.321	402.04  
816.71	341.51   
817.099	495.17  
817.488	339.18  
817.877	374.1   
818.265	434.64  
818.654	423     
819.043	388.07  
819.431	416.01  
819.819	383.42  
820.208	404.37  
820.596	369.45  
820.984	427.65  
821.372	418.34  
821.761	364.79  
822.149	402.04  
822.537	329.87  
822.924	381.09  
823.312	483.53  
823.7	360.14    
824.088	411.35  
824.475	425.32  
824.863	427.65  
825.251	399.71  
825.638	511.46  
826.025	490.51  
826.413	432.31  
826.8	404.37    
827.187	371.78  
827.574	311.24  
827.961	418.34  
828.348	406.7   
828.735	411.35  
829.122	390.4   
829.509	402.04  
829.896	348.49  
830.282	376.43  
830.669	457.92  
831.055	376.43  
831.442	402.04  
831.828	429.98  
832.215	402.04  
832.601	439.29  
832.987	406.7   
833.373	360.14  
833.759	429.98  
834.145	462.57  
834.531	425.32  
834.917	385.74  
835.303	395.06  
835.689	369.45  
836.074	455.59  
836.46	357.81   
836.846	341.51  
837.231	341.51  
837.617	362.46  
838.002	469.56  
838.387	406.7   
838.772	413.68  
839.158	390.4   
839.543	381.09  
839.928	350.82  
840.313	362.46  
840.698	388.07  
841.082	381.09  
841.467	413.68  
841.852	423     
842.237	390.4   
842.621	409.03  
843.006	399.71  
843.39	443.95   
843.774	402.04  
844.159	436.96  
844.543	460.25  
844.927	371.78  
845.311	409.03  
845.695	406.7   
846.079	432.31  
846.463	504.48  
846.847	390.4   
847.231	367.12  
847.615	357.81  
847.998	350.82  
848.382	429.98  
848.765	474.21  
849.149	434.64  
849.532	481.2   
849.916	376.43  
850.299	364.79  
850.682	306.59  
851.065	441.62  
851.448	441.62  
851.831	425.32  
852.214	420.67  
852.597	483.53  
852.98	476.54   
853.363	402.04  
853.745	427.65  
854.128	411.35  
854.51	423      
854.893	476.54  
855.275	350.82  
855.658	381.09  
856.04	462.57   
856.422	397.39  
856.804	416.01  
857.186	367.12  
857.568	362.46  
857.95	404.37   
858.332	385.74  
858.714	348.49  
859.096	350.82  
859.477	343.84  
859.859	388.07  
860.24	369.45   
860.622	406.7   
861.003	404.37  
861.385	404.37  
861.766	390.4   
862.147	371.78  
862.528	399.71  
862.909	369.45  
863.29	383.42   
863.671	376.43  
864.052	432.31  
864.433	413.68  
864.814	446.28  
865.194	360.14  
865.575	392.73  
865.955	425.32  
866.336	364.79  
866.716	381.09  
867.097	404.37  
867.477	346.17  
867.857	367.12  
868.237	457.92  
868.617	436.96  
868.997	416.01  
869.377	411.35  
869.757	383.42  
870.137	425.32  
870.517	376.43  
870.896	395.06  
871.276	378.76  
871.655	346.17  
872.035	432.31  
872.414	457.92  
872.794	378.76  
873.173	395.06  
873.552	448.6   
873.931	360.14  
874.31	425.32   
874.689	423     
875.068	411.35  
875.447	392.73  
875.826	390.4   
876.205	497.5   
876.583	416.01  
876.962	457.92  
877.341	467.23  
877.719	399.71  
878.097	383.42  
878.476	446.28  
878.854	434.64  
879.232	471.89  
879.61	409.03   
879.988	397.39  
880.366	464.9   
880.744	460.25  
881.122	441.62  
881.5	436.96    
881.878	474.21  
882.255	371.78  
882.633	364.79  
883.011	378.76  
883.388	404.37  
883.765	404.37  
884.143	441.62  
884.52	388.07   
884.897	404.37  
885.274	420.67  
885.651	378.76  
886.028	416.01  
886.405	343.84  
886.782	429.98  
887.159	369.45  
887.536	395.06  
887.912	427.65  
888.289	390.4   
888.665	416.01  
889.042	301.93  
889.418	392.73  
889.794	436.96  
890.171	395.06  
890.547	367.12  
890.923	364.79  
891.299	397.39  
891.675	376.43  
892.051	360.14  
892.427	336.85  
892.803	383.42  
893.178	390.4   
893.554	378.76  
893.929	371.78  
894.305	402.04  
894.68	411.35   
895.056	367.12  
895.431	353.15  
895.806	385.74  
896.181	429.98  
896.557	416.01  
896.932	383.42  
897.307	367.12  
897.681	402.04  
898.056	471.89  
898.431	436.96  
898.806	388.07  
899.18	439.29   
899.555	383.42  
899.929	390.4   
900.304	441.62  
900.678	367.12  
901.052	416.01  
901.427	453.26  
901.801	395.06  
902.175	402.04  
902.549	448.6   
902.923	441.62  
903.297	357.81  
903.67	411.35   
904.044	462.57  
904.418	416.01  
904.791	481.2   
905.165	369.45  
905.538	443.95  
905.912	404.37  
906.285	376.43  
906.658	385.74  
907.032	488.18  
907.405	423     
907.778	411.35  
908.151	360.14  
908.524	425.32  
908.896	434.64  
909.269	416.01  
909.642	439.29  
910.015	455.59  
910.387	357.81  
910.76	423      
911.132	390.4   
911.504	406.7   
911.877	343.84  
912.249	429.98  
912.621	504.48  
912.993	488.18  
913.365	353.15  
913.737	343.84  
914.109	383.42  
914.481	392.73  
914.853	448.6   
915.224	418.34  
915.596	390.4   
915.968	490.51  
916.339	402.04  
916.71	374.1    
917.082	413.68  
917.453	390.4   
917.824	423     
918.195	406.7   
918.566	402.04  
918.937	378.76  
919.308	371.78  
919.679	374.1   
920.05	339.18   
920.421	402.04  
920.791	441.62  
921.162	423     
921.532	402.04  
921.903	411.35  
922.273	360.14  
922.644	364.79  
923.014	485.86  
923.384	411.35  
923.754	364.79  
924.124	432.31  
924.494	439.29  
924.864	439.29  
925.234	420.67  
925.604	364.79  
925.973	425.32  
926.343	364.79  
926.712	374.1   
927.082	411.35  
927.451	397.39  
927.821	436.96  
928.19	383.42   
928.559	383.42  
928.928	369.45  
929.297	315.9   
929.666	399.71  
930.035	416.01  
930.404	374.1   
930.773	399.71  
931.142	436.96  
931.51	385.74   
931.879	390.4   
932.247	462.57  
932.616	427.65  
932.984	353.15  
933.353	462.57  
933.721	353.15  
934.089	469.56  
934.457	427.65  
934.825	390.4   
935.193	395.06  
935.561	376.43  
935.929	383.42  
936.296	446.28  
936.664	367.12  
937.032	360.14  
937.399	336.85  
937.767	420.67  
938.134	446.28  
938.501	374.1   
938.869	334.53  
939.236	443.95  
939.603	416.01  
939.97	418.34   
940.337	360.14  
940.704	413.68  
941.071	362.46  
941.438	390.4   
941.804	409.03  
942.171	348.49  
942.538	453.26  
942.904	381.09  
943.27	353.15   
943.637	367.12  
944.003	402.04  
944.369	395.06  
944.735	362.46  
945.102	450.93  
945.468	495.17  
945.833	369.45  
946.199	397.39  
946.565	455.59  
946.931	327.54  
947.296	490.51  
947.662	432.31  
948.028	390.4   
948.393	455.59  
948.758	402.04  
949.124	446.28  
949.489	416.01  
949.854	450.93  
950.219	376.43  
950.584	369.45  
950.949	325.21  
951.314	376.43  
951.679	457.92  
952.044	374.1   
952.408	320.56  
952.773	413.68  
953.137	453.26  
953.502	416.01  
953.866	378.76  
954.231	374.1   
954.595	420.67  
954.959	423     
955.323	418.34  
955.687	413.68  
956.051	392.73  
956.415	369.45  
956.779	397.39  
957.143	362.46  
957.506	369.45  
957.87	443.95   
958.234	329.87  
958.597	353.15  
958.961	450.93  
959.324	436.96  
959.687	348.49  
960.05	383.42   
960.413	399.71  
960.776	322.88  
961.139	413.68  
961.502	467.23  
961.865	429.98  
962.228	367.12  
962.591	404.37  
962.953	504.48  
963.316	392.73  
963.678	406.7   
964.041	388.07  
964.403	406.7   
964.765	392.73  
965.128	439.29  
965.49	418.34   
965.852	409.03  
966.214	516.12  
966.576	378.76  
966.938	355.48  
967.299	376.43  
967.661	367.12  
968.023	360.14  
968.384	343.84  
968.746	439.29  
969.107	341.51  
969.469	392.73  
969.83	441.62   
970.191	371.78  
970.552	434.64  
970.913	390.4   
971.274	332.2   
971.635	420.67  
971.996	441.62  
972.357	450.93  
972.718	450.93  
973.078	404.37  
973.439	388.07  
973.8	346.17    
974.16	378.76   
974.52	369.45   
974.881	355.48  
975.241	446.28  
975.601	374.1   
975.961	432.31  
976.321	404.37  
976.681	332.2   
977.041	409.03  
977.401	383.42  
977.76	434.64   
978.12	360.14   
978.48	404.37   
978.839	376.43  
979.199	434.64  
979.558	478.87  
979.917	376.43  
980.277	420.67  
980.636	369.45  
980.995	427.65  
981.354	346.17  
981.713	285.63  
982.072	336.85  
982.43	390.4    
982.789	353.15  
983.148	350.82  
983.506	376.43  
983.865	453.26  
984.223	460.25  
984.582	423     
984.94	423      
985.298	462.57  
985.656	390.4   
986.015	369.45  
986.373	406.7   
986.731	346.17  
987.088	371.78  
987.446	446.28  
987.804	399.71  
988.162	320.56  
988.519	364.79  
988.877	357.81  
989.234	409.03  
989.591	446.28  
989.949	439.29  
990.306	336.85  
990.663	397.39  
991.02	432.31   
991.377	395.06  
991.734	416.01  
992.091	402.04  
992.448	343.84  
992.805	411.35  
993.161	364.79  
993.518	413.68  
993.874	457.92  
994.231	455.59  
994.587	336.85  
994.943	434.64  
995.3	397.39    
995.656	420.67  
996.012	423     
996.368	383.42  
996.724	404.37  
997.08	376.43   
997.435	439.29  
997.791	313.57  
998.147	355.48  
998.502	406.7   
998.858	397.39  
999.213	388.07  
999.569	381.09  
999.924	434.64  
1000.279	357.81 
1000.634	329.87 
1000.989	371.78 
1001.344	423    
1001.699	399.71 
1002.054	429.98 
1002.409	453.26 
1002.764	469.56 
1003.118	378.76 
1003.473	399.71 
1003.827	364.79 
1004.182	432.31 
1004.536	462.57 
1004.89	399.71  
1005.245	390.4  
1005.599	429.98 
1005.953	443.95 
1006.307	376.43 
1006.661	418.34 
1007.015	320.56 
1007.368	397.39 
1007.722	343.84 
1008.076	485.86 
1008.429	423    
1008.783	378.76 
1009.136	427.65 
1009.489	423    
1009.843	355.48 
1010.196	420.67 
1010.549	432.31 
1010.902	329.87 
1011.255	425.32 
1011.608	378.76 
1011.961	457.92 
1012.313	406.7  
1012.666	448.6  
1013.019	413.68 
1013.371	348.49 
1013.724	406.7  
1014.076	432.31 
1014.428	420.67 
1014.781	420.67 
1015.133	402.04 
1015.485	464.9  
1015.837	434.64 
1016.189	364.79 
1016.541	397.39 
1016.893	402.04 
1017.244	418.34 
1017.596	404.37 
1017.947	392.73 
1018.299	409.03 
1018.65	378.76  
1019.002	339.18 
1019.353	346.17 
1019.704	434.64 
1020.055	371.78 
1020.407	367.12 
1020.758	416.01 
1021.108	374.1  
1021.459	395.06 
1021.81	464.9   
1022.161	434.64 
1022.511	348.49 
1022.862	378.76 
1023.213	439.29 
1023.563	432.31 
1023.913	390.4  
1024.264	443.95 
1024.614	423    
1024.964	402.04 
1025.314	411.35 
1025.664	436.96 
1026.014	446.28 
1026.364	420.67 
1026.713	360.14 
1027.063	364.79 
1027.413	371.78 
1027.762	339.18 
1028.112	397.39 
1028.461	464.9  
1028.81	411.35  
1029.16	381.09  
1029.509	406.7  
1029.858	432.31 
1030.207	436.96 
1030.556	471.89 
1030.905	450.93 
1031.254	353.15 
1031.602	350.82 
1031.951	413.68 
1032.3	343.84   
1032.648	467.23 
1032.996	467.23 
1033.345	467.23 