187.879	-14.84  
188.346	-14.84  
188.813	-14.84  
189.28	-47.44   
189.747	-138.23 
190.214	-66.06  
190.681	-35.8   
191.148	-114.95 
191.614	-82.36  
192.081	-70.72  
192.548	-73.05  
193.014	-19.5   
193.481	-31.14  
193.948	50.35   
194.414	8.44    
194.881	78.28   
195.347	6.11    
195.813	24.74   
196.28	82.94    
196.746	108.55  
197.212	134.16  
197.678	178.39  
198.145	150.46  
198.611	201.68  
199.077	262.21  
199.543	250.57  
200.009	222.63  
200.475	339.04  
200.941	266.86  
201.407	362.32  
201.873	248.24  
202.338	290.15  
202.804	306.44  
203.27	257.55   
203.735	322.74  
204.201	439.15  
204.667	357.66  
205.132	350.68  
205.598	359.99  
206.063	420.52  
206.529	297.13  
206.994	422.85  
207.459	266.86  
207.925	387.93  
208.39	408.88   
208.855	322.74  
209.32	357.66   
209.785	387.93  
210.25	411.21   
210.715	411.21  
211.18	401.9    
211.645	385.6   
212.11	453.12   
212.575	446.13  
213.04	339.04   
213.504	366.97  
213.969	436.82  
214.434	369.3   
214.899	369.3   
215.363	404.22  
215.828	353.01  
216.292	355.33  
216.757	327.4   
217.221	359.99  
217.685	492.69  
218.15	373.96   
218.614	464.76  
219.078	357.66  
219.542	434.49  
220.007	364.65  
220.471	362.32  
220.935	346.02  
221.399	371.63  
221.863	327.4   
222.327	380.94  
222.791	332.05  
223.254	376.29  
223.718	378.61  
224.182	348.35  
224.646	359.99  
225.109	313.43  
225.573	362.32  
226.037	336.71  
226.5	353.01    
226.964	392.58  
227.427	336.71  
227.89	359.99   
228.354	339.04  
228.817	355.33  
229.28	399.57   
229.744	334.38  
230.207	350.68  
230.67	325.07   
231.133	353.01  
231.596	359.99  
232.059	350.68  
232.522	341.36  
232.985	355.33  
233.448	364.65  
233.911	392.58  
234.374	378.61  
234.836	369.3   
235.299	357.66  
235.762	371.63  
236.224	315.75  
236.687	392.58  
237.149	369.3   
237.612	320.41  
238.074	429.83  
238.537	420.52  
238.999	329.72  
239.461	401.9   
239.924	315.75  
240.386	371.63  
240.848	413.54  
241.31	348.35   
241.772	376.29  
242.234	373.96  
242.696	336.71  
243.158	334.38  
243.62	334.38   
244.082	362.32  
244.544	353.01  
245.006	343.69  
245.468	383.27  
245.929	336.71  
246.391	346.02  
246.852	346.02  
247.314	355.33  
247.776	325.07  
248.237	413.54  
248.698	418.19  
249.16	478.73   
249.621	404.22  
250.082	387.93  
250.544	492.69  
251.005	373.96  
251.466	408.88  
251.927	343.69  
252.388	336.71  
252.849	355.33  
253.31	287.82   
253.771	387.93  
254.232	369.3   
254.693	376.29  
255.154	394.91  
255.615	425.18  
256.075	406.55  
256.536	387.93  
256.997	394.91  
257.457	348.35  
257.918	387.93  
258.378	429.83  
258.839	406.55  
259.299	446.13  
259.759	422.85  
260.22	392.58   
260.68	362.32   
261.14	429.83   
261.6	364.65    
262.06	422.85   
262.521	422.85  
262.981	387.93  
263.441	404.22  
263.901	446.13  
264.36	380.94   
264.82	362.32   
265.28	406.55   
265.74	366.97   
266.2	359.99    
266.659	471.74  
267.119	415.87  
267.579	387.93  
268.038	394.91  
268.498	327.4   
268.957	369.3   
269.416	336.71  
269.876	429.83  
270.335	390.26  
270.794	450.79  
271.254	411.21  
271.713	311.1   
272.172	399.57  
272.631	373.96  
273.09	343.69   
273.549	422.85  
274.008	418.19  
274.467	411.21  
274.926	436.82  
275.385	392.58  
275.843	408.88  
276.302	429.83  
276.761	432.16  
277.22	397.24   
277.678	376.29  
278.137	453.12  
278.595	390.26  
279.054	357.66  
279.512	448.46  
279.97	450.79   
280.429	392.58  
280.887	346.02  
281.345	432.16  
281.803	446.13  
282.262	390.26  
282.72	404.22   
283.178	353.01  
283.636	334.38  
284.094	369.3   
284.552	425.18  
285.01	371.63   
285.467	341.36  
285.925	462.43  
286.383	397.24  
286.841	401.9   
287.298	429.83  
287.756	420.52  
288.213	453.12  
288.671	420.52  
289.128	441.47  
289.586	380.94  
290.043	399.57  
290.5	420.52    
290.958	413.54  
291.415	450.79  
291.872	387.93  
292.329	378.61  
292.786	404.22  
293.243	366.97  
293.7	404.22    
294.157	471.74  
294.614	346.02  
295.071	422.85  
295.528	432.16  
295.985	422.85  
296.441	448.46  
296.898	362.32  
297.355	399.57  
297.811	362.32  
298.268	408.88  
298.724	385.6   
299.181	411.21  
299.637	439.15  
300.094	406.55  
300.55	439.15   
301.006	455.44  
301.462	446.13  
301.919	474.07  
302.375	425.18  
302.831	450.79  
303.287	453.12  
303.743	434.49  
304.199	387.93  
304.655	495.02  
305.11	413.54   
305.566	397.24  
306.022	373.96  
306.478	411.21  
306.933	380.94  
307.389	362.32  
307.845	415.87  
308.3	432.16    
308.756	390.26  
309.211	443.8   
309.666	415.87  
310.122	434.49  
310.577	404.22  
311.032	425.18  
311.487	429.83  
311.943	453.12  
312.398	448.46  
312.853	436.82  
313.308	383.27  
313.763	394.91  
314.218	443.8   
314.672	418.19  
315.127	387.93  
315.582	450.79  
316.037	404.22  
316.492	411.21  
316.946	392.58  
317.401	443.8   
317.855	380.94  
318.31	390.26   
318.764	404.22  
319.219	432.16  
319.673	481.05  
320.127	420.52  
320.582	453.12  
321.036	441.47  
321.49	436.82   
321.944	443.8   
322.398	446.13  
322.852	406.55  
323.306	390.26  
323.76	439.15   
324.214	467.08  
324.668	425.18  
325.122	471.74  
325.575	341.36  
326.029	427.51  
326.483	464.76  
326.936	392.58  
327.39	387.93   
327.843	397.24  
328.297	350.68  
328.75	443.8    
329.204	408.88  
329.657	429.83  
330.11	420.52   
330.564	406.55  
331.017	406.55  
331.47	322.74   
331.923	385.6   
332.376	427.51  
332.829	429.83  
333.282	420.52  
333.735	415.87  
334.188	408.88  
334.641	476.4   
335.093	446.13  
335.546	362.32  
335.999	411.21  
336.451	429.83  
336.904	464.76  
337.356	495.02  
337.809	392.58  
338.261	427.51  
338.714	478.73  
339.166	448.46  
339.618	436.82  
340.07	362.32   
340.523	411.21  
340.975	474.07  
341.427	418.19  
341.879	341.36  
342.331	401.9   
342.783	436.82  
343.235	392.58  
343.687	420.52  
344.138	397.24  
344.59	413.54   
345.042	420.52  
345.494	394.91  
345.945	376.29  
346.397	527.62  
346.848	413.54  
347.3	348.35    
347.751	432.16  
348.203	385.6   
348.654	457.77  
349.105	432.16  
349.556	469.41  
350.008	371.63  
350.459	394.91  
350.91	422.85   
351.361	404.22  
351.812	483.38  
352.263	434.49  
352.714	469.41  
353.165	399.57  
353.615	357.66  
354.066	476.4   
354.517	420.52  
354.968	450.79  
355.418	415.87  
355.869	478.73  
356.319	418.19  
356.77	488.04   
357.22	413.54   
357.671	425.18  
358.121	413.54  
358.571	355.33  
359.021	357.66  
359.472	460.1   
359.922	490.37  
360.372	422.85  
360.822	432.16  
361.272	399.57  
361.722	436.82  
362.172	378.61  
362.622	422.85  
363.071	376.29  
363.521	415.87  
363.971	411.21  
364.42	369.3    
364.87	366.97   
365.32	427.51   
365.769	383.27  
366.219	455.44  
366.668	387.93  
367.117	432.16  
367.567	411.21  
368.016	329.72  
368.465	439.15  
368.914	471.74  
369.363	404.22  
369.812	436.82  
370.261	469.41  
370.71	394.91   
371.159	364.65  
371.608	427.51  
372.057	490.37  
372.506	464.76  
372.955	371.63  
373.403	422.85  
373.852	429.83  
374.301	508.99  
374.749	359.99  
375.198	387.93  
375.646	334.38  
376.094	446.13  
376.543	448.46  
376.991	429.83  
377.439	462.43  
377.887	443.8   
378.336	401.9   
378.784	408.88  
379.232	450.79  
379.68	415.87   
380.128	378.61  
380.576	469.41  
381.023	434.49  
381.471	427.51  
381.919	415.87  
382.367	425.18  
382.814	432.16  
383.262	369.3   
383.71	425.18   
384.157	448.46  
384.605	387.93  
385.052	418.19  
385.499	420.52  
385.947	476.4   
386.394	334.38  
386.841	453.12  
387.288	467.08  
387.735	371.63  
388.182	404.22  
388.63	420.52   
389.076	406.55  
389.523	390.26  
389.97	401.9    
390.417	385.6   
390.864	413.54  
391.311	411.21  
391.757	415.87  
392.204	432.16  
392.651	380.94  
393.097	432.16  
393.544	385.6   
393.99	420.52   
394.436	450.79  
394.883	392.58  
395.329	441.47  
395.775	474.07  
396.221	413.54  
396.668	362.32  
397.114	376.29  
397.56	469.41   
398.006	387.93  
398.452	432.16  
398.897	401.9   
399.343	408.88  
399.789	469.41  
400.235	462.43  
400.681	380.94  
401.126	385.6   
401.572	443.8   
402.017	450.79  
402.463	481.05  
402.908	434.49  
403.354	404.22  
403.799	425.18  
404.244	460.1   
404.689	383.27  
405.135	439.15  
405.58	362.32   
406.025	401.9   
406.47	418.19   
406.915	408.88  
407.36	432.16   
407.805	476.4   
408.25	404.22   
408.694	467.08  
409.139	420.52  
409.584	404.22  
410.029	474.07  
410.473	497.35  
410.918	385.6   
411.362	422.85  
411.807	464.76  
412.251	481.05  
412.695	432.16  
413.14	460.1    
413.584	478.73  
414.028	462.43  
414.472	522.96  
414.916	502.01  
415.36	455.44   
415.804	441.47  
416.248	471.74  
416.692	460.1   
417.136	457.77  
417.58	508.99   
418.024	464.76  
418.467	411.21  
418.911	469.41  
419.355	450.79  
419.798	518.3   
420.242	532.27  
420.685	488.04  
421.128	483.38  
421.572	511.32  
422.015	546.24  
422.458	553.23  
422.902	502.01  
423.345	574.18  
423.788	602.12  
424.231	644.02  
424.674	557.88  
425.117	606.77  
425.56	644.02   
426.003	634.71  
426.445	632.38  
426.888	653.34  
427.331	720.85  
427.773	734.82  
428.216	823.29  
428.659	872.18  
429.101	781.38  
429.543	874.51  
429.986	830.28  
430.428	972.29  
430.87	1072.4   
431.313	1086.37 
431.755	1049.12 
432.197	1144.58 
432.639	1139.92 
433.081	1233.04 
433.523	1263.31 
433.965	1384.37 
434.407	1510.09 
434.849	1479.83 
435.291	1717.3  
435.732	1719.63 
436.174	1887.25 
436.616	2061.86 
437.057	2040.91 
437.499	2117.74 
437.94	2301.66  
438.382	2613.64 
438.823	2741.68 
439.264	2755.65 
439.706	2848.78 
440.147	2979.15 
440.588	3302.77 
441.029	3482.03 
441.47	3787.02  
441.911	3954.65 
442.352	4094.34 
442.793	4690.34 
443.234	4760.19 
443.675	5304.97 
444.116	5710.07 
444.556	6008.07 
444.997	6422.48 
445.438	6862.5  
445.878	7293.21 
446.319	7705.29 
446.759	8259.39 
447.199	8648.19 
447.64	9155.73  
448.08	9870.47  
448.52	10396.63 
448.961	11134.65
449.401	11977.44
449.841	12543.18
450.281	13374.33
450.721	14559.36
451.161	15264.78
451.601	16766.44
452.041	17751.25
452.48	18871.08 
452.92	20160.88 
453.36	20854.66 
453.799	21622.95
454.239	23071.06
454.679	23750.88
455.118	24796.22
455.557	25091.89
455.997	26360.73
456.436	27047.53
456.875	27499.2 
457.315	28712.16
457.754	30409.38
458.193	30393.08
458.632	31736.42
459.071	32963.36
459.51	32667.68 
459.949	33049.5 
460.388	33713.02
460.827	33838.74
461.265	33610.58
461.704	32185.75
462.143	31627   
462.581	30777.23
463.02	30118.36 
463.458	28858.83
463.897	28030.01
464.335	26619.16
464.774	25666.94
465.212	24654.2 
465.65	23892.9  
466.088	23520.39
466.527	23094.34
466.965	21632.27
467.403	21394.79
467.841	20982.71
468.279	20242.36
468.716	19627.73
469.154	18971.19
469.592	18275.08
470.03	17674.42 
470.467	17173.86
470.905	16684.95
471.343	15797.93
471.78	15150.71 
472.218	14561.68
472.655	14335.85
473.092	13723.55
473.53	13274.22 
473.967	13104.26
474.404	13229.98
474.841	12850.5 
475.278	12624.67
475.716	12636.31
476.153	12561.81
476.589	12387.2 
477.026	12298.73
477.463	12345.29
477.9	11735.31  
478.337	11637.53
478.773	11225.45
479.21	10836.65 
479.647	10329.11
480.083	9921.69 
480.52	9374.57  
480.956	9013.71 
481.392	8759.94 
481.829	8403.74 
482.265	8189.55 
482.701	7730.9  
483.137	7512.06 
483.574	7283.9  
484.01	7090.66  
484.446	6750.75 
484.882	6713.5  
485.317	6408.51 
485.753	6420.16 
486.189	6201.31 
486.625	5942.89 
487.061	5747.32 
487.496	5675.15 
487.932	5423.71 
488.367	5221.16 
488.803	4934.8  
489.238	4804.42 
489.674	4511.08 
490.109	4278.26 
490.544	4047.77 
490.979	4047.77 
491.415	3852.21 
491.85	3733.47  
492.285	3658.97 
492.72	3554.21  
493.155	3428.49 
493.59	3484.36  
494.024	3316.74 
494.459	3153.77 
494.894	3018.73 
495.329	3100.22 
495.763	2918.62 
496.198	2955.87 
496.632	2906.98 
497.067	2699.78 
497.501	2711.42 
497.936	2532.15 
498.37	2280.71  
498.804	2317.96 
499.238	2213.19 
499.673	2057.21 
500.107	2022.29 
500.541	1961.75 
500.975	1859.32 
501.409	1873.28 
501.843	1752.22 
502.277	1735.92 
502.71	1626.5   
503.144	1617.19 
503.578	1600.89 
504.011	1582.27 
504.445	1586.92 
504.878	1505.44 
505.312	1468.19 
505.745	1416.97 
506.179	1384.37 
506.612	1340.14 
507.045	1314.53 
507.479	1328.5  
507.912	1307.55 
508.345	1235.37 
508.778	1258.65 
509.211	1093.36 
509.644	1095.68 
510.077	1037.48 
510.509	1063.09 
510.942	962.98  
511.375	1004.89 
511.808	1021.18 
512.24	1023.51  
512.673	1032.82 
513.105	986.26  
513.538	942.03  
513.97	928.06   
514.403	979.28  
514.835	904.78  
515.267	895.46  
515.699	879.17  
516.131	960.65  
516.564	795.35  
516.996	879.17  
517.428	818.63  
517.859	865.2   
518.291	800.01  
518.723	730.16  
519.155	786.04  
519.587	727.84  
520.018	765.09  
520.45	723.18   
520.881	716.2   
521.313	772.07  
521.744	716.2   
522.176	664.98  
522.607	746.46  
523.038	657.99  
523.47	625.4    
523.901	685.93  
524.332	655.66  
524.763	641.7   
525.194	653.34  
525.625	674.29  
526.056	616.09  
526.487	664.98  
526.917	630.05  
527.348	651.01  
527.779	641.7   
528.21	576.51   
528.64	604.45   
529.071	667.31  
529.501	597.46  
529.932	602.12  
530.362	555.55  
530.792	648.68  
531.222	597.46  
531.653	651.01  
532.083	555.55  
532.513	485.71  
532.943	578.84  
533.373	623.07  
533.803	546.24  
534.233	592.8   
534.663	576.51  
535.092	543.91  
535.522	518.3   
535.952	550.9   
536.381	527.62  
536.811	574.18  
537.24	446.13   
537.67	569.52   
538.099	562.54  
538.529	578.84  
538.958	546.24  
539.387	550.9   
539.816	553.23  
540.245	520.63  
540.674	539.26  
541.103	541.59  
541.532	525.29  
541.961	478.73  
542.39	527.62   
542.819	616.09  
543.248	613.76  
543.676	529.94  
544.105	543.91  
544.534	555.55  
544.962	590.48  
545.391	546.24  
545.819	574.18  
546.247	515.98  
546.676	555.55  
547.104	557.88  
547.532	471.74  
547.96	425.18   
548.388	585.82  
548.816	541.59  
549.244	485.71  
549.672	513.65  
550.1	481.05    
550.528	457.77  
550.956	520.63  
551.383	483.38  
551.811	567.19  
552.238	504.33  
552.666	427.51  
553.094	448.46  
553.521	513.65  
553.948	504.33  
554.376	511.32  
554.803	415.87  
555.23	413.54   
555.657	543.91  
556.084	543.91  
556.511	569.52  
556.938	555.55  
557.365	497.35  
557.792	506.66  
558.219	455.44  
558.646	492.69  
559.072	508.99  
559.499	474.07  
559.926	515.98  
560.352	481.05  
560.779	495.02  
561.205	490.37  
561.632	508.99  
562.058	515.98  
562.484	490.37  
562.91	506.66   
563.337	490.37  
563.763	453.12  
564.189	483.38  
564.615	476.4   
565.041	436.82  
565.466	425.18  
565.892	467.08  
566.318	471.74  
566.744	488.04  
567.169	522.96  
567.595	476.4   
568.021	464.76  
568.446	583.49  
568.872	460.1   
569.297	464.76  
569.722	469.41  
570.148	443.8   
570.573	527.62  
570.998	450.79  
571.423	495.02  
571.848	497.35  
572.273	471.74  
572.698	425.18  
573.123	450.79  
573.548	520.63  
573.973	511.32  
574.397	467.08  
574.822	448.46  
575.247	506.66  
575.671	457.77  
576.096	462.43  
576.52	543.91   
576.944	464.76  
577.369	502.01  
577.793	446.13  
578.217	495.02  
578.641	478.73  
579.065	471.74  
579.49	434.49   
579.914	541.59  
580.337	488.04  
580.761	511.32  
581.185	481.05  
581.609	425.18  
582.033	502.01  
582.456	562.54  
582.88	485.71   
583.303	485.71  
583.727	495.02  
584.15	397.24   
584.574	436.82  
584.997	488.04  
585.42	436.82   
585.844	469.41  
586.267	508.99  
586.69	467.08   
587.113	464.76  
587.536	453.12  
587.959	474.07  
588.382	457.77  
588.804	464.76  
589.227	448.46  
589.65	518.3    
590.073	439.15  
590.495	464.76  
590.918	490.37  
591.34	422.85   
591.763	378.61  
592.185	399.57  
592.607	397.24  
593.03	439.15   
593.452	446.13  
593.874	443.8   
594.296	532.27  
594.718	457.77  
595.14	455.44   
595.562	518.3   
595.984	425.18  
596.406	436.82  
596.827	394.91  
597.249	378.61  
597.671	387.93  
598.092	476.4   
598.514	434.49  
598.935	483.38  
599.357	350.68  
599.778	481.05  
600.199	488.04  
600.621	550.9   
601.042	448.46  
601.463	439.15  
601.884	462.43  
602.305	474.07  
602.726	506.66  
603.147	394.91  
603.568	339.04  
603.988	434.49  
604.409	467.08  
604.83	455.44   
605.25	408.88   
605.671	394.91  
606.092	434.49  
606.512	404.22  
606.932	401.9   
607.353	392.58  
607.773	450.79  
608.193	522.96  
608.613	418.19  
609.034	432.16  
609.454	520.63  
609.874	436.82  
610.293	436.82  
610.713	411.21  
611.133	408.88  
611.553	443.8   
611.973	485.71  
612.392	378.61  
612.812	474.07  
613.231	406.55  
613.651	457.77  
614.07	464.76   
614.49	476.4    
614.909	457.77  
615.328	420.52  
615.747	408.88  
616.167	467.08  
616.586	483.38  
617.005	469.41  
617.424	385.6   
617.843	434.49  
618.261	404.22  
618.68	387.93   
619.099	450.79  
619.518	436.82  
619.936	415.87  
620.355	394.91  
620.773	457.77  
621.192	478.73  
621.61	420.52   
622.029	457.77  
622.447	436.82  
622.865	427.51  
623.283	441.47  
623.701	371.63  
624.119	366.97  
624.537	471.74  
624.955	443.8   
625.373	432.16  
625.791	415.87  
626.209	408.88  
626.627	439.15  
627.044	364.65  
627.462	413.54  
627.879	378.61  
628.297	397.24  
628.714	408.88  
629.132	385.6   
629.549	450.79  
629.966	415.87  
630.383	518.3   
630.8	448.46    
631.217	450.79  
631.634	474.07  
632.051	443.8   
632.468	485.71  
632.885	357.66  
633.302	399.57  
633.719	471.74  
634.135	457.77  
634.552	376.29  
634.969	413.54  
635.385	420.52  
635.801	401.9   
636.218	408.88  
636.634	464.76  
637.05	446.13   
637.467	483.38  
637.883	380.94  
638.299	369.3   
638.715	518.3   
639.131	411.21  
639.547	462.43  
639.963	411.21  
640.378	453.12  
640.794	355.33  
641.21	464.76   
641.626	355.33  
642.041	427.51  
642.457	383.27  
642.872	446.13  
643.287	392.58  
643.703	427.51  
644.118	397.24  
644.533	422.85  
644.948	383.27  
645.364	399.57  
645.779	425.18  
646.194	397.24  
646.609	394.91  
647.023	450.79  
647.438	392.58  
647.853	411.21  
648.268	434.49  
648.682	413.54  
649.097	390.26  
649.511	464.76  
649.926	483.38  
650.34	387.93   
650.755	408.88  
651.169	406.55  
651.583	387.93  
651.997	406.55  
652.411	425.18  
652.825	332.05  
653.239	401.9   
653.653	448.46  
654.067	481.05  
654.481	457.77  
654.895	369.3   
655.309	446.13  
655.722	427.51  
656.136	434.49  
656.549	362.32  
656.963	504.33  
657.376	434.49  
657.79	485.71   
658.203	425.18  
658.616	373.96  
659.029	399.57  
659.442	411.21  
659.855	413.54  
660.268	318.08  
660.681	357.66  
661.094	429.83  
661.507	432.16  
661.92	404.22   
662.333	399.57  
662.745	436.82  
663.158	385.6   
663.57	450.79   
663.983	474.07  
664.395	364.65  
664.808	397.24  
665.22	422.85   
665.632	413.54  
666.044	499.68  
666.456	376.29  
666.868	425.18  
667.28	436.82   
667.692	427.51  
668.104	387.93  
668.516	474.07  
668.928	420.52  
669.34	481.05   
669.751	383.27  
670.163	364.65  
670.574	411.21  
670.986	478.73  
671.397	378.61  
671.809	436.82  
672.22	432.16   
672.631	380.94  
673.042	404.22  
673.453	401.9   
673.864	443.8   
674.275	427.51  
674.686	383.27  
675.097	441.47  
675.508	460.1   
675.919	378.61  
676.33	392.58   
676.74	427.51   
677.151	394.91  
677.561	441.47  
677.972	462.43  
678.382	422.85  
678.792	462.43  
679.203	376.29  
679.613	390.26  
680.023	439.15  
680.433	436.82  
680.843	434.49  
681.253	385.6   
681.663	364.65  
682.073	325.07  
682.483	457.77  
682.893	383.27  
683.302	464.76  
683.712	469.41  
684.122	481.05  
684.531	464.76  
684.94	427.51   
685.35	373.96   
685.759	399.57  
686.168	434.49  
686.578	373.96  
686.987	439.15  
687.396	366.97  
687.805	453.12  
688.214	397.24  
688.623	334.38  
689.032	390.26  
689.44	362.32   
689.849	429.83  
690.258	411.21  
690.666	425.18  
691.075	392.58  
691.484	420.52  
691.892	413.54  
692.3	404.22    
692.709	429.83  
693.117	399.57  
693.525	357.66  
693.933	464.76  
694.341	418.19  
694.749	357.66  
695.157	355.33  
695.565	385.6   
695.973	378.61  
696.381	425.18  
696.788	483.38  
697.196	446.13  
697.604	408.88  
698.011	364.65  
698.419	411.21  
698.826	359.99  
699.234	434.49  
699.641	364.65  
700.048	460.1   
700.455	376.29  
700.862	499.68  
701.269	411.21  
701.676	394.91  
702.083	408.88  
702.49	422.85   
702.897	443.8   
703.304	422.85  
703.71	385.6    
704.117	453.12  
704.524	399.57  
704.93	462.43   
705.337	418.19  
705.743	380.94  
706.149	420.52  
706.556	439.15  
706.962	443.8   
707.368	397.24  
707.774	457.77  
708.18	371.63   
708.586	422.85  
708.992	425.18  
709.398	481.05  
709.804	390.26  
710.209	448.46  
710.615	366.97  
711.021	411.21  
711.426	429.83  
711.832	378.61  
712.237	399.57  
712.642	441.47  
713.048	357.66  
713.453	418.19  
713.858	406.55  
714.263	401.9   
714.668	413.54  
715.073	390.26  
715.478	359.99  
715.883	522.96  
716.288	399.57  
716.693	394.91  
717.097	411.21  
717.502	481.05  
717.906	408.88  
718.311	383.27  
718.715	427.51  
719.12	380.94   
719.524	378.61  
719.928	397.24  
720.333	450.79  
720.737	443.8   
721.141	378.61  
721.545	411.21  
721.949	406.55  
722.353	488.04  
722.757	387.93  
723.16	383.27   
723.564	408.88  
723.968	420.52  
724.371	446.13  
724.775	420.52  
725.178	432.16  
725.582	425.18  
725.985	404.22  
726.388	448.46  
726.792	455.44  
727.195	450.79  
727.598	457.77  
728.001	460.1   
728.404	436.82  
728.807	411.21  
729.21	408.88   
729.612	422.85  
730.015	357.66  
730.418	373.96  
730.82	413.54   
731.223	434.49  
731.625	399.57  
732.028	371.63  
732.43	464.76   
732.833	399.57  
733.235	359.99  
733.637	369.3   
734.039	420.52  
734.441	420.52  
734.843	411.21  
735.245	383.27  
735.647	411.21  
736.049	404.22  
736.451	422.85  
736.852	334.38  
737.254	380.94  
737.655	376.29  
738.057	418.19  
738.458	362.32  
738.86	373.96   
739.261	462.43  
739.662	376.29  
740.064	387.93  
740.465	434.49  
740.866	380.94  
741.267	411.21  
741.668	460.1   
742.069	420.52  
742.469	420.52  
742.87	471.74   
743.271	418.19  
743.672	371.63  
744.072	404.22  
744.473	469.41  
744.873	457.77  
745.274	392.58  
745.674	406.55  
746.074	399.57  
746.474	450.79  
746.875	460.1   
747.275	385.6   
747.675	420.52  
748.075	439.15  
748.474	446.13  
748.874	390.26  
749.274	422.85  
749.674	399.57  
750.073	418.19  
750.473	406.55  
750.873	471.74  
751.272	385.6   
751.671	397.24  
752.071	378.61  
752.47	453.12   
752.869	387.93  
753.268	399.57  
753.668	378.61  
754.067	439.15  
754.466	397.24  
754.864	415.87  
755.263	439.15  
755.662	425.18  
756.061	418.19  
756.459	392.58  
756.858	420.52  
757.257	408.88  
757.655	443.8   
758.053	401.9   
758.452	366.97  
758.85	413.54   
759.248	397.24  
759.646	420.52  
760.045	390.26  
760.443	376.29  
760.841	432.16  
761.238	406.55  
761.636	404.22  
762.034	420.52  
762.432	394.91  
762.829	399.57  
763.227	383.27  
763.625	469.41  
764.022	441.47  
764.419	357.66  
764.817	420.52  
765.214	404.22  
765.611	418.19  
766.008	422.85  
766.406	380.94  
766.803	404.22  
767.199	418.19  
767.596	378.61  
767.993	390.26  
768.39	392.58   
768.787	371.63  
769.183	313.43  
769.58	355.33   
769.977	355.33  
770.373	422.85  
770.769	336.71  
771.166	425.18  
771.562	390.26  
771.958	376.29  
772.354	394.91  
772.75	427.51   
773.146	429.83  
773.542	401.9   
773.938	376.29  
774.334	380.94  
774.73	448.46   
775.126	362.32  
775.521	371.63  
775.917	455.44  
776.312	383.27  
776.708	380.94  
777.103	378.61  
777.499	373.96  
777.894	392.58  
778.289	422.85  
778.684	332.05  
779.079	453.12  
779.474	450.79  
779.869	436.82  
780.264	390.26  
780.659	373.96  
781.054	406.55  
781.448	366.97  
781.843	420.52  
782.238	411.21  
782.632	455.44  
783.027	481.05  
783.421	432.16  
783.815	455.44  
784.21	404.22   
784.604	425.18  
784.998	369.3   
785.392	394.91  
785.786	327.4   
786.18	394.91   
786.574	359.99  
786.968	434.49  
787.361	427.51  
787.755	455.44  
788.149	450.79  
788.542	346.02  
788.936	457.77  
789.329	373.96  
789.722	355.33  
790.116	390.26  
790.509	376.29  
790.902	399.57  
791.295	427.51  
791.688	399.57  
792.081	401.9   
792.474	385.6   
792.867	415.87  
793.26	443.8    
793.653	420.52  
794.045	432.16  
794.438	464.76  
794.83	443.8    
795.223	406.55  
795.615	362.32  
796.008	408.88  
796.4	346.02    
796.792	397.24  
797.184	434.49  
797.576	387.93  
797.968	439.15  
798.36	385.6    
798.752	406.55  
799.144	364.65  
799.536	425.18  
799.928	385.6   
800.319	353.01  
800.711	397.24  
801.102	399.57  
801.494	392.58  
801.885	418.19  
802.276	420.52  
802.668	425.18  
803.059	439.15  
803.45	408.88   
803.841	406.55  
804.232	394.91  
804.623	448.46  
805.014	446.13  
805.405	383.27  
805.795	383.27  
806.186	436.82  
806.577	464.76  
806.967	332.05  
807.358	404.22  
807.748	422.85  
808.139	406.55  
808.529	434.49  
808.919	434.49  
809.309	376.29  
809.699	353.01  
810.089	453.12  
810.479	420.52  
810.869	425.18  
811.259	436.82  
811.649	443.8   
812.039	387.93  
812.428	348.35  
812.818	429.83  
813.207	369.3   
813.597	439.15  
813.986	448.46  
814.376	469.41  
814.765	404.22  
815.154	406.55  
815.543	399.57  
815.932	446.13  
816.321	390.26  
816.71	357.66   
817.099	369.3   
817.488	443.8   
817.877	425.18  
818.265	364.65  
818.654	404.22  
819.043	364.65  
819.431	346.02  
819.819	457.77  
820.208	408.88  
820.596	357.66  
820.984	399.57  
821.372	334.38  
821.761	394.91  
822.149	411.21  
822.537	394.91  
822.924	350.68  
823.312	429.83  
823.7	464.76    
824.088	408.88  
824.475	418.19  
824.863	355.33  
825.251	380.94  
825.638	420.52  
826.025	429.83  
826.413	443.8   
826.8	380.94    
827.187	341.36  
827.574	399.57  
827.961	404.22  
828.348	411.21  
828.735	434.49  
829.122	336.71  
829.509	425.18  
829.896	469.41  
830.282	385.6   
830.669	443.8   
831.055	418.19  
831.442	397.24  
831.828	394.91  
832.215	408.88  
832.601	411.21  
832.987	406.55  
833.373	434.49  
833.759	385.6   
834.145	425.18  
834.531	320.41  
834.917	439.15  
835.303	369.3   
835.689	418.19  
836.074	439.15  
836.46	362.32   
836.846	380.94  
837.231	355.33  
837.617	308.77  
838.002	446.13  
838.387	378.61  
838.772	411.21  
839.158	404.22  
839.543	315.75  
839.928	378.61  
840.313	397.24  
840.698	394.91  
841.082	390.26  
841.467	453.12  
841.852	355.33  
842.237	392.58  
842.621	404.22  
843.006	378.61  
843.39	448.46   
843.774	413.54  
844.159	418.19  
844.543	469.41  
844.927	457.77  
845.311	394.91  
845.695	385.6   
846.079	425.18  
846.463	385.6   
846.847	464.76  
847.231	432.16  
847.615	371.63  
847.998	439.15  
848.382	408.88  
848.765	322.74  
849.149	380.94  
849.532	467.08  
849.916	422.85  
850.299	411.21  
850.682	434.49  
851.065	415.87  
851.448	325.07  
851.831	385.6   
852.214	404.22  
852.597	448.46  
852.98	383.27   
853.363	411.21  
853.745	390.26  
854.128	348.35  
854.51	418.19   
854.893	432.16  
855.275	436.82  
855.658	425.18  
856.04	380.94   
856.422	406.55  
856.804	380.94  
857.186	439.15  
857.568	378.61  
857.95	387.93   
858.332	406.55  
858.714	443.8   
859.096	418.19  
859.477	462.43  
859.859	434.49  
860.24	406.55   
860.622	397.24  
861.003	425.18  
861.385	392.58  
861.766	448.46  
862.147	332.05  
862.528	383.27  
862.909	378.61  
863.29	306.44   
863.671	371.63  
864.052	346.02  
864.433	380.94  
864.814	401.9   
865.194	383.27  
865.575	378.61  
865.955	385.6   
866.336	411.21  
866.716	408.88  
867.097	413.54  
867.477	457.77  
867.857	413.54  
868.237	348.35  
868.617	411.21  
868.997	376.29  
869.377	376.29  
869.757	334.38  
870.137	418.19  
870.517	422.85  
870.896	385.6   
871.276	297.13  
871.655	364.65  
872.035	387.93  
872.414	474.07  
872.794	469.41  
873.173	415.87  
873.552	357.66  
873.931	420.52  
874.31	411.21   
874.689	413.54  
875.068	476.4   
875.447	329.72  
875.826	394.91  
876.205	380.94  
876.583	404.22  
876.962	348.35  
877.341	432.16  
877.719	366.97  
878.097	359.99  
878.476	399.57  
878.854	422.85  
879.232	408.88  
879.61	432.16   
879.988	392.58  
880.366	425.18  
880.744	404.22  
881.122	373.96  
881.5	450.79    
881.878	278.5   
882.255	364.65  
882.633	380.94  
883.011	422.85  
883.388	366.97  
883.765	411.21  
884.143	357.66  
884.52	425.18   
884.897	394.91  
885.274	357.66  
885.651	446.13  
886.028	385.6   
886.405	425.18  
886.782	418.19  
887.159	376.29  
887.536	392.58  
887.912	371.63  
888.289	308.77  
888.665	373.96  
889.042	376.29  
889.418	329.72  
889.794	406.55  
890.171	371.63  
890.547	385.6   
890.923	380.94  
891.299	390.26  
891.675	420.52  
892.051	415.87  
892.427	394.91  
892.803	434.49  
893.178	308.77  
893.554	366.97  
893.929	401.9   
894.305	413.54  
894.68	453.12   
895.056	366.97  
895.431	311.1   
895.806	427.51  
896.181	385.6   
896.557	364.65  
896.932	441.47  
897.307	390.26  
897.681	401.9   
898.056	334.38  
898.431	362.32  
898.806	376.29  
899.18	364.65   
899.555	366.97  
899.929	373.96  
900.304	373.96  
900.678	408.88  
901.052	371.63  
901.427	436.82  
901.801	432.16  
902.175	380.94  
902.549	457.77  
902.923	434.49  
903.297	392.58  
903.67	376.29   
904.044	364.65  
904.418	394.91  
904.791	364.65  
905.165	362.32  
905.538	399.57  
905.912	432.16  
906.285	408.88  
906.658	366.97  
907.032	383.27  
907.405	387.93  
907.778	353.01  
908.151	355.33  
908.524	488.04  
908.896	455.44  
909.269	350.68  
909.642	359.99  
910.015	418.19  
910.387	366.97  
910.76	313.43   
911.132	406.55  
911.504	378.61  
911.877	411.21  
912.249	464.76  
912.621	439.15  
912.993	411.21  
913.365	415.87  
913.737	353.01  
914.109	401.9   
914.481	311.1   
914.853	380.94  
915.224	364.65  
915.596	411.21  
915.968	408.88  
916.339	366.97  
916.71	387.93   
917.082	376.29  
917.453	427.51  
917.824	387.93  
918.195	357.66  
918.566	387.93  
918.937	441.47  
919.308	336.71  
919.679	378.61  
920.05	427.51   
920.421	392.58  
920.791	399.57  
921.162	357.66  
921.532	392.58  
921.903	350.68  
922.273	394.91  
922.644	397.24  
923.014	329.72  
923.384	404.22  
923.754	401.9   
924.124	394.91  
924.494	420.52  
924.864	408.88  
925.234	418.19  
925.604	343.69  
925.973	432.16  
926.343	357.66  
926.712	383.27  
927.082	350.68  
927.451	327.4   
927.821	357.66  
928.19	380.94   
928.559	450.79  
928.928	392.58  
929.297	408.88  
929.666	339.04  
930.035	392.58  
930.404	422.85  
930.773	446.13  
931.142	369.3   
931.51	273.85   
931.879	418.19  
932.247	441.47  
932.616	411.21  
932.984	387.93  
933.353	464.76  
933.721	434.49  
934.089	334.38  
934.457	408.88  
934.825	415.87  
935.193	397.24  
935.561	401.9   
935.929	401.9   
936.296	383.27  
936.664	420.52  
937.032	411.21  
937.399	348.35  
937.767	450.79  
938.134	339.04  
938.501	390.26  
938.869	315.75  
939.236	408.88  
939.603	385.6   
939.97	385.6    
940.337	425.18  
940.704	327.4   
941.071	420.52  
941.438	446.13  
941.804	427.51  
942.171	429.83  
942.538	385.6   
942.904	404.22  
943.27	401.9    
943.637	341.36  
944.003	408.88  
944.369	418.19  
944.735	376.29  
945.102	469.41  
945.468	448.46  
945.833	346.02  
946.199	439.15  
946.565	399.57  
946.931	418.19  
947.296	427.51  
947.662	418.19  
948.028	362.32  
948.393	373.96  
948.758	429.83  
949.124	373.96  
949.489	383.27  
949.854	387.93  
950.219	422.85  
950.584	334.38  
950.949	380.94  
951.314	404.22  
951.679	406.55  
952.044	362.32  
952.408	406.55  
952.773	350.68  
953.137	408.88  
953.502	443.8   
953.866	401.9   
954.231	383.27  
954.595	406.55  
954.959	369.3   
955.323	425.18  
955.687	432.16  
956.051	404.22  
956.415	462.43  
956.779	350.68  
957.143	350.68  
957.506	385.6   
957.87	362.32   
958.234	401.9   
958.597	453.12  
958.961	467.08  
959.324	450.79  
959.687	383.27  
960.05	404.22   
960.413	434.49  
960.776	357.66  
961.139	394.91  
961.502	422.85  
961.865	474.07  
962.228	406.55  
962.591	394.91  
962.953	427.51  
963.316	325.07  
963.678	415.87  
964.041	369.3   
964.403	422.85  
964.765	397.24  
965.128	387.93  
965.49	434.49   
965.852	364.65  
966.214	380.94  
966.576	369.3   
966.938	359.99  
967.299	336.71  
967.661	418.19  
968.023	364.65  
968.384	341.36  
968.746	401.9   
969.107	394.91  
969.469	406.55  
969.83	408.88   
970.191	350.68  
970.552	376.29  
970.913	413.54  
971.274	346.02  
971.635	350.68  
971.996	439.15  
972.357	353.01  
972.718	339.04  
973.078	376.29  
973.439	425.18  
973.8	418.19    
974.16	411.21   
974.52	422.85   
974.881	436.82  
975.241	453.12  
975.601	411.21  
975.961	380.94  
976.321	343.69  
976.681	425.18  
977.041	355.33  
977.401	404.22  
977.76	425.18   
978.12	397.24   
978.48	415.87   
978.839	380.94  
979.199	380.94  
979.558	359.99  
979.917	392.58  
980.277	313.43  
980.636	304.11  
980.995	457.77  
981.354	401.9   
981.713	380.94  
982.072	392.58  
982.43	425.18   
982.789	469.41  
983.148	343.69  
983.506	429.83  
983.865	357.66  
984.223	355.33  
984.582	380.94  
984.94	415.87   
985.298	343.69  
985.656	348.35  
986.015	408.88  
986.373	462.43  
986.731	457.77  
987.088	383.27  
987.446	441.47  
987.804	378.61  
988.162	373.96  
988.519	413.54  
988.877	339.04  
989.234	306.44  
989.591	392.58  
989.949	413.54  
990.306	408.88  
990.663	408.88  
991.02	387.93   
991.377	446.13  
991.734	376.29  
992.091	332.05  
992.448	406.55  
992.805	406.55  
993.161	406.55  
993.518	380.94  
993.874	392.58  
994.231	411.21  
994.587	327.4   
994.943	369.3   
995.3	322.74    
995.656	418.19  
996.012	413.54  
996.368	404.22  
996.724	350.68  
997.08	359.99   
997.435	401.9   
997.791	394.91  
998.147	394.91  
998.502	387.93  
998.858	397.24  
999.213	394.91  
999.569	390.26  
999.924	422.85  
1000.279	411.21 
1000.634	434.49 
1000.989	394.91 
1001.344	411.21 
1001.699	362.32 
1002.054	371.63 
1002.409	322.74 
1002.764	427.51 
1003.118	418.19 
1003.473	378.61 
1003.827	406.55 
1004.182	369.3  
1004.536	467.08 
1004.89	369.3   
1005.245	429.83 
1005.599	350.68 
1005.953	341.36 
1006.307	427.51 
1006.661	397.24 
1007.015	394.91 
1007.368	383.27 
1007.722	350.68 
1008.076	364.65 
1008.429	383.27 
1008.783	376.29 
1009.136	422.85 
1009.489	411.21 
1009.843	399.57 
1010.196	399.57 
1010.549	385.6  
1010.902	348.35 
1011.255	422.85 
1011.608	383.27 
1011.961	392.58 
1012.313	427.51 
1012.666	469.41 
1013.019	399.57 
1013.371	334.38 
1013.724	366.97 
1014.076	378.61 
1014.428	413.54 
1014.781	350.68 
1015.133	397.24 
1015.485	413.54 
1015.837	439.15 
1016.189	394.91 
1016.541	387.93 
1016.893	318.08 
1017.244	422.85 
1017.596	380.94 
1017.947	390.26 
1018.299	346.02 
1018.65	427.51  
1019.002	436.82 
1019.353	429.83 
1019.704	373.96 
1020.055	474.07 
1020.407	420.52 
1020.758	415.87 
1021.108	348.35 
1021.459	404.22 
1021.81	476.4   
1022.161	390.26 
1022.511	406.55 
1022.862	320.41 
1023.213	441.47 
1023.563	390.26 
1023.913	425.18 
1024.264	359.99 
1024.614	404.22 
1024.964	357.66 
1025.314	262.21 
1025.664	425.18 
1026.014	383.27 
1026.364	432.16 
1026.713	339.04 
1027.063	394.91 
1027.413	369.3  
1027.762	329.72 
1028.112	301.79 
1028.461	353.01 
1028.81	380.94  
1029.16	457.77  
1029.509	362.32 
1029.858	362.32 
1030.207	406.55 
1030.556	401.9  
1030.905	464.76 
1031.254	439.15 
1031.602	397.24 
1031.951	425.18 
1032.3	380.94   
1032.648	406.55 
1032.996	406.55 
1033.345	406.55 