187.879	50.64   
188.346	50.64   
188.813	50.64   
189.28	-154.24  
189.747	-65.77  
190.214	-103.02 
190.681	-79.74  
191.148	-93.71  
191.614	-75.08  
192.081	-82.07  
192.548	-44.82  
193.014	-51.8   
193.481	15.71   
193.948	-16.88  
194.414	73.92   
194.881	78.57   
195.347	45.98   
195.813	29.68   
196.28	78.57    
196.746	108.84  
197.212	115.83  
197.678	164.72  
198.145	190.33  
198.611	171.7   
199.077	309.06  
199.543	264.83  
200.009	304.41  
200.475	232.23  
200.941	339.33  
201.407	302.08  
201.873	339.33  
202.338	439.44  
202.804	285.78  
203.27	465.05   
203.735	362.61  
204.201	395.2   
204.667	381.23  
205.132	425.47  
205.598	378.91  
206.063	416.16  
206.529	395.2   
206.994	355.62  
207.459	420.81  
207.925	406.84  
208.39	369.59   
208.855	413.83  
209.32	483.67   
209.785	460.39  
210.25	388.22   
210.715	416.16  
211.18	385.89   
211.645	388.22  
212.11	409.17   
212.575	430.13  
213.04	406.84   
213.504	437.11  
213.969	350.97  
214.434	388.22  
214.899	376.58  
215.363	392.87  
215.828	406.84  
216.292	411.5   
216.757	453.41  
217.221	418.48  
217.685	446.42  
218.15	434.78   
218.614	343.98  
219.078	337     
219.542	411.5   
220.007	378.91  
220.471	341.66  
220.935	327.69  
221.399	330.01  
221.863	395.2   
222.327	364.94  
222.791	327.69  
223.254	376.58  
223.718	348.64  
224.182	390.55  
224.646	460.39  
225.109	418.48  
225.573	446.42  
226.037	330.01  
226.5	383.56    
226.964	418.48  
227.427	392.87  
227.89	350.97   
228.354	357.95  
228.817	469.7   
229.28	369.59   
229.744	353.3   
230.207	364.94  
230.67	371.92   
231.133	413.83  
231.596	472.03  
232.059	388.22  
232.522	395.2   
232.985	309.06  
233.448	404.52  
233.911	402.19  
234.374	397.53  
234.836	423.14  
235.299	353.3   
235.762	376.58  
236.224	479.02  
236.687	369.59  
237.149	339.33  
237.612	411.5   
238.074	437.11  
238.537	409.17  
238.999	411.5   
239.461	385.89  
239.924	343.98  
240.386	402.19  
240.848	402.19  
241.31	409.17   
241.772	334.67  
242.234	402.19  
242.696	441.77  
243.158	418.48  
243.62	406.84   
244.082	392.87  
244.544	483.67  
245.006	357.95  
245.468	406.84  
245.929	444.09  
246.391	395.2   
246.852	458.06  
247.314	385.89  
247.776	374.25  
248.237	411.5   
248.698	399.86  
249.16	385.89   
249.621	418.48  
250.082	441.77  
250.544	413.83  
251.005	430.13  
251.466	432.45  
251.927	481.34  
252.388	404.52  
252.849	325.36  
253.31	469.7    
253.771	437.11  
254.232	448.75  
254.693	395.2   
255.154	434.78  
255.615	437.11  
256.075	448.75  
256.536	395.2   
256.997	455.73  
257.457	378.91  
257.918	467.38  
258.378	469.7   
258.839	483.67  
259.299	420.81  
259.759	481.34  
260.22	465.05   
260.68	469.7    
261.14	434.78   
261.6	441.77    
262.06	425.47   
262.521	383.56  
262.981	455.73  
263.441	397.53  
263.901	455.73  
264.36	406.84   
264.82	451.08   
265.28	476.69   
265.74	388.22   
266.2	374.25    
266.659	434.78  
267.119	367.27  
267.579	455.73  
268.038	467.38  
268.498	427.8   
268.957	364.94  
269.416	348.64  
269.876	416.16  
270.335	469.7   
270.794	374.25  
271.254	320.7   
271.713	399.86  
272.172	360.28  
272.631	399.86  
273.09	409.17   
273.549	385.89  
274.008	388.22  
274.467	486     
274.926	462.72  
275.385	444.09  
275.843	460.39  
276.302	374.25  
276.761	409.17  
277.22	416.16   
277.678	425.47  
278.137	371.92  
278.595	399.86  
279.054	406.84  
279.512	383.56  
279.97	383.56   
280.429	430.13  
280.887	430.13  
281.345	481.34  
281.803	455.73  
282.262	437.11  
282.72	520.92   
283.178	451.08  
283.636	444.09  
284.094	439.44  
284.552	369.59  
285.01	453.41   
285.467	497.64  
285.925	458.06  
286.383	381.23  
286.841	392.87  
287.298	481.34  
287.756	427.8   
288.213	413.83  
288.671	430.13  
289.128	423.14  
289.586	462.72  
290.043	397.53  
290.5	446.42    
290.958	376.58  
291.415	418.48  
291.872	425.47  
292.329	453.41  
292.786	383.56  
293.243	455.73  
293.7	448.75    
294.157	444.09  
294.614	444.09  
295.071	413.83  
295.528	458.06  
295.985	511.61  
296.441	504.63  
296.898	476.69  
297.355	399.86  
297.811	469.7   
298.268	383.56  
298.724	371.92  
299.181	437.11  
299.637	406.84  
300.094	427.8   
300.55	390.55   
301.006	406.84  
301.462	504.63  
301.919	476.69  
302.375	444.09  
302.831	434.78  
303.287	430.13  
303.743	465.05  
304.199	437.11  
304.655	411.5   
305.11	439.44   
305.566	390.55  
306.022	513.94  
306.478	430.13  
306.933	423.14  
307.389	441.77  
307.845	439.44  
308.3	413.83    
308.756	460.39  
309.211	511.61  
309.666	437.11  
310.122	451.08  
310.577	460.39  
311.032	441.77  
311.487	434.78  
311.943	388.22  
312.398	479.02  
312.853	465.05  
313.308	432.45  
313.763	430.13  
314.218	476.69  
314.672	423.14  
315.127	453.41  
315.582	385.89  
316.037	423.14  
316.492	451.08  
316.946	446.42  
317.401	448.75  
317.855	413.83  
318.31	395.2    
318.764	488.33  
319.219	434.78  
319.673	427.8   
320.127	451.08  
320.582	427.8   
321.036	465.05  
321.49	434.78   
321.944	453.41  
322.398	423.14  
322.852	430.13  
323.306	360.28  
323.76	374.25   
324.214	453.41  
324.668	451.08  
325.122	502.3   
325.575	383.56  
326.029	423.14  
326.483	555.85  
326.936	455.73  
327.39	439.44   
327.843	413.83  
328.297	483.67  
328.75	420.81   
329.204	397.53  
329.657	474.36  
330.11	479.02   
330.564	486     
331.017	460.39  
331.47	397.53   
331.923	430.13  
332.376	399.86  
332.829	446.42  
333.282	404.52  
333.735	374.25  
334.188	455.73  
334.641	472.03  
335.093	406.84  
335.546	437.11  
335.999	385.89  
336.451	458.06  
336.904	388.22  
337.356	439.44  
337.809	425.47  
338.261	423.14  
338.714	460.39  
339.166	416.16  
339.618	432.45  
340.07	374.25   
340.523	455.73  
340.975	399.86  
341.427	472.03  
341.879	441.77  
342.331	511.61  
342.783	430.13  
343.235	504.63  
343.687	472.03  
344.138	423.14  
344.59	490.66   
345.042	381.23  
345.494	423.14  
345.945	425.47  
346.397	437.11  
346.848	486     
347.3	495.31    
347.751	455.73  
348.203	472.03  
348.654	458.06  
349.105	479.02  
349.556	404.52  
350.008	476.69  
350.459	523.25  
350.91	427.8    
351.361	437.11  
351.812	427.8   
352.263	460.39  
352.714	418.48  
353.165	504.63  
353.615	458.06  
354.066	430.13  
354.517	427.8   
354.968	467.38  
355.418	404.52  
355.869	441.77  
356.319	506.95  
356.77	476.69   
357.22	437.11   
357.671	404.52  
358.121	409.17  
358.571	413.83  
359.021	502.3   
359.472	462.72  
359.922	479.02  
360.372	458.06  
360.822	455.73  
361.272	462.72  
361.722	462.72  
362.172	455.73  
362.622	479.02  
363.071	453.41  
363.521	458.06  
363.971	378.91  
364.42	462.72   
364.87	479.02   
365.32	467.38   
365.769	465.05  
366.219	458.06  
366.668	504.63  
367.117	437.11  
367.567	395.2   
368.016	425.47  
368.465	437.11  
368.914	492.99  
369.363	513.94  
369.812	376.58  
370.261	406.84  
370.71	439.44   
371.159	406.84  
371.608	409.17  
372.057	451.08  
372.506	425.47  
372.955	441.77  
373.403	444.09  
373.852	472.03  
374.301	488.33  
374.749	513.94  
375.198	455.73  
375.646	467.38  
376.094	476.69  
376.543	479.02  
376.991	385.89  
377.439	439.44  
377.887	446.42  
378.336	469.7   
378.784	511.61  
379.232	427.8   
379.68	437.11   
380.128	467.38  
380.576	488.33  
381.023	406.84  
381.471	458.06  
381.919	458.06  
382.367	469.7   
382.814	437.11  
383.262	406.84  
383.71	553.52   
384.157	413.83  
384.605	437.11  
385.052	411.5   
385.499	476.69  
385.947	479.02  
386.394	446.42  
386.841	458.06  
387.288	423.14  
387.735	437.11  
388.182	404.52  
388.63	472.03   
389.076	451.08  
389.523	492.99  
389.97	444.09   
390.417	483.67  
390.864	504.63  
391.311	385.89  
391.757	467.38  
392.204	462.72  
392.651	462.72  
393.097	455.73  
393.544	469.7   
393.99	502.3    
394.436	439.44  
394.883	448.75  
395.329	448.75  
395.775	483.67  
396.221	509.28  
396.668	423.14  
397.114	432.45  
397.56	423.14   
398.006	476.69  
398.452	490.66  
398.897	427.8   
399.343	492.99  
399.789	441.77  
400.235	427.8   
400.681	444.09  
401.126	462.72  
401.572	397.53  
402.017	446.42  
402.463	388.22  
402.908	425.47  
403.354	434.78  
403.799	402.19  
404.244	481.34  
404.689	467.38  
405.135	509.28  
405.58	481.34   
406.025	483.67  
406.47	430.13   
406.915	511.61  
407.36	444.09   
407.805	458.06  
408.25	397.53   
408.694	418.48  
409.139	490.66  
409.584	453.41  
410.029	423.14  
410.473	523.25  
410.918	462.72  
411.362	402.19  
411.807	430.13  
412.251	441.77  
412.695	432.45  
413.14	337      
413.584	520.92  
414.028	506.95  
414.472	492.99  
414.916	409.17  
415.36	506.95   
415.804	490.66  
416.248	520.92  
416.692	504.63  
417.136	439.44  
417.58	497.64   
418.024	430.13  
418.467	523.25  
418.911	492.99  
419.355	497.64  
419.798	576.8   
420.242	548.86  
420.685	497.64  
421.128	513.94  
421.572	581.45  
422.015	509.28  
422.458	495.31  
422.902	562.83  
423.345	548.86  
423.788	572.14  
424.231	453.41  
424.674	562.83  
425.117	628.02  
425.56	681.56   
426.003	525.58  
426.445	579.13  
426.888	697.86  
427.331	614.05  
427.773	665.27  
428.216	739.77  
428.659	688.55  
429.101	700.19  
429.543	797.97  
429.986	795.64  
430.428	851.52  
430.87	891.1    
431.313	809.61  
431.755	835.22  
432.197	870.14  
432.639	1047.08 
433.081	1035.44 
433.523	1026.13 
433.965	1114.6  
434.407	1070.37 
434.849	1196.09 
435.291	1349.74 
435.732	1354.4  
436.174	1445.2  
436.616	1589.54 
437.057	1647.75 
437.499	1771.14 
437.94	1871.25  
438.382	1847.97 
438.823	2050.52 
439.264	2194.86 
439.706	2253.06 
440.147	2432.33 
440.588	2658.16 
441.029	2653.51 
441.47	2856.05  
441.911	3070.24 
442.352	3361.26 
442.793	3500.95 
443.234	3745.41 
443.675	3973.56 
444.116	4308.82 
444.556	4546.29 
444.997	4779.1  
445.438	5074.78 
445.878	5496.17 
446.319	5840.74 
446.759	6313.35 
447.199	6383.2  
447.64	7237.63  
448.08	7347.05  
448.52	7929.09  
448.961	8504.14 
449.401	9144.38 
449.841	9530.85 
450.281	10632.06
450.721	11365.43
451.161	11938.15
451.601	12801.9 
452.041	13777.39
452.48	14808.76 
452.92	15467.62 
453.36	16205.65 
453.799	16959.97
454.239	18135.68
454.679	18792.22
455.118	19558.18
455.557	20026.14
455.997	20929.46
456.436	21748.96
456.875	22584.77
457.315	23350.73
457.754	24905.93
458.193	24877.99
458.632	25995.5 
459.071	27429.64
459.51	27252.7  
459.949	27564.67
460.388	27918.55
460.827	28449.37
461.265	27625.21
461.704	27075.76
462.143	26686.96
462.581	25918.67
463.02	25797.61 
463.458	24095.74
463.897	23560.26
464.335	22691.86
464.774	21702.4 
465.212	21348.52
465.65	20161.17 
466.088	20051.75
466.527	19660.62
466.965	18433.68
467.403	18564.06
467.841	17677.04
468.279	17306.86
468.716	16766.73
469.154	16068.29
469.592	15011.31
470.03	15113.75 
470.467	14173.17
470.905	13828.61
471.343	13055.66
471.78	12648.24 
472.218	12191.92
472.655	12061.55
473.092	11656.45
473.53	11283.94 
473.967	11183.83
474.404	11086.05
474.841	10857.89
475.278	10841.6 
475.716	10571.53
476.153	10497.03
476.589	10718.21
477.026	10366.65
477.463	10313.11
477.9	10108.23  
478.337	9968.54 
478.773	9556.46 
479.21	9228.19  
479.647	8678.75 
480.083	8268.99 
480.52	8161.9   
480.956	7631.08 
481.392	7391.28 
481.829	7251.59 
482.265	6907.03 
482.701	6480.98 
483.137	6434.42 
483.574	6096.83 
484.01	6301.71  
484.446	5924.55 
484.882	5798.83 
485.317	5645.17 
485.753	5379.76 
486.189	5305.26 
486.625	5051.5  
487.061	4853.6  
487.496	4907.15 
487.932	4555.6  
488.367	4313.47 
488.803	4320.46 
489.238	3966.58 
489.674	3787.31 
490.109	3696.51 
490.544	3538.2  
490.979	3456.72 
491.415	3265.81 
491.85	3154.06  
492.285	3130.78 
492.72	3056.27  
493.155	3086.54 
493.59	2972.46  
494.024	2986.43 
494.459	2844.41 
494.894	2728.01 
495.329	2588.32 
495.763	2667.47 
496.198	2544.08 
496.632	2485.88 
497.067	2385.77 
497.501	2283.33 
497.936	2192.53 
498.37	2090.09  
498.804	2073.8  
499.238	1936.44 
499.673	1866.59 
500.107	1847.97 
500.541	1768.81 
500.975	1743.2  
501.409	1584.89 
501.843	1522.03 
502.277	1517.37 
502.71	1477.79  
503.144	1447.53 
503.578	1340.43 
504.011	1335.77 
504.445	1356.73 
504.878	1314.82 
505.312	1224.02 
505.745	1291.54 
506.179	1242.65 
506.612	1240.32 
507.045	1186.77 
507.479	1200.74 
507.912	1119.26 
508.345	1135.55 
508.778	1088.99 
509.211	1065.71 
509.644	1058.72 
510.077	1065.71 
510.509	988.88  
510.942	905.07  
511.375	958.61  
511.808	956.29  
512.24	930.68   
512.673	907.4   
513.105	944.65  
513.538	891.1   
513.97	807.28   
514.403	788.66  
514.835	767.71  
515.267	814.27  
515.699	849.19  
516.131	830.57  
516.564	779.35  
516.996	809.61  
517.428	823.58  
517.859	809.61  
518.291	814.27  
518.723	830.57  
519.155	765.38  
519.587	669.92  
520.018	700.19  
520.45	679.24   
520.881	651.3   
521.313	669.92  
521.744	621.03  
522.176	660.61  
522.607	704.85  
523.038	662.94  
523.47	667.6    
523.901	602.41  
524.332	611.72  
524.763	621.03  
525.194	614.05  
525.625	607.06  
526.056	648.97  
526.487	583.78  
526.917	597.75  
527.348	597.75  
527.779	623.36  
528.21	644.31   
528.64	630.35   
529.071	567.49  
529.501	562.83  
529.932	658.28  
530.362	609.39  
530.792	574.47  
531.222	579.13  
531.653	516.27  
532.083	597.75  
532.513	623.36  
532.943	560.5   
533.373	609.39  
533.803	567.49  
534.233	572.14  
534.663	588.44  
535.092	511.61  
535.522	553.52  
535.952	523.25  
536.381	544.2   
536.811	502.3   
537.24	597.75   
537.67	544.2    
538.099	576.8   
538.529	525.58  
538.958	458.06  
539.387	479.02  
539.816	511.61  
540.245	583.78  
540.674	520.92  
541.103	516.27  
541.532	502.3   
541.961	537.22  
542.39	616.38   
542.819	532.56  
543.248	581.45  
543.676	625.69  
544.105	551.19  
544.534	628.02  
544.962	590.77  
545.391	600.08  
545.819	595.42  
546.247	548.86  
546.676	516.27  
547.104	600.08  
547.532	516.27  
547.96	588.44   
548.388	560.5   
548.816	520.92  
549.244	539.55  
549.672	511.61  
550.1	595.42    
550.528	567.49  
550.956	513.94  
551.383	504.63  
551.811	541.88  
552.238	499.97  
552.666	537.22  
553.094	572.14  
553.521	497.64  
553.948	451.08  
554.376	495.31  
554.803	513.94  
555.23	530.24   
555.657	520.92  
556.084	506.95  
556.511	576.8   
556.938	492.99  
557.365	448.75  
557.792	541.88  
558.219	502.3   
558.646	546.53  
559.072	518.59  
559.499	534.89  
559.926	506.95  
560.352	518.59  
560.779	546.53  
561.205	499.97  
561.632	474.36  
562.058	576.8   
562.484	541.88  
562.91	490.66   
563.337	499.97  
563.763	513.94  
564.189	495.31  
564.615	511.61  
565.041	527.91  
565.466	513.94  
565.892	488.33  
566.318	479.02  
566.744	523.25  
567.169	434.78  
567.595	534.89  
568.021	520.92  
568.446	399.86  
568.872	492.99  
569.297	509.28  
569.722	497.64  
570.148	481.34  
570.573	490.66  
570.998	476.69  
571.423	430.13  
571.848	465.05  
572.273	467.38  
572.698	532.56  
573.123	469.7   
573.548	474.36  
573.973	430.13  
574.397	446.42  
574.822	525.58  
575.247	520.92  
575.671	537.22  
576.096	534.89  
576.52	453.41   
576.944	516.27  
577.369	472.03  
577.793	467.38  
578.217	474.36  
578.641	513.94  
579.065	502.3   
579.49	458.06   
579.914	497.64  
580.337	495.31  
580.761	511.61  
581.185	476.69  
581.609	516.27  
582.033	497.64  
582.456	474.36  
582.88	518.59   
583.303	404.52  
583.727	474.36  
584.15	502.3    
584.574	444.09  
584.997	523.25  
585.42	441.77   
585.844	541.88  
586.267	509.28  
586.69	434.78   
587.113	455.73  
587.536	474.36  
587.959	427.8   
588.382	527.91  
588.804	490.66  
589.227	430.13  
589.65	490.66   
590.073	472.03  
590.495	458.06  
590.918	504.63  
591.34	455.73   
591.763	481.34  
592.185	499.97  
592.607	497.64  
593.03	451.08   
593.452	448.75  
593.874	499.97  
594.296	481.34  
594.718	465.05  
595.14	492.99   
595.562	492.99  
595.984	509.28  
596.406	490.66  
596.827	532.56  
597.249	439.44  
597.671	458.06  
598.092	513.94  
598.514	462.72  
598.935	441.77  
599.357	516.27  
599.778	479.02  
600.199	539.55  
600.621	504.63  
601.042	399.86  
601.463	502.3   
601.884	465.05  
602.305	425.47  
602.726	455.73  
603.147	481.34  
603.568	369.59  
603.988	490.66  
604.409	523.25  
604.83	430.13   
605.25	486      
605.671	551.19  
606.092	444.09  
606.512	418.48  
606.932	418.48  
607.353	432.45  
607.773	492.99  
608.193	486     
608.613	439.44  
609.034	453.41  
609.454	399.86  
609.874	467.38  
610.293	427.8   
610.713	497.64  
611.133	490.66  
611.553	495.31  
611.973	413.83  
612.392	458.06  
612.812	469.7   
613.231	476.69  
613.651	474.36  
614.07	483.67   
614.49	483.67   
614.909	423.14  
615.328	437.11  
615.747	462.72  
616.167	462.72  
616.586	406.84  
617.005	506.95  
617.424	499.97  
617.843	448.75  
618.261	513.94  
618.68	481.34   
619.099	469.7   
619.518	420.81  
619.936	418.48  
620.355	409.17  
620.773	499.97  
621.192	423.14  
621.61	455.73   
622.029	486     
622.447	476.69  
622.865	397.53  
623.283	483.67  
623.701	453.41  
624.119	502.3   
624.537	488.33  
624.955	430.13  
625.373	434.78  
625.791	504.63  
626.209	481.34  
626.627	469.7   
627.044	492.99  
627.462	439.44  
627.879	451.08  
628.297	411.5   
628.714	469.7   
629.132	504.63  
629.549	437.11  
629.966	437.11  
630.383	418.48  
630.8	516.27    
631.217	483.67  
631.634	430.13  
632.051	402.19  
632.468	462.72  
632.885	483.67  
633.302	467.38  
633.719	474.36  
634.135	483.67  
634.552	430.13  
634.969	523.25  
635.385	465.05  
635.801	444.09  
636.218	434.78  
636.634	446.42  
637.05	423.14   
637.467	416.16  
637.883	486     
638.299	420.81  
638.715	406.84  
639.131	446.42  
639.547	406.84  
639.963	427.8   
640.378	441.77  
640.794	490.66  
641.21	420.81   
641.626	402.19  
642.041	490.66  
642.457	357.95  
642.872	448.75  
643.287	395.2   
643.703	451.08  
644.118	416.16  
644.533	432.45  
644.948	418.48  
645.364	474.36  
645.779	441.77  
646.194	444.09  
646.609	488.33  
647.023	444.09  
647.438	411.5   
647.853	413.83  
648.268	453.41  
648.682	437.11  
649.097	467.38  
649.511	483.67  
649.926	460.39  
650.34	388.22   
650.755	439.44  
651.169	469.7   
651.583	467.38  
651.997	451.08  
652.411	425.47  
652.825	441.77  
653.239	446.42  
653.653	423.14  
654.067	465.05  
654.481	532.56  
654.895	441.77  
655.309	495.31  
655.722	474.36  
656.136	406.84  
656.549	474.36  
656.963	479.02  
657.376	404.52  
657.79	453.41   
658.203	448.75  
658.616	430.13  
659.029	502.3   
659.442	437.11  
659.855	481.34  
660.268	506.95  
660.681	381.23  
661.094	346.31  
661.507	434.78  
661.92	411.5    
662.333	446.42  
662.745	462.72  
663.158	399.86  
663.57	453.41   
663.983	441.77  
664.395	462.72  
664.808	462.72  
665.22	425.47   
665.632	453.41  
666.044	492.99  
666.456	462.72  
666.868	430.13  
667.28	467.38   
667.692	523.25  
668.104	439.44  
668.516	425.47  
668.928	418.48  
669.34	399.86   
669.751	376.58  
670.163	427.8   
670.574	406.84  
670.986	416.16  
671.397	509.28  
671.809	460.39  
672.22	425.47   
672.631	486     
673.042	397.53  
673.453	374.25  
673.864	441.77  
674.275	453.41  
674.686	413.83  
675.097	392.87  
675.508	506.95  
675.919	371.92  
676.33	453.41   
676.74	418.48   
677.151	413.83  
677.561	511.61  
677.972	425.47  
678.382	527.91  
678.792	388.22  
679.203	479.02  
679.613	439.44  
680.023	416.16  
680.433	448.75  
680.843	444.09  
681.253	451.08  
681.663	418.48  
682.073	444.09  
682.483	343.98  
682.893	430.13  
683.302	423.14  
683.712	486     
684.122	448.75  
684.531	453.41  
684.94	437.11   
685.35	446.42   
685.759	483.67  
686.168	492.99  
686.578	458.06  
686.987	392.87  
687.396	444.09  
687.805	476.69  
688.214	453.41  
688.623	437.11  
689.032	432.45  
689.44	364.94   
689.849	465.05  
690.258	416.16  
690.666	462.72  
691.075	404.52  
691.484	437.11  
691.892	434.78  
692.3	490.66    
692.709	434.78  
693.117	469.7   
693.525	490.66  
693.933	434.78  
694.341	416.16  
694.749	439.44  
695.157	348.64  
695.565	434.78  
695.973	406.84  
696.381	364.94  
696.788	395.2   
697.196	409.17  
697.604	467.38  
698.011	420.81  
698.419	465.05  
698.826	432.45  
699.234	416.16  
699.641	455.73  
700.048	465.05  
700.455	467.38  
700.862	395.2   
701.269	499.97  
701.676	439.44  
702.083	425.47  
702.49	497.64   
702.897	469.7   
703.304	472.03  
703.71	409.17   
704.117	425.47  
704.524	525.58  
704.93	474.36   
705.337	532.56  
705.743	416.16  
706.149	439.44  
706.556	451.08  
706.962	402.19  
707.368	460.39  
707.774	420.81  
708.18	455.73   
708.586	423.14  
708.992	399.86  
709.398	390.55  
709.804	455.73  
710.209	364.94  
710.615	395.2   
711.021	518.59  
711.426	499.97  
711.832	411.5   
712.237	413.83  
712.642	390.55  
713.048	416.16  
713.453	453.41  
713.858	385.89  
714.263	446.42  
714.668	444.09  
715.073	462.72  
715.478	430.13  
715.883	446.42  
716.288	504.63  
716.693	420.81  
717.097	453.41  
717.502	423.14  
717.906	481.34  
718.311	441.77  
718.715	427.8   
719.12	453.41   
719.524	483.67  
719.928	430.13  
720.333	437.11  
720.737	467.38  
721.141	406.84  
721.545	467.38  
721.949	492.99  
722.353	406.84  
722.757	455.73  
723.16	504.63   
723.564	423.14  
723.968	472.03  
724.371	444.09  
724.775	448.75  
725.178	492.99  
725.582	479.02  
725.985	448.75  
726.388	486     
726.792	437.11  
727.195	416.16  
727.598	390.55  
728.001	376.58  
728.404	502.3   
728.807	425.47  
729.21	411.5    
729.612	425.47  
730.015	409.17  
730.418	416.16  
730.82	434.78   
731.223	544.2   
731.625	397.53  
732.028	406.84  
732.43	388.22   
732.833	383.56  
733.235	492.99  
733.637	439.44  
734.039	420.81  
734.441	416.16  
734.843	441.77  
735.245	444.09  
735.647	446.42  
736.049	455.73  
736.451	406.84  
736.852	399.86  
737.254	439.44  
737.655	420.81  
738.057	513.94  
738.458	374.25  
738.86	458.06   
739.261	465.05  
739.662	451.08  
740.064	427.8   
740.465	413.83  
740.866	451.08  
741.267	444.09  
741.668	502.3   
742.069	430.13  
742.469	427.8   
742.87	432.45   
743.271	439.44  
743.672	448.75  
744.072	455.73  
744.473	420.81  
744.873	427.8   
745.274	432.45  
745.674	469.7   
746.074	425.47  
746.474	409.17  
746.875	453.41  
747.275	395.2   
747.675	432.45  
748.075	425.47  
748.474	374.25  
748.874	453.41  
749.274	399.86  
749.674	479.02  
750.073	355.62  
750.473	343.98  
750.873	411.5   
751.272	439.44  
751.671	409.17  
752.071	423.14  
752.47	462.72   
752.869	455.73  
753.268	413.83  
753.668	397.53  
754.067	446.42  
754.466	448.75  
754.864	439.44  
755.263	427.8   
755.662	444.09  
756.061	397.53  
756.459	427.8   
756.858	469.7   
757.257	383.56  
757.655	434.78  
758.053	420.81  
758.452	374.25  
758.85	399.86   
759.248	395.2   
759.646	458.06  
760.045	441.77  
760.443	451.08  
760.841	523.25  
761.238	399.86  
761.636	469.7   
762.034	460.39  
762.432	413.83  
762.829	395.2   
763.227	430.13  
763.625	399.86  
764.022	516.27  
764.419	465.05  
764.817	492.99  
765.214	460.39  
765.611	453.41  
766.008	418.48  
766.406	355.62  
766.803	486     
767.199	404.52  
767.596	392.87  
767.993	476.69  
768.39	451.08   
768.787	418.48  
769.183	404.52  
769.58	469.7    
769.977	343.98  
770.373	423.14  
770.769	430.13  
771.166	437.11  
771.562	460.39  
771.958	411.5   
772.354	465.05  
772.75	451.08   
773.146	406.84  
773.542	395.2   
773.938	385.89  
774.334	430.13  
774.73	479.02   
775.126	448.75  
775.521	455.73  
775.917	455.73  
776.312	451.08  
776.708	423.14  
777.103	385.89  
777.499	434.78  
777.894	476.69  
778.289	395.2   
778.684	376.58  
779.079	413.83  
779.474	355.62  
779.869	497.64  
780.264	451.08  
780.659	423.14  
781.054	357.95  
781.448	423.14  
781.843	502.3   
782.238	427.8   
782.632	432.45  
783.027	465.05  
783.421	413.83  
783.815	411.5   
784.21	434.78   
784.604	409.17  
784.998	420.81  
785.392	530.24  
785.786	390.55  
786.18	434.78   
786.574	392.87  
786.968	506.95  
787.361	406.84  
787.755	392.87  
788.149	523.25  
788.542	404.52  
788.936	385.89  
789.329	560.5   
789.722	413.83  
790.116	404.52  
790.509	362.61  
790.902	427.8   
791.295	413.83  
791.688	367.27  
792.081	409.17  
792.474	420.81  
792.867	402.19  
793.26	390.55   
793.653	441.77  
794.045	411.5   
794.438	413.83  
794.83	427.8    
795.223	462.72  
795.615	362.61  
796.008	423.14  
796.4	441.77    
796.792	392.87  
797.184	453.41  
797.576	392.87  
797.968	413.83  
798.36	404.52   
798.752	432.45  
799.144	481.34  
799.536	418.48  
799.928	451.08  
800.319	418.48  
800.711	506.95  
801.102	532.56  
801.494	458.06  
801.885	469.7   
802.276	430.13  
802.668	413.83  
803.059	409.17  
803.45	474.36   
803.841	474.36  
804.232	465.05  
804.623	437.11  
805.014	369.59  
805.405	406.84  
805.795	434.78  
806.186	439.44  
806.577	430.13  
806.967	444.09  
807.358	411.5   
807.748	425.47  
808.139	390.55  
808.529	395.2   
808.919	439.44  
809.309	427.8   
809.699	392.87  
810.089	434.78  
810.479	348.64  
810.869	506.95  
811.259	430.13  
811.649	409.17  
812.039	360.28  
812.428	381.23  
812.818	367.27  
813.207	395.2   
813.597	458.06  
813.986	411.5   
814.376	439.44  
814.765	455.73  
815.154	465.05  
815.543	357.95  
815.932	460.39  
816.321	409.17  
816.71	420.81   
817.099	448.75  
817.488	334.67  
817.877	385.89  
818.265	504.63  
818.654	427.8   
819.043	427.8   
819.431	411.5   
819.819	381.23  
820.208	427.8   
820.596	434.78  
820.984	406.84  
821.372	371.92  
821.761	472.03  
822.149	416.16  
822.537	467.38  
822.924	439.44  
823.312	518.59  
823.7	472.03    
824.088	383.56  
824.475	446.42  
824.863	469.7   
825.251	411.5   
825.638	411.5   
826.025	376.58  
826.413	420.81  
826.8	506.95    
827.187	441.77  
827.574	474.36  
827.961	423.14  
828.348	404.52  
828.735	385.89  
829.122	399.86  
829.509	411.5   
829.896	441.77  
830.282	460.39  
830.669	423.14  
831.055	453.41  
831.442	446.42  
831.828	479.02  
832.215	381.23  
832.601	413.83  
832.987	430.13  
833.373	472.03  
833.759	506.95  
834.145	388.22  
834.531	460.39  
834.917	432.45  
835.303	420.81  
835.689	423.14  
836.074	350.97  
836.46	413.83   
836.846	385.89  
837.231	399.86  
837.617	409.17  
838.002	383.56  
838.387	432.45  
838.772	465.05  
839.158	439.44  
839.543	369.59  
839.928	427.8   
840.313	357.95  
840.698	439.44  
841.082	437.11  
841.467	458.06  
841.852	430.13  
842.237	339.33  
842.621	437.11  
843.006	481.34  
843.39	367.27   
843.774	455.73  
844.159	460.39  
844.543	406.84  
844.927	448.75  
845.311	432.45  
845.695	374.25  
846.079	427.8   
846.463	467.38  
846.847	427.8   
847.231	460.39  
847.615	451.08  
847.998	425.47  
848.382	451.08  
848.765	439.44  
849.149	427.8   
849.532	385.89  
849.916	383.56  
850.299	460.39  
850.682	418.48  
851.065	397.53  
851.448	465.05  
851.831	413.83  
852.214	460.39  
852.597	472.03  
852.98	397.53   
853.363	481.34  
853.745	413.83  
854.128	427.8   
854.51	406.84   
854.893	495.31  
855.275	360.28  
855.658	437.11  
856.04	448.75   
856.422	420.81  
856.804	423.14  
857.186	337     
857.568	458.06  
857.95	413.83   
858.332	413.83  
858.714	371.92  
859.096	446.42  
859.477	465.05  
859.859	437.11  
860.24	465.05   
860.622	397.53  
861.003	364.94  
861.385	453.41  
861.766	453.41  
862.147	453.41  
862.528	383.56  
862.909	423.14  
863.29	402.19   
863.671	448.75  
864.052	383.56  
864.433	413.83  
864.814	390.55  
865.194	465.05  
865.575	469.7   
865.955	488.33  
866.336	460.39  
866.716	504.63  
867.097	453.41  
867.477	437.11  
867.857	409.17  
868.237	441.77  
868.617	479.02  
868.997	411.5   
869.377	378.91  
869.757	420.81  
870.137	469.7   
870.517	427.8   
870.896	465.05  
871.276	462.72  
871.655	465.05  
872.035	376.58  
872.414	458.06  
872.794	411.5   
873.173	378.91  
873.552	406.84  
873.931	395.2   
874.31	371.92   
874.689	371.92  
875.068	411.5   
875.447	397.53  
875.826	465.05  
876.205	481.34  
876.583	472.03  
876.962	446.42  
877.341	444.09  
877.719	397.53  
878.097	374.25  
878.476	411.5   
878.854	467.38  
879.232	434.78  
879.61	397.53   
879.988	451.08  
880.366	492.99  
880.744	492.99  
881.122	434.78  
881.5	406.84    
881.878	427.8   
882.255	355.62  
882.633	467.38  
883.011	430.13  
883.388	448.75  
883.765	402.19  
884.143	423.14  
884.52	399.86   
884.897	469.7   
885.274	348.64  
885.651	404.52  
886.028	451.08  
886.405	378.91  
886.782	381.23  
887.159	465.05  
887.536	437.11  
887.912	343.98  
888.289	448.75  
888.665	439.44  
889.042	532.56  
889.418	444.09  
889.794	430.13  
890.171	423.14  
890.547	381.23  
890.923	446.42  
891.299	406.84  
891.675	330.01  
892.051	423.14  
892.427	467.38  
892.803	406.84  
893.178	402.19  
893.554	432.45  
893.929	427.8   
894.305	404.52  
894.68	509.28   
895.056	437.11  
895.431	474.36  
895.806	420.81  
896.181	441.77  
896.557	416.16  
896.932	434.78  
897.307	416.16  
897.681	483.67  
898.056	441.77  
898.431	495.31  
898.806	430.13  
899.18	453.41   
899.555	369.59  
899.929	409.17  
900.304	437.11  
900.678	381.23  
901.052	416.16  
901.427	411.5   
901.801	448.75  
902.175	523.25  
902.549	383.56  
902.923	369.59  
903.297	413.83  
903.67	381.23   
904.044	409.17  
904.418	409.17  
904.791	448.75  
905.165	474.36  
905.538	388.22  
905.912	467.38  
906.285	406.84  
906.658	390.55  
907.032	444.09  
907.405	416.16  
907.778	409.17  
908.151	378.91  
908.524	448.75  
908.896	420.81  
909.269	392.87  
909.642	406.84  
910.015	434.78  
910.387	492.99  
910.76	469.7    
911.132	474.36  
911.504	467.38  
911.877	453.41  
912.249	458.06  
912.621	427.8   
912.993	406.84  
913.365	348.64  
913.737	364.94  
914.109	413.83  
914.481	411.5   
914.853	420.81  
915.224	437.11  
915.596	348.64  
915.968	423.14  
916.339	432.45  
916.71	455.73   
917.082	462.72  
917.453	390.55  
917.824	409.17  
918.195	446.42  
918.566	453.41  
918.937	360.28  
919.308	420.81  
919.679	462.72  
920.05	397.53   
920.421	481.34  
920.791	425.47  
921.162	441.77  
921.532	448.75  
921.903	406.84  
922.273	397.53  
922.644	430.13  
923.014	376.58  
923.384	511.61  
923.754	430.13  
924.124	346.31  
924.494	399.86  
924.864	427.8   
925.234	453.41  
925.604	409.17  
925.973	423.14  
926.343	430.13  
926.712	476.69  
927.082	392.87  
927.451	388.22  
927.821	423.14  
928.19	367.27   
928.559	399.86  
928.928	460.39  
929.297	425.47  
929.666	474.36  
930.035	385.89  
930.404	434.78  
930.773	460.39  
931.142	481.34  
931.51	411.5    
931.879	441.77  
932.247	458.06  
932.616	413.83  
932.984	378.91  
933.353	437.11  
933.721	479.02  
934.089	465.05  
934.457	371.92  
934.825	472.03  
935.193	430.13  
935.561	381.23  
935.929	439.44  
936.296	458.06  
936.664	392.87  
937.032	506.95  
937.399	416.16  
937.767	367.27  
938.134	413.83  
938.501	413.83  
938.869	446.42  
939.236	416.16  
939.603	465.05  
939.97	330.01   
940.337	465.05  
940.704	448.75  
941.071	453.41  
941.438	397.53  
941.804	348.64  
942.171	430.13  
942.538	469.7   
942.904	406.84  
943.27	425.47   
943.637	404.52  
944.003	409.17  
944.369	488.33  
944.735	434.78  
945.102	420.81  
945.468	399.86  
945.833	467.38  
946.199	413.83  
946.565	453.41  
946.931	465.05  
947.296	369.59  
947.662	455.73  
948.028	437.11  
948.393	374.25  
948.758	472.03  
949.124	462.72  
949.489	392.87  
949.854	458.06  
950.219	362.61  
950.584	472.03  
950.949	481.34  
951.314	483.67  
951.679	423.14  
952.044	430.13  
952.408	434.78  
952.773	434.78  
953.137	360.28  
953.502	409.17  
953.866	437.11  
954.231	476.69  
954.595	439.44  
954.959	416.16  
955.323	518.59  
955.687	448.75  
956.051	432.45  
956.415	418.48  
956.779	439.44  
957.143	392.87  
957.506	460.39  
957.87	418.48   
958.234	411.5   
958.597	371.92  
958.961	520.92  
959.324	395.2   
959.687	406.84  
960.05	418.48   
960.413	402.19  
960.776	425.47  
961.139	455.73  
961.502	355.62  
961.865	411.5   
962.228	390.55  
962.591	444.09  
962.953	504.63  
963.316	437.11  
963.678	395.2   
964.041	397.53  
964.403	346.31  
964.765	395.2   
965.128	439.44  
965.49	446.42   
965.852	378.91  
966.214	451.08  
966.576	483.67  
966.938	404.52  
967.299	420.81  
967.661	402.19  
968.023	413.83  
968.384	420.81  
968.746	451.08  
969.107	460.39  
969.469	404.52  
969.83	418.48   
970.191	395.2   
970.552	446.42  
970.913	497.64  
971.274	395.2   
971.635	462.72  
971.996	427.8   
972.357	369.59  
972.718	497.64  
973.078	483.67  
973.439	369.59  
973.8	425.47    
974.16	392.87   
974.52	441.77   
974.881	397.53  
975.241	420.81  
975.601	406.84  
975.961	413.83  
976.321	385.89  
976.681	448.75  
977.041	479.02  
977.401	458.06  
977.76	446.42   
978.12	404.52   
978.48	418.48   
978.839	371.92  
979.199	423.14  
979.558	364.94  
979.917	437.11  
980.277	416.16  
980.636	425.47  
980.995	413.83  
981.354	432.45  
981.713	425.47  
982.072	369.59  
982.43	425.47   
982.789	413.83  
983.148	357.95  
983.506	416.16  
983.865	444.09  
984.223	364.94  
984.582	427.8   
984.94	395.2    
985.298	402.19  
985.656	416.16  
986.015	460.39  
986.373	406.84  
986.731	357.95  
987.088	385.89  
987.446	378.91  
987.804	432.45  
988.162	406.84  
988.519	455.73  
988.877	362.61  
989.234	444.09  
989.591	423.14  
989.949	425.47  
990.306	434.78  
990.663	360.28  
991.02	388.22   
991.377	451.08  
991.734	406.84  
992.091	411.5   
992.448	439.44  
992.805	406.84  
993.161	423.14  
993.518	392.87  
993.874	432.45  
994.231	371.92  
994.587	444.09  
994.943	404.52  
995.3	357.95    
995.656	404.52  
996.012	434.78  
996.368	476.69  
996.724	483.67  
997.08	404.52   
997.435	390.55  
997.791	337     
998.147	385.89  
998.502	472.03  
998.858	497.64  
999.213	444.09  
999.569	469.7   
999.924	446.42  
1000.279	392.87 
1000.634	488.33 
1000.989	364.94 
1001.344	413.83 
1001.699	453.41 
1002.054	427.8  
1002.409	399.86 
1002.764	441.77 
1003.118	418.48 
1003.473	369.59 
1003.827	453.41 
1004.182	392.87 
1004.536	371.92 
1004.89	378.91  
1005.245	434.78 
1005.599	444.09 
1005.953	404.52 
1006.307	495.31 
1006.661	420.81 
1007.015	453.41 
1007.368	406.84 
1007.722	427.8  
1008.076	371.92 
1008.429	497.64 
1008.783	425.47 
1009.136	448.75 
1009.489	444.09 
1009.843	416.16 
1010.196	399.86 
1010.549	406.84 
1010.902	441.77 
1011.255	504.63 
1011.608	425.47 
1011.961	378.91 
1012.313	439.44 
1012.666	413.83 
1013.019	371.92 
1013.371	374.25 
1013.724	378.91 
1014.076	502.3  
1014.428	427.8  
1014.781	406.84 
1015.133	399.86 
1015.485	369.59 
1015.837	402.19 
1016.189	406.84 
1016.541	420.81 
1016.893	444.09 
1017.244	388.22 
1017.596	432.45 
1017.947	397.53 
1018.299	479.02 
1018.65	388.22  
1019.002	490.66 
1019.353	385.89 
1019.704	481.34 
1020.055	469.7  
1020.407	416.16 
1020.758	402.19 
1021.108	441.77 
1021.459	453.41 
1021.81	451.08  
1022.161	453.41 
1022.511	441.77 
1022.862	497.64 
1023.213	467.38 
1023.563	306.73 
1023.913	439.44 
1024.264	325.36 
1024.614	371.92 
1024.964	423.14 
1025.314	411.5  
1025.664	488.33 
1026.014	406.84 
1026.364	434.78 
1026.713	423.14 
1027.063	404.52 
1027.413	441.77 
1027.762	453.41 
1028.112	453.41 
1028.461	446.42 
1028.81	441.77  
1029.16	385.89  
1029.509	355.62 
1029.858	416.16 
1030.207	323.03 
1030.556	441.77 
1030.905	474.36 
1031.254	465.05 
1031.602	486    
1031.951	434.78 
1032.3	385.89   
1032.648	448.75 
1032.996	448.75 
1033.345	448.75 