187.879	-66.35  
188.346	-66.35  
188.813	-66.35  
189.28	-105.93  
189.747	-192.07 
190.214	-110.59 
190.681	-43.07  
191.148	-54.71  
191.614	-115.24 
192.081	-61.7   
192.548	-57.04  
193.014	-1.16   
193.481	-80.32  
193.948	-17.46  
194.414	-10.48  
194.881	33.76   
195.347	66.35   
195.813	59.37   
196.28	110.59   
196.746	108.26  
197.212	173.45  
197.678	133.87  
198.145	124.56  
198.611	210.7   
199.077	210.7   
199.543	299.17  
200.009	320.12  
200.475	287.53  
200.941	275.89  
201.407	401.61  
201.873	306.15  
202.338	348.06  
202.804	387.64  
203.27	364.35   
203.735	376     
204.201	341.07  
204.667	385.31  
205.132	350.39  
205.598	292.18  
206.063	445.84  
206.529	410.92  
206.994	445.84  
207.459	434.2   
207.925	380.65  
208.39	434.2    
208.855	422.56  
209.32	434.2    
209.785	410.92  
210.25	387.64   
210.715	382.98  
211.18	352.71   
211.645	364.35  
212.11	450.5    
212.575	471.45  
213.04	445.84   
213.504	322.45  
213.969	459.81  
214.434	348.06  
214.899	327.1   
215.363	322.45  
215.828	350.39  
216.292	408.59  
216.757	408.59  
217.221	362.03  
217.685	476.11  
218.15	387.64   
218.614	401.61  
219.078	415.57  
219.542	392.29  
220.007	417.9   
220.471	424.89  
220.935	380.65  
221.399	387.64  
221.863	259.59  
222.327	317.79  
222.791	355.04  
223.254	341.07  
223.718	462.14  
224.182	378.32  
224.646	343.4   
225.109	380.65  
225.573	415.57  
226.037	415.57  
226.5	341.07    
226.964	401.61  
227.427	345.73  
227.89	331.76   
228.354	355.04  
228.817	378.32  
229.28	389.96   
229.744	362.03  
230.207	387.64  
230.67	469.12   
231.133	359.7   
231.596	382.98  
232.059	317.79  
232.522	415.57  
232.985	408.59  
233.448	392.29  
233.911	306.15  
234.374	362.03  
234.836	364.35  
235.299	373.67  
235.762	441.18  
236.224	382.98  
236.687	280.54  
237.149	380.65  
237.612	352.71  
238.074	394.62  
238.537	348.06  
238.999	362.03  
239.461	485.42  
239.924	369.01  
240.386	376     
240.848	352.71  
241.31	233.98   
241.772	343.4   
242.234	373.67  
242.696	431.87  
243.158	378.32  
243.62	329.43   
244.082	345.73  
244.544	394.62  
245.006	385.31  
245.468	322.45  
245.929	427.21  
246.391	413.25  
246.852	441.18  
247.314	408.59  
247.776	434.2   
248.237	355.04  
248.698	427.21  
249.16	394.62   
249.621	448.17  
250.082	415.57  
250.544	389.96  
251.005	350.39  
251.466	389.96  
251.927	399.28  
252.388	378.32  
252.849	429.54  
253.31	355.04   
253.771	364.35  
254.232	373.67  
254.693	341.07  
255.154	413.25  
255.615	380.65  
256.075	399.28  
256.536	348.06  
256.997	396.95  
257.457	357.37  
257.918	415.57  
258.378	410.92  
258.839	431.87  
259.299	396.95  
259.759	366.68  
260.22	420.23   
260.68	389.96   
261.14	334.09   
261.6	392.29    
262.06	376      
262.521	376     
262.981	443.51  
263.441	415.57  
263.901	399.28  
264.36	450.5    
264.82	408.59   
265.28	355.04   
265.74	369.01   
266.2	373.67    
266.659	385.31  
267.119	355.04  
267.579	389.96  
268.038	396.95  
268.498	389.96  
268.957	403.93  
269.416	413.25  
269.876	382.98  
270.335	476.11  
270.794	448.17  
271.254	417.9   
271.713	376     
272.172	417.9   
272.631	455.15  
273.09	408.59   
273.549	452.82  
274.008	427.21  
274.467	452.82  
274.926	438.86  
275.385	331.76  
275.843	462.14  
276.302	480.76  
276.761	392.29  
277.22	408.59   
277.678	378.32  
278.137	415.57  
278.595	424.89  
279.054	399.28  
279.512	378.32  
279.97	452.82   
280.429	382.98  
280.887	420.23  
281.345	424.89  
281.803	317.79  
282.262	415.57  
282.72	366.68   
283.178	371.34  
283.636	448.17  
284.094	478.43  
284.552	438.86  
285.01	464.47   
285.467	420.23  
285.925	441.18  
286.383	380.65  
286.841	399.28  
287.298	504.04  
287.756	422.56  
288.213	399.28  
288.671	382.98  
289.128	476.11  
289.586	357.37  
290.043	441.18  
290.5	443.51    
290.958	436.53  
291.415	394.62  
291.872	441.18  
292.329	352.71  
292.786	443.51  
293.243	387.64  
293.7	455.15    
294.157	385.31  
294.614	415.57  
295.071	415.57  
295.528	438.86  
295.985	429.54  
296.441	394.62  
296.898	378.32  
297.355	382.98  
297.811	399.28  
298.268	403.93  
298.724	422.56  
299.181	485.42  
299.637	492.4   
300.094	410.92  
300.55	436.53   
301.006	408.59  
301.462	385.31  
301.919	434.2   
302.375	394.62  
302.831	434.2   
303.287	452.82  
303.743	394.62  
304.199	387.64  
304.655	441.18  
305.11	438.86   
305.566	410.92  
306.022	436.53  
306.478	480.76  
306.933	473.78  
307.389	385.31  
307.845	389.96  
308.3	396.95    
308.756	392.29  
309.211	415.57  
309.666	427.21  
310.122	410.92  
310.577	452.82  
311.032	376     
311.487	410.92  
311.943	345.73  
312.398	473.78  
312.853	406.26  
313.308	376     
313.763	376     
314.218	459.81  
314.672	369.01  
315.127	438.86  
315.582	408.59  
316.037	362.03  
316.492	389.96  
316.946	462.14  
317.401	455.15  
317.855	410.92  
318.31	476.11   
318.764	392.29  
319.219	345.73  
319.673	457.48  
320.127	413.25  
320.582	376     
321.036	427.21  
321.49	376      
321.944	408.59  
322.398	362.03  
322.852	352.71  
323.306	373.67  
323.76	455.15   
324.214	452.82  
324.668	424.89  
325.122	420.23  
325.575	455.15  
326.029	448.17  
326.483	434.2   
326.936	401.61  
327.39	469.12   
327.843	452.82  
328.297	408.59  
328.75	434.2    
329.204	450.5   
329.657	469.12  
330.11	420.23   
330.564	410.92  
331.017	387.64  
331.47	459.81   
331.923	436.53  
332.376	450.5   
332.829	362.03  
333.282	359.7   
333.735	394.62  
334.188	476.11  
334.641	380.65  
335.093	406.26  
335.546	429.54  
335.999	455.15  
336.451	464.47  
336.904	350.39  
337.356	438.86  
337.809	431.87  
338.261	378.32  
338.714	369.01  
339.166	452.82  
339.618	399.28  
340.07	436.53   
340.523	448.17  
340.975	415.57  
341.427	420.23  
341.879	406.26  
342.331	434.2   
342.783	380.65  
343.235	382.98  
343.687	413.25  
344.138	434.2   
344.59	448.17   
345.042	378.32  
345.494	459.81  
345.945	441.18  
346.397	448.17  
346.848	343.4   
347.3	378.32    
347.751	417.9   
348.203	385.31  
348.654	492.4   
349.105	387.64  
349.556	429.54  
350.008	364.35  
350.459	455.15  
350.91	364.35   
351.361	350.39  
351.812	427.21  
352.263	450.5   
352.714	490.07  
353.165	464.47  
353.615	452.82  
354.066	401.61  
354.517	441.18  
354.968	434.2   
355.418	406.26  
355.869	410.92  
356.319	417.9   
356.77	445.84   
357.22	406.26   
357.671	434.2   
358.121	483.09  
358.571	494.73  
359.021	485.42  
359.472	382.98  
359.922	471.45  
360.372	429.54  
360.822	450.5   
361.272	380.65  
361.722	441.18  
362.172	485.42  
362.622	525     
363.071	459.81  
363.521	443.51  
363.971	455.15  
364.42	399.28   
364.87	506.37   
365.32	436.53   
365.769	382.98  
366.219	429.54  
366.668	401.61  
367.117	408.59  
367.567	401.61  
368.016	478.43  
368.465	445.84  
368.914	399.28  
369.363	462.14  
369.812	408.59  
370.261	469.12  
370.71	355.04   
371.159	401.61  
371.608	457.48  
372.057	401.61  
372.506	529.65  
372.955	478.43  
373.403	436.53  
373.852	445.84  
374.301	464.47  
374.749	396.95  
375.198	422.56  
375.646	378.32  
376.094	466.79  
376.543	378.32  
376.991	424.89  
377.439	450.5   
377.887	392.29  
378.336	441.18  
378.784	443.51  
379.232	387.64  
379.68	450.5    
380.128	399.28  
380.576	408.59  
381.023	424.89  
381.471	410.92  
381.919	497.06  
382.367	359.7   
382.814	429.54  
383.262	490.07  
383.71	394.62   
384.157	445.84  
384.605	410.92  
385.052	483.09  
385.499	401.61  
385.947	427.21  
386.394	387.64  
386.841	385.31  
387.288	438.86  
387.735	473.78  
388.182	490.07  
388.63	490.07   
389.076	417.9   
389.523	431.87  
389.97	410.92   
390.417	410.92  
390.864	415.57  
391.311	443.51  
391.757	455.15  
392.204	441.18  
392.651	441.18  
393.097	452.82  
393.544	462.14  
393.99	406.26   
394.436	483.09  
394.883	408.59  
395.329	406.26  
395.775	387.64  
396.221	392.29  
396.668	429.54  
397.114	508.7   
397.56	457.48   
398.006	396.95  
398.452	464.47  
398.897	459.81  
399.343	396.95  
399.789	445.84  
400.235	452.82  
400.681	378.32  
401.126	445.84  
401.572	462.14  
402.017	396.95  
402.463	415.57  
402.908	457.48  
403.354	480.76  
403.799	378.32  
404.244	438.86  
404.689	466.79  
405.135	469.12  
405.58	438.86   
406.025	471.45  
406.47	417.9    
406.915	497.06  
407.36	441.18   
407.805	427.21  
408.25	457.48   
408.694	382.98  
409.139	422.56  
409.584	413.25  
410.029	471.45  
410.473	459.81  
410.918	459.81  
411.362	394.62  
411.807	422.56  
412.251	457.48  
412.695	483.09  
413.14	478.43   
413.584	422.56  
414.028	431.87  
414.472	464.47  
414.916	434.2   
415.36	441.18   
415.804	427.21  
416.248	492.4   
416.692	401.61  
417.136	490.07  
417.58	534.31   
418.024	485.42  
418.467	420.23  
418.911	455.15  
419.355	457.48  
419.798	436.53  
420.242	478.43  
420.685	469.12  
421.128	508.7   
421.572	515.68  
422.015	476.11  
422.458	483.09  
422.902	515.68  
423.345	550.61  
423.788	613.47  
424.231	501.72  
424.674	583.2   
425.117	627.44  
425.56	627.44   
426.003	587.86  
426.445	559.92  
426.888	634.42  
427.331	548.28  
427.773	618.12  
428.216	687.97  
428.659	697.28  
429.101	739.19  
429.543	806.7   
429.986	799.72  
430.428	802.05  
430.87	876.55   
431.313	888.19  
431.755	932.42  
432.197	923.11  
432.639	1018.56 
433.081	1093.06 
433.523	1074.44 
433.965	1190.85 
434.407	1274.66 
434.849	1377.1  
435.291	1367.79 
435.732	1460.91 
436.174	1630.87 
436.616	1621.55 
437.057	1821.77 
437.499	1900.93 
437.94	2017.34  
438.382	2070.89 
438.823	2164.01 
439.264	2385.19 
439.706	2517.89 
440.147	2524.88 
440.588	2736.74 
441.029	2950.93 
441.47	3141.83  
441.911	3132.52 
442.352	3542.28 
442.793	3884.51 
443.234	4005.58 
443.675	4515.44 
444.116	4757.57 
444.556	5102.13 
444.997	5311.67 
445.438	5851.8  
445.878	6152.13 
446.319	6375.63 
446.759	6827.29 
447.199	7360.44 
447.64	7709.66  
448.08	8321.96  
448.52	8755     
448.961	9162.42 
449.401	10154.21
449.841	10701.33
450.281	11450.99
450.721	12542.89
451.161	13103.97
451.601	14135.34
452.041	15252.85
452.48	16167.81 
452.92	17117.7  
453.36	17748.63 
453.799	18249.18
454.239	19571.56
454.679	20449.28
455.118	21315.35
455.557	21913.68
455.997	22877.53
456.436	23403.69
456.875	23892.6 
457.315	25350.02
457.754	26958.77
458.193	26746.91
458.632	27913.31
459.071	29116.97
459.51	28807.32 
459.949	29643.13
460.388	29901.55
460.827	30427.71
461.265	29894.57
461.704	28993.57
462.143	28304.44
462.581	27720.08
463.02	27503.56 
463.458	25859.89
463.897	25450.14
464.335	24579.41
464.774	23180.19
465.212	22768.11
465.65	21624.99 
466.088	21182.64
466.527	21138.41
466.965	19694.96
467.403	19608.82
467.841	19015.14
468.279	18430.77
468.716	18086.21
469.154	16894.2 
469.592	16000.19
470.03	16056.06 
470.467	15313.38
470.905	14838.44
471.343	13865.28
471.78	13450.87 
472.218	13157.52
472.655	12733.8 
473.092	12263.51
473.53	12023.71 
473.967	11728.04
474.404	11702.43
474.841	11644.23
475.278	11343.89
475.716	11229.82
476.153	11243.78
476.589	11423.05
477.026	11113.41
477.463	11197.22
477.9	10752.55  
478.337	10335.81
478.773	10212.42
479.21	9688.58  
479.647	9353.33 
480.083	8904    
480.52	8661.87  
480.956	8275.4  
481.392	7872.63 
481.829	7532.72 
482.265	7262.65 
482.701	6955.34 
483.137	6943.7  
483.574	6559.55 
484.01	6650.35  
484.446	6305.79 
484.882	6166.1  
485.317	5914.66 
485.753	5758.67 
486.189	5707.45 
486.625	5623.64 
487.061	5134.73 
487.496	4948.48 
487.932	4878.63 
488.367	4745.93 
488.803	4410.67 
489.238	4319.88 
489.674	3956.69 
490.109	3931.08 
490.544	3861.23 
490.979	3763.45 
491.415	3637.73 
491.85	3363.01  
492.285	3351.37 
492.72	3148.82  
493.155	3090.61 
493.59	3060.35  
494.024	2978.86 
494.459	2925.32 
494.894	2853.14 
495.329	2813.57 
495.763	2697.16 
496.198	2706.47 
496.632	2545.83 
497.067	2401.48 
497.501	2462.02 
497.936	2315.34 
498.37	2287.4   
498.804	2080.2  
499.238	2003.37 
499.673	2056.92 
500.107	1882.31 
500.541	1812.46 
500.975	1684.41 
501.409	1721.66 
501.843	1710.02 
502.277	1619.23 
502.71	1514.46  
503.144	1547.05 
503.578	1486.52 
504.011	1561.02 
504.445	1477.21 
504.878	1421.33 
505.312	1311.91 
505.745	1309.58 
506.179	1211.8  
506.612	1323.55 
507.045	1225.77 
507.479	1225.77 
507.912	1165.24 
508.345	1204.82 
508.778	1060.47 
509.211	1062.8  
509.644	1034.86 
510.077	1097.72 
510.509	972     
510.942	992.95  
511.375	990.63  
511.808	860.25  
512.24	913.8    
512.673	892.84  
513.105	960.36  
513.538	962.69  
513.97	902.16   
514.403	813.69  
514.835	876.55  
515.267	860.25  
515.699	790.41  
516.131	806.7   
516.564	757.81  
516.996	799.72  
517.428	841.63  
517.859	797.39  
518.291	820.67  
518.723	739.19  
519.155	764.8   
519.587	701.94  
520.018	690.3   
520.45	697.28   
520.881	687.97  
521.313	701.94  
521.744	697.28  
522.176	660.03  
522.607	680.98  
523.038	634.42  
523.47	692.62   
523.901	680.98  
524.332	625.11  
524.763	622.78  
525.194	622.78  
525.625	566.9   
526.056	692.62  
526.487	664.69  
526.917	592.51  
527.348	536.64  
527.779	564.58  
528.21	627.44   
528.64	641.4    
529.071	597.17  
529.501	625.11  
529.932	573.89  
530.362	557.59  
530.792	550.61  
531.222	655.37  
531.653	599.5   
532.083	578.54  
532.513	629.76  
532.943	501.72  
533.373	487.75  
533.803	543.62  
534.233	604.15  
534.663	536.64  
535.092	536.64  
535.522	501.72  
535.952	529.65  
536.381	569.23  
536.811	555.26  
537.24	573.89   
537.67	490.07   
538.099	550.61  
538.529	604.15  
538.958	597.17  
539.387	615.79  
539.816	462.14  
540.245	562.25  
540.674	490.07  
541.103	529.65  
541.532	497.06  
541.961	518.01  
542.39	501.72   
542.819	522.67  
543.248	592.51  
543.676	562.25  
544.105	462.14  
544.534	639.08  
544.962	506.37  
545.391	531.98  
545.819	520.34  
546.247	559.92  
546.676	531.98  
547.104	501.72  
547.532	520.34  
547.96	429.54   
548.388	529.65  
548.816	441.18  
549.244	550.61  
549.672	485.42  
550.1	548.28    
550.528	513.36  
550.956	552.93  
551.383	506.37  
551.811	413.25  
552.238	476.11  
552.666	469.12  
553.094	436.53  
553.521	455.15  
553.948	580.87  
554.376	487.75  
554.803	445.84  
555.23	420.23   
555.657	476.11  
556.084	450.5   
556.511	562.25  
556.938	518.01  
557.365	543.62  
557.792	487.75  
558.219	473.78  
558.646	431.87  
559.072	452.82  
559.499	548.28  
559.926	450.5   
560.352	550.61  
560.779	464.47  
561.205	457.48  
561.632	494.73  
562.058	506.37  
562.484	511.03  
562.91	499.39   
563.337	422.56  
563.763	520.34  
564.189	515.68  
564.615	485.42  
565.041	448.17  
565.466	511.03  
565.892	438.86  
566.318	436.53  
566.744	459.81  
567.169	487.75  
567.595	504.04  
568.021	552.93  
568.446	499.39  
568.872	469.12  
569.297	497.06  
569.722	520.34  
570.148	450.5   
570.573	392.29  
570.998	441.18  
571.423	520.34  
571.848	490.07  
572.273	408.59  
572.698	431.87  
573.123	571.56  
573.548	443.51  
573.973	504.04  
574.397	443.51  
574.822	520.34  
575.247	534.31  
575.671	434.2   
576.096	538.97  
576.52	522.67   
576.944	471.45  
577.369	534.31  
577.793	555.26  
578.217	494.73  
578.641	431.87  
579.065	513.36  
579.49	497.06   
579.914	522.67  
580.337	492.4   
580.761	436.53  
581.185	427.21  
581.609	483.09  
582.033	408.59  
582.456	452.82  
582.88	438.86   
583.303	438.86  
583.727	508.7   
584.15	438.86   
584.574	448.17  
584.997	431.87  
585.42	450.5    
585.844	457.48  
586.267	487.75  
586.69	501.72   
587.113	492.4   
587.536	492.4   
587.959	441.18  
588.382	483.09  
588.804	485.42  
589.227	466.79  
589.65	443.51   
590.073	483.09  
590.495	471.45  
590.918	450.5   
591.34	403.93   
591.763	410.92  
592.185	452.82  
592.607	434.2   
593.03	487.75   
593.452	469.12  
593.874	478.43  
594.296	396.95  
594.718	420.23  
595.14	441.18   
595.562	459.81  
595.984	473.78  
596.406	471.45  
596.827	511.03  
597.249	399.28  
597.671	403.93  
598.092	490.07  
598.514	457.48  
598.935	382.98  
599.357	369.01  
599.778	501.72  
600.199	462.14  
600.621	427.21  
601.042	389.96  
601.463	462.14  
601.884	480.76  
602.305	457.48  
602.726	443.51  
603.147	443.51  
603.568	443.51  
603.988	504.04  
604.409	450.5   
604.83	396.95   
605.25	424.89   
605.671	443.51  
606.092	380.65  
606.512	403.93  
606.932	424.89  
607.353	476.11  
607.773	536.64  
608.193	513.36  
608.613	403.93  
609.034	545.95  
609.454	455.15  
609.874	420.23  
610.293	497.06  
610.713	497.06  
611.133	392.29  
611.553	415.57  
611.973	422.56  
612.392	487.75  
612.812	436.53  
613.231	445.84  
613.651	499.39  
614.07	534.31   
614.49	511.03   
614.909	499.39  
615.328	401.61  
615.747	406.26  
616.167	525     
616.586	452.82  
617.005	396.95  
617.424	492.4   
617.843	355.04  
618.261	469.12  
618.68	499.39   
619.099	513.36  
619.518	452.82  
619.936	343.4   
620.355	422.56  
620.773	434.2   
621.192	459.81  
621.61	355.04   
622.029	476.11  
622.447	501.72  
622.865	462.14  
623.283	455.15  
623.701	431.87  
624.119	450.5   
624.537	364.35  
624.955	494.73  
625.373	424.89  
625.791	427.21  
626.209	403.93  
626.627	492.4   
627.044	371.34  
627.462	462.14  
627.879	420.23  
628.297	413.25  
628.714	396.95  
629.132	382.98  
629.549	438.86  
629.966	413.25  
630.383	408.59  
630.8	466.79    
631.217	483.09  
631.634	427.21  
632.051	445.84  
632.468	443.51  
632.885	483.09  
633.302	462.14  
633.719	480.76  
634.135	448.17  
634.552	490.07  
634.969	490.07  
635.385	448.17  
635.801	401.61  
636.218	431.87  
636.634	434.2   
637.05	434.2    
637.467	483.09  
637.883	459.81  
638.299	348.06  
638.715	392.29  
639.131	424.89  
639.547	424.89  
639.963	478.43  
640.378	464.47  
640.794	394.62  
641.21	415.57   
641.626	392.29  
642.041	431.87  
642.457	448.17  
642.872	431.87  
643.287	434.2   
643.703	431.87  
644.118	413.25  
644.533	385.31  
644.948	389.96  
645.364	396.95  
645.779	455.15  
646.194	464.47  
646.609	417.9   
647.023	406.26  
647.438	322.45  
647.853	462.14  
648.268	396.95  
648.682	415.57  
649.097	420.23  
649.511	392.29  
649.926	406.26  
650.34	536.64   
650.755	378.32  
651.169	431.87  
651.583	408.59  
651.997	401.61  
652.411	452.82  
652.825	401.61  
653.239	459.81  
653.653	406.26  
654.067	417.9   
654.481	462.14  
654.895	408.59  
655.309	478.43  
655.722	382.98  
656.136	550.61  
656.549	448.17  
656.963	466.79  
657.376	376     
657.79	431.87   
658.203	445.84  
658.616	380.65  
659.029	422.56  
659.442	343.4   
659.855	455.15  
660.268	443.51  
660.681	466.79  
661.094	371.34  
661.507	443.51  
661.92	415.57   
662.333	392.29  
662.745	478.43  
663.158	415.57  
663.57	406.26   
663.983	392.29  
664.395	343.4   
664.808	399.28  
665.22	434.2    
665.632	438.86  
666.044	403.93  
666.456	429.54  
666.868	504.04  
667.28	396.95   
667.692	343.4   
668.104	357.37  
668.516	450.5   
668.928	543.62  
669.34	452.82   
669.751	396.95  
670.163	422.56  
670.574	431.87  
670.986	380.65  
671.397	434.2   
671.809	406.26  
672.22	403.93   
672.631	483.09  
673.042	410.92  
673.453	429.54  
673.864	382.98  
674.275	445.84  
674.686	434.2   
675.097	408.59  
675.508	380.65  
675.919	338.75  
676.33	443.51   
676.74	406.26   
677.151	355.04  
677.561	415.57  
677.972	362.03  
678.382	406.26  
678.792	452.82  
679.203	403.93  
679.613	434.2   
680.023	494.73  
680.433	452.82  
680.843	387.64  
681.253	399.28  
681.663	429.54  
682.073	380.65  
682.483	382.98  
682.893	331.76  
683.302	406.26  
683.712	473.78  
684.122	424.89  
684.531	366.68  
684.94	369.01   
685.35	420.23   
685.759	429.54  
686.168	420.23  
686.578	431.87  
686.987	429.54  
687.396	473.78  
687.805	366.68  
688.214	417.9   
688.623	385.31  
689.032	389.96  
689.44	387.64   
689.849	422.56  
690.258	424.89  
690.666	408.59  
691.075	476.11  
691.484	369.01  
691.892	408.59  
692.3	448.17    
692.709	406.26  
693.117	385.31  
693.525	452.82  
693.933	382.98  
694.341	399.28  
694.749	392.29  
695.157	389.96  
695.565	392.29  
695.973	431.87  
696.381	406.26  
696.788	413.25  
697.196	387.64  
697.604	399.28  
698.011	436.53  
698.419	382.98  
698.826	441.18  
699.234	401.61  
699.641	494.73  
700.048	410.92  
700.455	422.56  
700.862	385.31  
701.269	348.06  
701.676	478.43  
702.083	352.71  
702.49	371.34   
702.897	399.28  
703.304	455.15  
703.71	380.65   
704.117	378.32  
704.524	434.2   
704.93	410.92   
705.337	364.35  
705.743	410.92  
706.149	406.26  
706.556	420.23  
706.962	408.59  
707.368	399.28  
707.774	417.9   
708.18	415.57   
708.586	413.25  
708.992	466.79  
709.398	420.23  
709.804	401.61  
710.209	494.73  
710.615	431.87  
711.021	436.53  
711.426	464.47  
711.832	427.21  
712.237	376     
712.642	422.56  
713.048	438.86  
713.453	420.23  
713.858	434.2   
714.263	371.34  
714.668	483.09  
715.073	371.34  
715.478	366.68  
715.883	396.95  
716.288	438.86  
716.693	350.39  
717.097	410.92  
717.502	417.9   
717.906	387.64  
718.311	362.03  
718.715	448.17  
719.12	403.93   
719.524	345.73  
719.928	406.26  
720.333	452.82  
720.737	483.09  
721.141	362.03  
721.545	408.59  
721.949	415.57  
722.353	429.54  
722.757	406.26  
723.16	387.64   
723.564	406.26  
723.968	448.17  
724.371	427.21  
724.775	382.98  
725.178	415.57  
725.582	480.76  
725.985	399.28  
726.388	350.39  
726.792	385.31  
727.195	443.51  
727.598	396.95  
728.001	424.89  
728.404	424.89  
728.807	427.21  
729.21	452.82   
729.612	406.26  
730.015	382.98  
730.418	448.17  
730.82	410.92   
731.223	462.14  
731.625	448.17  
732.028	450.5   
732.43	483.09   
732.833	417.9   
733.235	382.98  
733.637	399.28  
734.039	483.09  
734.441	410.92  
734.843	480.76  
735.245	441.18  
735.647	434.2   
736.049	429.54  
736.451	357.37  
736.852	424.89  
737.254	441.18  
737.655	364.35  
738.057	450.5   
738.458	348.06  
738.86	462.14   
739.261	417.9   
739.662	436.53  
740.064	427.21  
740.465	403.93  
740.866	401.61  
741.267	476.11  
741.668	341.07  
742.069	429.54  
742.469	413.25  
742.87	394.62   
743.271	385.31  
743.672	401.61  
744.072	371.34  
744.473	343.4   
744.873	408.59  
745.274	459.81  
745.674	450.5   
746.074	410.92  
746.474	382.98  
746.875	387.64  
747.275	310.81  
747.675	380.65  
748.075	529.65  
748.474	343.4   
748.874	429.54  
749.274	501.72  
749.674	443.51  
750.073	462.14  
750.473	369.01  
750.873	422.56  
751.272	420.23  
751.671	424.89  
752.071	382.98  
752.47	410.92   
752.869	455.15  
753.268	427.21  
753.668	462.14  
754.067	445.84  
754.466	352.71  
754.864	369.01  
755.263	364.35  
755.662	452.82  
756.061	429.54  
756.459	322.45  
756.858	364.35  
757.257	371.34  
757.655	387.64  
758.053	376     
758.452	382.98  
758.85	417.9    
759.248	410.92  
759.646	378.32  
760.045	436.53  
760.443	413.25  
760.841	373.67  
761.238	459.81  
761.636	448.17  
762.034	490.07  
762.432	389.96  
762.829	366.68  
763.227	450.5   
763.625	357.37  
764.022	480.76  
764.419	401.61  
764.817	445.84  
765.214	445.84  
765.611	427.21  
766.008	378.32  
766.406	385.31  
766.803	392.29  
767.199	415.57  
767.596	392.29  
767.993	438.86  
768.39	408.59   
768.787	376     
769.183	345.73  
769.58	492.4    
769.977	436.53  
770.373	401.61  
770.769	399.28  
771.166	436.53  
771.562	457.48  
771.958	415.57  
772.354	408.59  
772.75	378.32   
773.146	373.67  
773.542	427.21  
773.938	504.04  
774.334	350.39  
774.73	448.17   
775.126	464.47  
775.521	415.57  
775.917	357.37  
776.312	364.35  
776.708	413.25  
777.103	420.23  
777.499	457.48  
777.894	450.5   
778.289	413.25  
778.684	380.65  
779.079	431.87  
779.474	413.25  
779.869	441.18  
780.264	394.62  
780.659	420.23  
781.054	450.5   
781.448	464.47  
781.843	389.96  
782.238	431.87  
782.632	389.96  
783.027	408.59  
783.421	387.64  
783.815	359.7   
784.21	469.12   
784.604	438.86  
784.998	452.82  
785.392	452.82  
785.786	392.29  
786.18	441.18   
786.574	450.5   
786.968	401.61  
787.361	350.39  
787.755	403.93  
788.149	394.62  
788.542	445.84  
788.936	403.93  
789.329	392.29  
789.722	403.93  
790.116	389.96  
790.509	406.26  
790.902	431.87  
791.295	431.87  
791.688	394.62  
792.081	406.26  
792.474	420.23  
792.867	445.84  
793.26	408.59   
793.653	441.18  
794.045	341.07  
794.438	450.5   
794.83	406.26   
795.223	434.2   
795.615	403.93  
796.008	387.64  
796.4	413.25    
796.792	327.1   
797.184	401.61  
797.576	357.37  
797.968	355.04  
798.36	371.34   
798.752	417.9   
799.144	408.59  
799.536	366.68  
799.928	408.59  
800.319	396.95  
800.711	406.26  
801.102	420.23  
801.494	371.34  
801.885	420.23  
802.276	401.61  
802.668	438.86  
803.059	380.65  
803.45	396.95   
803.841	403.93  
804.232	394.62  
804.623	413.25  
805.014	396.95  
805.405	373.67  
805.795	408.59  
806.186	431.87  
806.577	459.81  
806.967	378.32  
807.358	483.09  
807.748	471.45  
808.139	408.59  
808.529	441.18  
808.919	448.17  
809.309	443.51  
809.699	387.64  
810.089	466.79  
810.479	399.28  
810.869	357.37  
811.259	462.14  
811.649	396.95  
812.039	408.59  
812.428	429.54  
812.818	371.34  
813.207	396.95  
813.597	434.2   
813.986	448.17  
814.376	417.9   
814.765	350.39  
815.154	429.54  
815.543	364.35  
815.932	362.03  
816.321	443.51  
816.71	420.23   
817.099	362.03  
817.488	399.28  
817.877	438.86  
818.265	406.26  
818.654	357.37  
819.043	420.23  
819.431	452.82  
819.819	427.21  
820.208	364.35  
820.596	371.34  
820.984	464.47  
821.372	392.29  
821.761	420.23  
822.149	343.4   
822.537	434.2   
822.924	401.61  
823.312	459.81  
823.7	469.12    
824.088	396.95  
824.475	466.79  
824.863	445.84  
825.251	413.25  
825.638	385.31  
826.025	382.98  
826.413	394.62  
826.8	429.54    
827.187	417.9   
827.574	422.56  
827.961	459.81  
828.348	473.78  
828.735	403.93  
829.122	382.98  
829.509	394.62  
829.896	413.25  
830.282	359.7   
830.669	357.37  
831.055	464.47  
831.442	385.31  
831.828	483.09  
832.215	471.45  
832.601	464.47  
832.987	392.29  
833.373	417.9   
833.759	378.32  
834.145	382.98  
834.531	396.95  
834.917	450.5   
835.303	466.79  
835.689	331.76  
836.074	376     
836.46	392.29   
836.846	413.25  
837.231	385.31  
837.617	438.86  
838.002	380.65  
838.387	431.87  
838.772	324.78  
839.158	357.37  
839.543	445.84  
839.928	331.76  
840.313	343.4   
840.698	382.98  
841.082	371.34  
841.467	434.2   
841.852	420.23  
842.237	392.29  
842.621	413.25  
843.006	429.54  
843.39	424.89   
843.774	469.12  
844.159	366.68  
844.543	385.31  
844.927	394.62  
845.311	406.26  
845.695	441.18  
846.079	413.25  
846.463	389.96  
846.847	441.18  
847.231	452.82  
847.615	464.47  
847.998	473.78  
848.382	448.17  
848.765	399.28  
849.149	350.39  
849.532	392.29  
849.916	448.17  
850.299	348.06  
850.682	378.32  
851.065	452.82  
851.448	394.62  
851.831	343.4   
852.214	385.31  
852.597	420.23  
852.98	443.51   
853.363	403.93  
853.745	415.57  
854.128	403.93  
854.51	366.68   
854.893	345.73  
855.275	422.56  
855.658	369.01  
856.04	450.5    
856.422	399.28  
856.804	380.65  
857.186	385.31  
857.568	401.61  
857.95	357.37   
858.332	424.89  
858.714	387.64  
859.096	427.21  
859.477	520.34  
859.859	413.25  
860.24	364.35   
860.622	406.26  
861.003	364.35  
861.385	410.92  
861.766	413.25  
862.147	427.21  
862.528	396.95  
862.909	422.56  
863.29	362.03   
863.671	366.68  
864.052	415.57  
864.433	373.67  
864.814	427.21  
865.194	401.61  
865.575	348.06  
865.955	415.57  
866.336	389.96  
866.716	406.26  
867.097	417.9   
867.477	399.28  
867.857	438.86  
868.237	443.51  
868.617	443.51  
868.997	364.35  
869.377	392.29  
869.757	441.18  
870.137	359.7   
870.517	490.07  
870.896	445.84  
871.276	403.93  
871.655	431.87  
872.035	443.51  
872.414	462.14  
872.794	415.57  
873.173	417.9   
873.552	362.03  
873.931	504.04  
874.31	420.23   
874.689	396.95  
875.068	452.82  
875.447	392.29  
875.826	394.62  
876.205	473.78  
876.583	429.54  
876.962	373.67  
877.341	394.62  
877.719	417.9   
878.097	396.95  
878.476	417.9   
878.854	399.28  
879.232	408.59  
879.61	462.14   
879.988	396.95  
880.366	429.54  
880.744	462.14  
881.122	378.32  
881.5	429.54    
881.878	364.35  
882.255	417.9   
882.633	396.95  
883.011	364.35  
883.388	473.78  
883.765	385.31  
884.143	452.82  
884.52	392.29   
884.897	469.12  
885.274	429.54  
885.651	445.84  
886.028	406.26  
886.405	380.65  
886.782	445.84  
887.159	441.18  
887.536	438.86  
887.912	392.29  
888.289	373.67  
888.665	341.07  
889.042	403.93  
889.418	422.56  
889.794	376     
890.171	464.47  
890.547	373.67  
890.923	352.71  
891.299	403.93  
891.675	394.62  
892.051	313.14  
892.427	380.65  
892.803	331.76  
893.178	403.93  
893.554	473.78  
893.929	359.7   
894.305	480.76  
894.68	424.89   
895.056	422.56  
895.431	434.2   
895.806	387.64  
896.181	415.57  
896.557	382.98  
896.932	389.96  
897.307	410.92  
897.681	364.35  
898.056	471.45  
898.431	464.47  
898.806	373.67  
899.18	399.28   
899.555	445.84  
899.929	392.29  
900.304	429.54  
900.678	455.15  
901.052	406.26  
901.427	396.95  
901.801	366.68  
902.175	376     
902.549	480.76  
902.923	373.67  
903.297	378.32  
903.67	422.56   
904.044	413.25  
904.418	434.2   
904.791	334.09  
905.165	364.35  
905.538	352.71  
905.912	450.5   
906.285	364.35  
906.658	415.57  
907.032	422.56  
907.405	373.67  
907.778	459.81  
908.151	487.75  
908.524	378.32  
908.896	394.62  
909.269	417.9   
909.642	399.28  
910.015	324.78  
910.387	434.2   
910.76	469.12   
911.132	382.98  
911.504	387.64  
911.877	490.07  
912.249	401.61  
912.621	394.62  
912.993	427.21  
913.365	420.23  
913.737	382.98  
914.109	362.03  
914.481	348.06  
914.853	429.54  
915.224	338.75  
915.596	366.68  
915.968	471.45  
916.339	348.06  
916.71	306.15   
917.082	394.62  
917.453	427.21  
917.824	355.04  
918.195	417.9   
918.566	364.35  
918.937	473.78  
919.308	424.89  
919.679	366.68  
920.05	387.64   
920.421	403.93  
920.791	406.26  
921.162	429.54  
921.532	376     
921.903	401.61  
922.273	366.68  
922.644	448.17  
923.014	403.93  
923.384	520.34  
923.754	329.43  
924.124	408.59  
924.494	450.5   
924.864	389.96  
925.234	387.64  
925.604	408.59  
925.973	415.57  
926.343	371.34  
926.712	387.64  
927.082	359.7   
927.451	392.29  
927.821	429.54  
928.19	420.23   
928.559	369.01  
928.928	369.01  
929.297	389.96  
929.666	413.25  
930.035	362.03  
930.404	382.98  
930.773	420.23  
931.142	345.73  
931.51	445.84   
931.879	392.29  
932.247	334.09  
932.616	408.59  
932.984	427.21  
933.353	373.67  
933.721	408.59  
934.089	457.48  
934.457	373.67  
934.825	382.98  
935.193	413.25  
935.561	471.45  
935.929	362.03  
936.296	427.21  
936.664	352.71  
937.032	455.15  
937.399	378.32  
937.767	406.26  
938.134	327.1   
938.501	434.2   
938.869	420.23  
939.236	490.07  
939.603	396.95  
939.97	394.62   
940.337	396.95  
940.704	431.87  
941.071	406.26  
941.438	387.64  
941.804	385.31  
942.171	424.89  
942.538	450.5   
942.904	387.64  
943.27	355.04   
943.637	427.21  
944.003	415.57  
944.369	389.96  
944.735	364.35  
945.102	413.25  
945.468	355.04  
945.833	429.54  
946.199	415.57  
946.565	376     
946.931	417.9   
947.296	362.03  
947.662	459.81  
948.028	429.54  
948.393	413.25  
948.758	313.14  
949.124	424.89  
949.489	459.81  
949.854	431.87  
950.219	441.18  
950.584	387.64  
950.949	369.01  
951.314	436.53  
951.679	352.71  
952.044	431.87  
952.408	490.07  
952.773	406.26  
953.137	396.95  
953.502	424.89  
953.866	422.56  
954.231	359.7   
954.595	429.54  
954.959	350.39  
955.323	364.35  
955.687	422.56  
956.051	341.07  
956.415	362.03  
956.779	434.2   
957.143	445.84  
957.506	469.12  
957.87	490.07   
958.234	350.39  
958.597	341.07  
958.961	406.26  
959.324	380.65  
959.687	410.92  
960.05	415.57   
960.413	420.23  
960.776	382.98  
961.139	452.82  
961.502	348.06  
961.865	396.95  
962.228	413.25  
962.591	371.34  
962.953	387.64  
963.316	417.9   
963.678	438.86  
964.041	441.18  
964.403	350.39  
964.765	378.32  
965.128	327.1   
965.49	417.9    
965.852	478.43  
966.214	336.42  
966.576	462.14  
966.938	422.56  
967.299	420.23  
967.661	334.09  
968.023	385.31  
968.384	471.45  
968.746	431.87  
969.107	394.62  
969.469	382.98  
969.83	408.59   
970.191	331.76  
970.552	408.59  
970.913	422.56  
971.274	436.53  
971.635	359.7   
971.996	396.95  
972.357	373.67  
972.718	389.96  
973.078	401.61  
973.439	466.79  
973.8	424.89    
974.16	431.87   
974.52	410.92   
974.881	441.18  
975.241	338.75  
975.601	364.35  
975.961	310.81  
976.321	473.78  
976.681	399.28  
977.041	431.87  
977.401	408.59  
977.76	399.28   
978.12	396.95   
978.48	452.82   
978.839	427.21  
979.199	410.92  
979.558	466.79  
979.917	462.14  
980.277	369.01  
980.636	429.54  
980.995	399.28  
981.354	422.56  
981.713	373.67  
982.072	392.29  
982.43	403.93   
982.789	415.57  
983.148	431.87  
983.506	357.37  
983.865	403.93  
984.223	408.59  
984.582	387.64  
984.94	413.25   
985.298	450.5   
985.656	394.62  
986.015	424.89  
986.373	373.67  
986.731	394.62  
987.088	427.21  
987.446	427.21  
987.804	392.29  
988.162	408.59  
988.519	469.12  
988.877	448.17  
989.234	406.26  
989.591	357.37  
989.949	406.26  
990.306	441.18  
990.663	464.47  
991.02	327.1    
991.377	385.31  
991.734	443.51  
992.091	371.34  
992.448	424.89  
992.805	366.68  
993.161	548.28  
993.518	396.95  
993.874	443.51  
994.231	364.35  
994.587	441.18  
994.943	364.35  
995.3	396.95    
995.656	382.98  
996.012	329.43  
996.368	417.9   
996.724	441.18  
997.08	410.92   
997.435	478.43  
997.791	362.03  
998.147	396.95  
998.502	408.59  
998.858	501.72  
999.213	376     
999.569	401.61  
999.924	350.39  
1000.279	424.89 
1000.634	415.57 
1000.989	469.12 
1001.344	431.87 
1001.699	396.95 
1002.054	406.26 
1002.409	424.89 
1002.764	380.65 
1003.118	399.28 
1003.473	448.17 
1003.827	410.92 
1004.182	438.86 
1004.536	410.92 
1004.89	373.67  
1005.245	417.9  
1005.599	427.21 
1005.953	389.96 
1006.307	371.34 
1006.661	403.93 
1007.015	471.45 
1007.368	341.07 
1007.722	429.54 
1008.076	415.57 
1008.429	408.59 
1008.783	322.45 
1009.136	350.39 
1009.489	413.25 
1009.843	369.01 
1010.196	415.57 
1010.549	448.17 
1010.902	382.98 
1011.255	389.96 
1011.608	396.95 
1011.961	350.39 
1012.313	431.87 
1012.666	366.68 
1013.019	452.82 
1013.371	424.89 
1013.724	322.45 
1014.076	413.25 
1014.428	362.03 
1014.781	401.61 
1015.133	410.92 
1015.485	457.48 
1015.837	394.62 
1016.189	373.67 
1016.541	417.9  
1016.893	403.93 
1017.244	436.53 
1017.596	366.68 
1017.947	441.18 
1018.299	392.29 
1018.65	417.9   
1019.002	401.61 
1019.353	417.9  
1019.704	315.46 
1020.055	380.65 
1020.407	462.14 
1020.758	497.06 
1021.108	331.76 
1021.459	396.95 
1021.81	480.76  
1022.161	429.54 
1022.511	445.84 
1022.862	420.23 
1023.213	350.39 
1023.563	355.04 
1023.913	366.68 
1024.264	434.2  
1024.614	403.93 
1024.964	378.32 
1025.314	371.34 
1025.664	403.93 
1026.014	424.89 
1026.364	436.53 
1026.713	457.48 
1027.063	396.95 
1027.413	431.87 
1027.762	350.39 
1028.112	336.42 
1028.461	408.59 
1028.81	410.92  
1029.16	357.37  
1029.509	406.26 
1029.858	408.59 
1030.207	410.92 
1030.556	408.59 
1030.905	436.53 
1031.254	350.39 
1031.602	420.23 
1031.951	310.81 
1032.3	401.61   
1032.648	378.32 
1032.996	378.32 
1033.345	378.32 