187.879	15.13   
188.346	15.13   
188.813	15.13   
189.28	-101.27  
189.747	-154.82 
190.214	-94.29  
190.681	-89.63  
191.148	-61.7   
191.614	-82.65  
192.081	-129.21 
192.548	-19.79  
193.014	-50.06  
193.481	-26.77  
193.948	1.16    
194.414	5.82    
194.881	-66.35  
195.347	64.02   
195.813	98.95   
196.28	164.13   
196.746	175.78  
197.212	110.59  
197.678	161.81  
198.145	213.03  
198.611	236.31  
199.077	203.71  
199.543	236.31  
200.009	243.29  
200.475	287.53  
200.941	331.76  
201.407	278.21  
201.873	289.85  
202.338	350.39  
202.804	357.37  
203.27	366.68   
203.735	427.21  
204.201	466.79  
204.667	362.03  
205.132	485.42  
205.598	420.23  
206.063	399.28  
206.529	341.07  
206.994	380.65  
207.459	378.32  
207.925	448.17  
208.39	371.34   
208.855	422.56  
209.32	422.56   
209.785	431.87  
210.25	462.14   
210.715	483.09  
211.18	457.48   
211.645	494.73  
212.11	420.23   
212.575	352.71  
213.04	478.43   
213.504	341.07  
213.969	387.64  
214.434	378.32  
214.899	422.56  
215.363	345.73  
215.828	371.34  
216.292	408.59  
216.757	394.62  
217.221	410.92  
217.685	452.82  
218.15	366.68   
218.614	371.34  
219.078	448.17  
219.542	406.26  
220.007	376     
220.471	308.48  
220.935	385.31  
221.399	415.57  
221.863	403.93  
222.327	401.61  
222.791	420.23  
223.254	359.7   
223.718	376     
224.182	424.89  
224.646	355.04  
225.109	401.61  
225.573	376     
226.037	341.07  
226.5	422.56    
226.964	369.01  
227.427	308.48  
227.89	462.14   
228.354	408.59  
228.817	299.17  
229.28	413.25   
229.744	420.23  
230.207	441.18  
230.67	371.34   
231.133	382.98  
231.596	401.61  
232.059	462.14  
232.522	443.51  
232.985	441.18  
233.448	355.04  
233.911	415.57  
234.374	385.31  
234.836	394.62  
235.299	424.89  
235.762	401.61  
236.224	376     
236.687	508.7   
237.149	429.54  
237.612	329.43  
238.074	308.48  
238.537	434.2   
238.999	399.28  
239.461	429.54  
239.924	420.23  
240.386	415.57  
240.848	469.12  
241.31	343.4    
241.772	443.51  
242.234	341.07  
242.696	403.93  
243.158	424.89  
243.62	441.18   
244.082	427.21  
244.544	380.65  
245.006	443.51  
245.468	324.78  
245.929	396.95  
246.391	464.47  
246.852	455.15  
247.314	362.03  
247.776	343.4   
248.237	441.18  
248.698	385.31  
249.16	469.12   
249.621	445.84  
250.082	431.87  
250.544	434.2   
251.005	434.2   
251.466	392.29  
251.927	417.9   
252.388	410.92  
252.849	459.81  
253.31	352.71   
253.771	392.29  
254.232	394.62  
254.693	415.57  
255.154	457.48  
255.615	483.09  
256.075	341.07  
256.536	434.2   
256.997	455.15  
257.457	443.51  
257.918	483.09  
258.378	385.31  
258.839	385.31  
259.299	394.62  
259.759	459.81  
260.22	362.03   
260.68	476.11   
261.14	434.2    
261.6	462.14    
262.06	369.01   
262.521	366.68  
262.981	378.32  
263.441	389.96  
263.901	483.09  
264.36	455.15   
264.82	387.64   
265.28	445.84   
265.74	403.93   
266.2	380.65    
266.659	403.93  
267.119	408.59  
267.579	445.84  
268.038	443.51  
268.498	459.81  
268.957	392.29  
269.416	422.56  
269.876	362.03  
270.335	422.56  
270.794	434.2   
271.254	476.11  
271.713	415.57  
272.172	413.25  
272.631	420.23  
273.09	417.9    
273.549	359.7   
274.008	441.18  
274.467	434.2   
274.926	480.76  
275.385	380.65  
275.843	403.93  
276.302	396.95  
276.761	413.25  
277.22	497.06   
277.678	455.15  
278.137	401.61  
278.595	469.12  
279.054	448.17  
279.512	410.92  
279.97	450.5    
280.429	424.89  
280.887	392.29  
281.345	448.17  
281.803	345.73  
282.262	373.67  
282.72	501.72   
283.178	452.82  
283.636	401.61  
284.094	396.95  
284.552	527.33  
285.01	473.78   
285.467	394.62  
285.925	438.86  
286.383	399.28  
286.841	459.81  
287.298	417.9   
287.756	406.26  
288.213	424.89  
288.671	371.34  
289.128	420.23  
289.586	417.9   
290.043	445.84  
290.5	403.93    
290.958	501.72  
291.415	452.82  
291.872	487.75  
292.329	445.84  
292.786	382.98  
293.243	376     
293.7	343.4     
294.157	443.51  
294.614	408.59  
295.071	448.17  
295.528	401.61  
295.985	422.56  
296.441	427.21  
296.898	511.03  
297.355	392.29  
297.811	443.51  
298.268	420.23  
298.724	389.96  
299.181	459.81  
299.637	424.89  
300.094	417.9   
300.55	452.82   
301.006	417.9   
301.462	443.51  
301.919	408.59  
302.375	427.21  
302.831	469.12  
303.287	455.15  
303.743	427.21  
304.199	422.56  
304.655	450.5   
305.11	392.29   
305.566	431.87  
306.022	431.87  
306.478	448.17  
306.933	457.48  
307.389	443.51  
307.845	452.82  
308.3	410.92    
308.756	420.23  
309.211	438.86  
309.666	413.25  
310.122	445.84  
310.577	429.54  
311.032	462.14  
311.487	378.32  
311.943	424.89  
312.398	343.4   
312.853	429.54  
313.308	455.15  
313.763	380.65  
314.218	371.34  
314.672	506.37  
315.127	429.54  
315.582	520.34  
316.037	445.84  
316.492	362.03  
316.946	452.82  
317.401	485.42  
317.855	459.81  
318.31	436.53   
318.764	348.06  
319.219	469.12  
319.673	443.51  
320.127	392.29  
320.582	473.78  
321.036	355.04  
321.49	434.2    
321.944	403.93  
322.398	341.07  
322.852	459.81  
323.306	396.95  
323.76	427.21   
324.214	401.61  
324.668	459.81  
325.122	476.11  
325.575	455.15  
326.029	459.81  
326.483	429.54  
326.936	434.2   
327.39	485.42   
327.843	431.87  
328.297	415.57  
328.75	434.2    
329.204	427.21  
329.657	499.39  
330.11	480.76   
330.564	441.18  
331.017	413.25  
331.47	431.87   
331.923	329.43  
332.376	403.93  
332.829	355.04  
333.282	504.04  
333.735	415.57  
334.188	462.14  
334.641	457.48  
335.093	373.67  
335.546	429.54  
335.999	417.9   
336.451	436.53  
336.904	499.39  
337.356	527.33  
337.809	415.57  
338.261	427.21  
338.714	403.93  
339.166	431.87  
339.618	483.09  
340.07	380.65   
340.523	422.56  
340.975	401.61  
341.427	466.79  
341.879	483.09  
342.331	408.59  
342.783	508.7   
343.235	415.57  
343.687	410.92  
344.138	487.75  
344.59	380.65   
345.042	385.31  
345.494	525     
345.945	457.48  
346.397	410.92  
346.848	478.43  
347.3	396.95    
347.751	434.2   
348.203	452.82  
348.654	494.73  
349.105	429.54  
349.556	464.47  
350.008	469.12  
350.459	389.96  
350.91	466.79   
351.361	448.17  
351.812	506.37  
352.263	410.92  
352.714	487.75  
353.165	462.14  
353.615	466.79  
354.066	466.79  
354.517	499.39  
354.968	490.07  
355.418	464.47  
355.869	448.17  
356.319	545.95  
356.77	483.09   
357.22	469.12   
357.671	497.06  
358.121	438.86  
358.571	422.56  
359.021	469.12  
359.472	434.2   
359.922	480.76  
360.372	457.48  
360.822	485.42  
361.272	452.82  
361.722	487.75  
362.172	464.47  
362.622	387.64  
363.071	494.73  
363.521	464.47  
363.971	396.95  
364.42	399.28   
364.87	422.56   
365.32	457.48   
365.769	441.18  
366.219	473.78  
366.668	436.53  
367.117	415.57  
367.567	466.79  
368.016	448.17  
368.465	417.9   
368.914	436.53  
369.363	506.37  
369.812	513.36  
370.261	415.57  
370.71	459.81   
371.159	473.78  
371.608	434.2   
372.057	476.11  
372.506	473.78  
372.955	452.82  
373.403	427.21  
373.852	436.53  
374.301	466.79  
374.749	431.87  
375.198	450.5   
375.646	431.87  
376.094	450.5   
376.543	438.86  
376.991	485.42  
377.439	401.61  
377.887	522.67  
378.336	452.82  
378.784	410.92  
379.232	424.89  
379.68	392.29   
380.128	424.89  
380.576	492.4   
381.023	476.11  
381.471	436.53  
381.919	518.01  
382.367	445.84  
382.814	464.47  
383.262	382.98  
383.71	473.78   
384.157	478.43  
384.605	413.25  
385.052	459.81  
385.499	462.14  
385.947	445.84  
386.394	415.57  
386.841	462.14  
387.288	415.57  
387.735	520.34  
388.182	422.56  
388.63	455.15   
389.076	422.56  
389.523	497.06  
389.97	450.5    
390.417	471.45  
390.864	380.65  
391.311	424.89  
391.757	415.57  
392.204	476.11  
392.651	445.84  
393.097	459.81  
393.544	483.09  
393.99	469.12   
394.436	406.26  
394.883	506.37  
395.329	476.11  
395.775	469.12  
396.221	485.42  
396.668	436.53  
397.114	471.45  
397.56	490.07   
398.006	494.73  
398.452	462.14  
398.897	450.5   
399.343	408.59  
399.789	431.87  
400.235	438.86  
400.681	478.43  
401.126	355.04  
401.572	464.47  
402.017	448.17  
402.463	518.01  
402.908	513.36  
403.354	466.79  
403.799	478.43  
404.244	429.54  
404.689	506.37  
405.135	527.33  
405.58	476.11   
406.025	462.14  
406.47	485.42   
406.915	457.48  
407.36	515.68   
407.805	513.36  
408.25	473.78   
408.694	448.17  
409.139	485.42  
409.584	457.48  
410.029	415.57  
410.473	450.5   
410.918	480.76  
411.362	485.42  
411.807	499.39  
412.251	478.43  
412.695	429.54  
413.14	511.03   
413.584	504.04  
414.028	473.78  
414.472	462.14  
414.916	550.61  
415.36	483.09   
415.804	466.79  
416.248	441.18  
416.692	492.4   
417.136	457.48  
417.58	538.97   
418.024	494.73  
418.467	545.95  
418.911	538.97  
419.355	485.42  
419.798	515.68  
420.242	508.7   
420.685	543.62  
421.128	515.68  
421.572	522.67  
422.015	541.29  
422.458	566.9   
422.902	629.76  
423.345	555.26  
423.788	625.11  
424.231	611.14  
424.674	743.84  
425.117	604.15  
425.56	692.62   
426.003	694.95  
426.445	715.91  
426.888	697.28  
427.331	785.75  
427.773	802.05  
428.216	776.44  
428.659	855.59  
429.101	799.72  
429.543	867.23  
429.986	881.2   
430.428	965.02  
430.87	1079.1   
431.313	1111.69 
431.755	1235.08 
432.197	1242.07 
432.639	1279.32 
433.081	1260.69 
433.523	1342.18 
433.965	1367.79 
434.407	1514.46 
434.849	1602.93 
435.291	1723.99 
435.732	1877.65 
436.174	2056.92 
436.616	2154.7  
437.057	2254.81 
437.499	2552.81 
437.94	2611.02  
438.382	2806.58 
438.823	2869.44 
439.264	3041.72 
439.706	3265.23 
440.147	3349.04 
440.588	3707.57 
441.029	3856.57 
441.47	4170.87  
441.911	4296.59 
442.352	4617.88 
442.793	5104.46 
443.234	5369.87 
443.675	5786.61 
444.116	6221.97 
444.556	6564.21 
444.997	7004.23 
445.438	7504.78 
445.878	8140.36 
446.319	8387.15 
446.759	8841.14 
447.199	9555.88 
447.64	10019.18 
448.08	10650.11 
448.52	11155.31 
448.961	11911.96
449.401	13076.04
449.841	13832.68
450.281	14633.57
450.721	15900.08
451.161	16600.85
451.601	18146.74
452.041	19306.16
452.48	20470.23 
452.92	21261.8  
453.36	22325.76 
453.799	23187.18
454.239	24740.05
454.679	25447.81
455.118	26979.73
455.557	27044.92
455.997	28127.5 
456.436	28555.88
456.875	29231.05
457.315	30728.04
457.754	32259.96
458.193	31840.9 
458.632	33815.17
459.071	34786   
459.51	34292.44 
459.949	35058.4 
460.388	35421.59
460.827	35761.5 
461.265	35305.18
461.704	34499.64
462.143	33426.37
462.581	32709.3 
463.02	32134.24 
463.458	30350.88
463.897	29524.39
464.335	28032.05
464.774	26867.98
465.212	26292.92
465.65	25145.15 
466.088	24628.3 
466.527	24372.2 
466.965	22677.31
467.403	22793.72
467.841	22221   
468.279	21618.01
468.716	21098.83
469.154	20055.82
469.592	19112.92
470.03	18896.4  
470.467	17941.86
470.905	17762.59
471.343	16286.55
471.78	16014.16 
472.218	15334.34
472.655	15047.98
473.092	14403.08
473.53	13977.03 
473.967	13907.18
474.404	13921.15
474.841	13641.78
475.278	13241.33
475.716	13506.74
476.153	13052.75
476.589	13157.52
477.026	13055.08
477.463	12701.2 
477.9	12540.56  
478.337	12291.45
478.773	11765.29
479.21	11425.38 
479.647	10824.72
480.083	10494.12
480.52	9972.62  
480.956	9518.63 
481.392	9404.55 
481.829	8782.93 
482.265	8333.6  
482.701	8221.85 
483.137	8042.58 
483.574	7714.31 
484.01	7409.33  
484.446	7402.34 
484.882	7025.18 
485.317	7109    
485.753	6804.01 
486.189	6592.15 
486.625	6336.05 
487.061	6170.75 
487.496	5798.25 
487.932	5605.01 
488.367	5544.48 
488.803	5304.68 
489.238	4985.73 
489.674	4846.04 
490.109	4664.44 
490.544	4317.55 
490.979	4282.63 
491.415	4145.27 
491.85	3977.64  
492.285	3900.81 
492.72	3803.03  
493.155	3607.46 
493.59	3656.35  
494.024	3470.1  
494.459	3388.62 
494.894	3400.26 
495.329	3330.41 
495.763	3179.08 
496.198	3044.05 
496.632	3090.61 
497.067	2855.47 
497.501	2769.33 
497.936	2701.81 
498.37	2615.67  
498.804	2471.33 
499.238	2392.17 
499.673	2352.59 
500.107	2217.56 
500.541	2098.82 
500.975	2031.31 
501.409	1884.63 
501.843	1926.54 
502.277	1765.9  
502.71	1728.65  
503.144	1775.21 
503.578	1584.3  
504.011	1595.94 
504.445	1670.45 
504.878	1526.1  
505.312	1558.69 
505.745	1500.49 
506.179	1412.02 
506.612	1444.61 
507.045	1316.57 
507.479	1314.24 
507.912	1374.77 
508.345	1283.97 
508.778	1258.36 
509.211	1328.21 
509.644	1151.27 
510.077	1158.25 
510.509	1111.69 
510.942	1197.83 
511.375	1083.75 
511.808	1055.81 
512.24	960.36   
512.673	992.95  
513.105	962.69  
513.538	1034.86 
513.97	960.36   
514.403	1016.24 
514.835	1004.6  
515.267	983.64  
515.699	797.39  
516.131	918.45  
516.564	843.95  
516.996	916.13  
517.428	888.19  
517.859	813.69  
518.291	809.03  
518.723	809.03  
519.155	788.08  
519.587	760.14  
520.018	783.42  
520.45	883.53   
520.881	743.84  
521.313	743.84  
521.744	795.06  
522.176	755.48  
522.607	762.47  
523.038	743.84  
523.47	748.5    
523.901	667.01  
524.332	708.92  
524.763	729.87  
525.194	757.81  
525.625	676.33  
526.056	650.72  
526.487	727.55  
526.917	643.73  
527.348	662.36  
527.779	664.69  
528.21	590.19   
528.64	625.11   
529.071	722.89  
529.501	774.11  
529.932	611.14  
530.362	592.51  
530.792	662.36  
531.222	711.25  
531.653	634.42  
532.083	632.09  
532.513	599.5   
532.943	583.2   
533.373	611.14  
533.803	625.11  
534.233	511.03  
534.663	578.54  
535.092	552.93  
535.522	655.37  
535.952	620.45  
536.381	580.87  
536.811	522.67  
537.24	583.2    
537.67	611.14   
538.099	632.09  
538.529	559.92  
538.958	518.01  
539.387	590.19  
539.816	632.09  
540.245	492.4   
540.674	541.29  
541.103	487.75  
541.532	485.42  
541.961	566.9   
542.39	608.81   
542.819	620.45  
543.248	573.89  
543.676	545.95  
544.105	562.25  
544.534	573.89  
544.962	608.81  
545.391	552.93  
545.819	538.97  
546.247	583.2   
546.676	604.15  
547.104	643.73  
547.532	578.54  
547.96	534.31   
548.388	566.9   
548.816	515.68  
549.244	541.29  
549.672	480.76  
550.1	592.51    
550.528	497.06  
550.956	597.17  
551.383	513.36  
551.811	566.9   
552.238	525     
552.666	471.45  
553.094	541.29  
553.521	569.23  
553.948	473.78  
554.376	485.42  
554.803	529.65  
555.23	527.33   
555.657	504.04  
556.084	562.25  
556.511	559.92  
556.938	515.68  
557.365	497.06  
557.792	429.54  
558.219	480.76  
558.646	536.64  
559.072	499.39  
559.499	559.92  
559.926	536.64  
560.352	543.62  
560.779	590.19  
561.205	525     
561.632	564.58  
562.058	525     
562.484	438.86  
562.91	499.39   
563.337	545.95  
563.763	529.65  
564.189	559.92  
564.615	536.64  
565.041	557.59  
565.466	478.43  
565.892	543.62  
566.318	573.89  
566.744	520.34  
567.169	538.97  
567.595	466.79  
568.021	476.11  
568.446	515.68  
568.872	506.37  
569.297	594.84  
569.722	485.42  
570.148	545.95  
570.573	485.42  
570.998	522.67  
571.423	538.97  
571.848	518.01  
572.273	520.34  
572.698	494.73  
573.123	531.98  
573.548	478.43  
573.973	389.96  
574.397	538.97  
574.822	508.7   
575.247	476.11  
575.671	499.39  
576.096	552.93  
576.52	515.68   
576.944	562.25  
577.369	494.73  
577.793	478.43  
578.217	490.07  
578.641	494.73  
579.065	518.01  
579.49	466.79   
579.914	522.67  
580.337	585.53  
580.761	434.2   
581.185	469.12  
581.609	578.54  
582.033	559.92  
582.456	497.06  
582.88	497.06   
583.303	476.11  
583.727	438.86  
584.15	485.42   
584.574	476.11  
584.997	527.33  
585.42	513.36   
585.844	499.39  
586.267	420.23  
586.69	480.76   
587.113	520.34  
587.536	485.42  
587.959	483.09  
588.382	448.17  
588.804	431.87  
589.227	483.09  
589.65	471.45   
590.073	497.06  
590.495	480.76  
590.918	485.42  
591.34	469.12   
591.763	455.15  
592.185	527.33  
592.607	464.47  
593.03	471.45   
593.452	499.39  
593.874	473.78  
594.296	478.43  
594.718	464.47  
595.14	543.62   
595.562	469.12  
595.984	450.5   
596.406	424.89  
596.827	399.28  
597.249	499.39  
597.671	410.92  
598.092	471.45  
598.514	492.4   
598.935	385.31  
599.357	427.21  
599.778	480.76  
600.199	487.75  
600.621	455.15  
601.042	443.51  
601.463	441.18  
601.884	431.87  
602.305	415.57  
602.726	483.09  
603.147	511.03  
603.568	438.86  
603.988	490.07  
604.409	487.75  
604.83	445.84   
605.25	525      
605.671	457.48  
606.092	478.43  
606.512	438.86  
606.932	562.25  
607.353	452.82  
607.773	508.7   
608.193	471.45  
608.613	490.07  
609.034	490.07  
609.454	417.9   
609.874	492.4   
610.293	520.34  
610.713	473.78  
611.133	515.68  
611.553	473.78  
611.973	515.68  
612.392	506.37  
612.812	431.87  
613.231	480.76  
613.651	441.18  
614.07	466.79   
614.49	429.54   
614.909	499.39  
615.328	497.06  
615.747	406.26  
616.167	499.39  
616.586	373.67  
617.005	459.81  
617.424	448.17  
617.843	492.4   
618.261	455.15  
618.68	480.76   
619.099	415.57  
619.518	490.07  
619.936	417.9   
620.355	413.25  
620.773	492.4   
621.192	385.31  
621.61	473.78   
622.029	450.5   
622.447	466.79  
622.865	492.4   
623.283	536.64  
623.701	478.43  
624.119	438.86  
624.537	462.14  
624.955	506.37  
625.373	511.03  
625.791	471.45  
626.209	429.54  
626.627	366.68  
627.044	429.54  
627.462	506.37  
627.879	459.81  
628.297	415.57  
628.714	462.14  
629.132	490.07  
629.549	410.92  
629.966	462.14  
630.383	497.06  
630.8	441.18    
631.217	450.5   
631.634	462.14  
632.051	483.09  
632.468	410.92  
632.885	415.57  
633.302	457.48  
633.719	501.72  
634.135	529.65  
634.552	420.23  
634.969	455.15  
635.385	452.82  
635.801	469.12  
636.218	431.87  
636.634	452.82  
637.05	408.59   
637.467	487.75  
637.883	420.23  
638.299	457.48  
638.715	469.12  
639.131	389.96  
639.547	457.48  
639.963	518.01  
640.378	457.48  
640.794	401.61  
641.21	431.87   
641.626	434.2   
642.041	464.47  
642.457	382.98  
642.872	438.86  
643.287	443.51  
643.703	445.84  
644.118	445.84  
644.533	424.89  
644.948	452.82  
645.364	385.31  
645.779	464.47  
646.194	459.81  
646.609	371.34  
647.023	413.25  
647.438	410.92  
647.853	427.21  
648.268	466.79  
648.682	399.28  
649.097	466.79  
649.511	504.04  
649.926	492.4   
650.34	420.23   
650.755	431.87  
651.169	345.73  
651.583	462.14  
651.997	441.18  
652.411	406.26  
652.825	476.11  
653.239	373.67  
653.653	436.53  
654.067	452.82  
654.481	487.75  
654.895	508.7   
655.309	438.86  
655.722	376     
656.136	413.25  
656.549	443.51  
656.963	399.28  
657.376	415.57  
657.79	466.79   
658.203	420.23  
658.616	362.03  
659.029	427.21  
659.442	408.59  
659.855	452.82  
660.268	448.17  
660.681	497.06  
661.094	436.53  
661.507	497.06  
661.92	487.75   
662.333	415.57  
662.745	480.76  
663.158	478.43  
663.57	480.76   
663.983	415.57  
664.395	431.87  
664.808	445.84  
665.22	438.86   
665.632	431.87  
666.044	403.93  
666.456	401.61  
666.868	376     
667.28	466.79   
667.692	415.57  
668.104	410.92  
668.516	420.23  
668.928	462.14  
669.34	429.54   
669.751	459.81  
670.163	415.57  
670.574	452.82  
670.986	445.84  
671.397	434.2   
671.809	420.23  
672.22	399.28   
672.631	427.21  
673.042	436.53  
673.453	427.21  
673.864	415.57  
674.275	506.37  
674.686	417.9   
675.097	469.12  
675.508	389.96  
675.919	464.47  
676.33	490.07   
676.74	478.43   
677.151	443.51  
677.561	445.84  
677.972	417.9   
678.382	445.84  
678.792	406.26  
679.203	408.59  
679.613	357.37  
680.023	450.5   
680.433	445.84  
680.843	478.43  
681.253	408.59  
681.663	452.82  
682.073	401.61  
682.483	380.65  
682.893	443.51  
683.302	413.25  
683.712	408.59  
684.122	429.54  
684.531	413.25  
684.94	399.28   
685.35	410.92   
685.759	487.75  
686.168	434.2   
686.578	434.2   
686.987	394.62  
687.396	415.57  
687.805	480.76  
688.214	445.84  
688.623	441.18  
689.032	429.54  
689.44	455.15   
689.849	408.59  
690.258	422.56  
690.666	434.2   
691.075	415.57  
691.484	417.9   
691.892	511.03  
692.3	424.89    
692.709	427.21  
693.117	385.31  
693.525	520.34  
693.933	417.9   
694.341	436.53  
694.749	362.03  
695.157	369.01  
695.565	459.81  
695.973	417.9   
696.381	455.15  
696.788	380.65  
697.196	348.06  
697.604	448.17  
698.011	413.25  
698.419	473.78  
698.826	413.25  
699.234	424.89  
699.641	415.57  
700.048	369.01  
700.455	403.93  
700.862	462.14  
701.269	389.96  
701.676	436.53  
702.083	469.12  
702.49	443.51   
702.897	501.72  
703.304	366.68  
703.71	520.34   
704.117	462.14  
704.524	422.56  
704.93	445.84   
705.337	331.76  
705.743	338.75  
706.149	450.5   
706.556	448.17  
706.962	431.87  
707.368	413.25  
707.774	406.26  
708.18	382.98   
708.586	462.14  
708.992	420.23  
709.398	401.61  
709.804	520.34  
710.209	396.95  
710.615	403.93  
711.021	382.98  
711.426	378.32  
711.832	408.59  
712.237	445.84  
712.642	424.89  
713.048	415.57  
713.453	473.78  
713.858	501.72  
714.263	445.84  
714.668	417.9   
715.073	422.56  
715.478	403.93  
715.883	427.21  
716.288	417.9   
716.693	413.25  
717.097	452.82  
717.502	476.11  
717.906	469.12  
718.311	464.47  
718.715	424.89  
719.12	478.43   
719.524	462.14  
719.928	429.54  
720.333	455.15  
720.737	403.93  
721.141	420.23  
721.545	445.84  
721.949	396.95  
722.353	492.4   
722.757	424.89  
723.16	434.2    
723.564	408.59  
723.968	441.18  
724.371	459.81  
724.775	473.78  
725.178	431.87  
725.582	436.53  
725.985	378.32  
726.388	429.54  
726.792	473.78  
727.195	462.14  
727.598	376     
728.001	334.09  
728.404	396.95  
728.807	469.12  
729.21	459.81   
729.612	364.35  
730.015	436.53  
730.418	427.21  
730.82	299.17   
731.223	392.29  
731.625	387.64  
732.028	436.53  
732.43	427.21   
732.833	355.04  
733.235	438.86  
733.637	436.53  
734.039	436.53  
734.441	487.75  
734.843	434.2   
735.245	424.89  
735.647	417.9   
736.049	389.96  
736.451	424.89  
736.852	380.65  
737.254	362.03  
737.655	408.59  
738.057	431.87  
738.458	357.37  
738.86	385.31   
739.261	431.87  
739.662	436.53  
740.064	485.42  
740.465	490.07  
740.866	410.92  
741.267	429.54  
741.668	431.87  
742.069	382.98  
742.469	408.59  
742.87	457.48   
743.271	434.2   
743.672	471.45  
744.072	452.82  
744.473	394.62  
744.873	415.57  
745.274	436.53  
745.674	492.4   
746.074	417.9   
746.474	415.57  
746.875	459.81  
747.275	431.87  
747.675	469.12  
748.075	417.9   
748.474	413.25  
748.874	434.2   
749.274	429.54  
749.674	392.29  
750.073	427.21  
750.473	448.17  
750.873	427.21  
751.272	429.54  
751.671	406.26  
752.071	413.25  
752.47	462.14   
752.869	441.18  
753.268	429.54  
753.668	483.09  
754.067	406.26  
754.466	357.37  
754.864	443.51  
755.263	424.89  
755.662	469.12  
756.061	385.31  
756.459	457.48  
756.858	413.25  
757.257	380.65  
757.655	420.23  
758.053	448.17  
758.452	471.45  
758.85	387.64   
759.248	427.21  
759.646	457.48  
760.045	420.23  
760.443	394.62  
760.841	441.18  
761.238	394.62  
761.636	429.54  
762.034	443.51  
762.432	452.82  
762.829	429.54  
763.227	396.95  
763.625	415.57  
764.022	380.65  
764.419	455.15  
764.817	420.23  
765.214	487.75  
765.611	445.84  
766.008	385.31  
766.406	436.53  
766.803	452.82  
767.199	415.57  
767.596	366.68  
767.993	429.54  
768.39	441.18   
768.787	431.87  
769.183	431.87  
769.58	406.26   
769.977	452.82  
770.373	434.2   
770.769	429.54  
771.166	382.98  
771.562	436.53  
771.958	427.21  
772.354	417.9   
772.75	373.67   
773.146	415.57  
773.542	450.5   
773.938	450.5   
774.334	389.96  
774.73	415.57   
775.126	413.25  
775.521	387.64  
775.917	438.86  
776.312	431.87  
776.708	376     
777.103	401.61  
777.499	380.65  
777.894	480.76  
778.289	457.48  
778.684	392.29  
779.079	448.17  
779.474	394.62  
779.869	366.68  
780.264	443.51  
780.659	410.92  
781.054	457.48  
781.448	420.23  
781.843	471.45  
782.238	422.56  
782.632	434.2   
783.027	424.89  
783.421	373.67  
783.815	427.21  
784.21	443.51   
784.604	441.18  
784.998	408.59  
785.392	364.35  
785.786	399.28  
786.18	422.56   
786.574	429.54  
786.968	427.21  
787.361	420.23  
787.755	422.56  
788.149	406.26  
788.542	434.2   
788.936	366.68  
789.329	471.45  
789.722	462.14  
790.116	422.56  
790.509	366.68  
790.902	415.57  
791.295	506.37  
791.688	389.96  
792.081	406.26  
792.474	434.2   
792.867	399.28  
793.26	434.2    
793.653	436.53  
794.045	469.12  
794.438	366.68  
794.83	413.25   
795.223	417.9   
795.615	473.78  
796.008	434.2   
796.4	415.57    
796.792	387.64  
797.184	441.18  
797.576	455.15  
797.968	380.65  
798.36	455.15   
798.752	445.84  
799.144	429.54  
799.536	408.59  
799.928	408.59  
800.319	413.25  
800.711	455.15  
801.102	457.48  
801.494	483.09  
801.885	417.9   
802.276	508.7   
802.668	441.18  
803.059	420.23  
803.45	469.12   
803.841	487.75  
804.232	422.56  
804.623	373.67  
805.014	369.01  
805.405	415.57  
805.795	429.54  
806.186	443.51  
806.577	434.2   
806.967	441.18  
807.358	427.21  
807.748	410.92  
808.139	464.47  
808.529	455.15  
808.919	443.51  
809.309	380.65  
809.699	429.54  
810.089	459.81  
810.479	445.84  
810.869	450.5   
811.259	394.62  
811.649	420.23  
812.039	410.92  
812.428	389.96  
812.818	452.82  
813.207	350.39  
813.597	420.23  
813.986	308.48  
814.376	408.59  
814.765	427.21  
815.154	445.84  
815.543	350.39  
815.932	387.64  
816.321	385.31  
816.71	385.31   
817.099	455.15  
817.488	469.12  
817.877	352.71  
818.265	382.98  
818.654	373.67  
819.043	445.84  
819.431	452.82  
819.819	455.15  
820.208	476.11  
820.596	396.95  
820.984	431.87  
821.372	357.37  
821.761	403.93  
822.149	438.86  
822.537	403.93  
822.924	443.51  
823.312	392.29  
823.7	382.98    
824.088	406.26  
824.475	396.95  
824.863	450.5   
825.251	392.29  
825.638	452.82  
826.025	408.59  
826.413	459.81  
826.8	364.35    
827.187	387.64  
827.574	408.59  
827.961	450.5   
828.348	457.48  
828.735	410.92  
829.122	464.47  
829.509	487.75  
829.896	359.7   
830.282	410.92  
830.669	359.7   
831.055	483.09  
831.442	457.48  
831.828	389.96  
832.215	396.95  
832.601	399.28  
832.987	450.5   
833.373	387.64  
833.759	413.25  
834.145	417.9   
834.531	534.31  
834.917	434.2   
835.303	385.31  
835.689	443.51  
836.074	459.81  
836.46	452.82   
836.846	515.68  
837.231	420.23  
837.617	366.68  
838.002	387.64  
838.387	506.37  
838.772	466.79  
839.158	429.54  
839.543	406.26  
839.928	352.71  
840.313	415.57  
840.698	452.82  
841.082	355.04  
841.467	413.25  
841.852	483.09  
842.237	506.37  
842.621	422.56  
843.006	420.23  
843.39	401.61   
843.774	478.43  
844.159	466.79  
844.543	429.54  
844.927	429.54  
845.311	457.48  
845.695	443.51  
846.079	457.48  
846.463	410.92  
846.847	415.57  
847.231	415.57  
847.615	310.81  
847.998	392.29  
848.382	466.79  
848.765	431.87  
849.149	399.28  
849.532	457.48  
849.916	382.98  
850.299	415.57  
850.682	406.26  
851.065	445.84  
851.448	448.17  
851.831	406.26  
852.214	427.21  
852.597	455.15  
852.98	427.21   
853.363	415.57  
853.745	511.03  
854.128	478.43  
854.51	445.84   
854.893	436.53  
855.275	389.96  
855.658	403.93  
856.04	434.2    
856.422	413.25  
856.804	385.31  
857.186	436.53  
857.568	448.17  
857.95	362.03   
858.332	424.89  
858.714	387.64  
859.096	403.93  
859.477	466.79  
859.859	422.56  
860.24	389.96   
860.622	399.28  
861.003	429.54  
861.385	415.57  
861.766	424.89  
862.147	436.53  
862.528	431.87  
862.909	406.26  
863.29	473.78   
863.671	431.87  
864.052	394.62  
864.433	452.82  
864.814	394.62  
865.194	362.03  
865.575	490.07  
865.955	378.32  
866.336	441.18  
866.716	443.51  
867.097	450.5   
867.477	450.5   
867.857	459.81  
868.237	457.48  
868.617	441.18  
868.997	382.98  
869.377	499.39  
869.757	443.51  
870.137	452.82  
870.517	438.86  
870.896	392.29  
871.276	464.47  
871.655	399.28  
872.035	417.9   
872.414	448.17  
872.794	443.51  
873.173	445.84  
873.552	469.12  
873.931	399.28  
874.31	373.67   
874.689	441.18  
875.068	473.78  
875.447	448.17  
875.826	473.78  
876.205	476.11  
876.583	406.26  
876.962	427.21  
877.341	443.51  
877.719	422.56  
878.097	438.86  
878.476	413.25  
878.854	413.25  
879.232	450.5   
879.61	443.51   
879.988	382.98  
880.366	448.17  
880.744	420.23  
881.122	443.51  
881.5	352.71    
881.878	406.26  
882.255	369.01  
882.633	392.29  
883.011	380.65  
883.388	389.96  
883.765	445.84  
884.143	431.87  
884.52	466.79   
884.897	394.62  
885.274	473.78  
885.651	459.81  
886.028	448.17  
886.405	410.92  
886.782	373.67  
887.159	455.15  
887.536	406.26  
887.912	420.23  
888.289	415.57  
888.665	424.89  
889.042	348.06  
889.418	459.81  
889.794	466.79  
890.171	403.93  
890.547	343.4   
890.923	429.54  
891.299	331.76  
891.675	406.26  
892.051	373.67  
892.427	385.31  
892.803	410.92  
893.178	450.5   
893.554	394.62  
893.929	415.57  
894.305	434.2   
894.68	448.17   
895.056	480.76  
895.431	438.86  
895.806	403.93  
896.181	399.28  
896.557	415.57  
896.932	389.96  
897.307	369.01  
897.681	410.92  
898.056	497.06  
898.431	380.65  
898.806	441.18  
899.18	399.28   
899.555	438.86  
899.929	499.39  
900.304	417.9   
900.678	373.67  
901.052	329.43  
901.427	359.7   
901.801	483.09  
902.175	366.68  
902.549	410.92  
902.923	369.01  
903.297	417.9   
903.67	385.31   
904.044	434.2   
904.418	434.2   
904.791	385.31  
905.165	459.81  
905.538	387.64  
905.912	441.18  
906.285	403.93  
906.658	406.26  
907.032	415.57  
907.405	441.18  
907.778	429.54  
908.151	410.92  
908.524	436.53  
908.896	352.71  
909.269	457.48  
909.642	452.82  
910.015	420.23  
910.387	483.09  
910.76	459.81   
911.132	424.89  
911.504	441.18  
911.877	387.64  
912.249	436.53  
912.621	396.95  
912.993	408.59  
913.365	420.23  
913.737	399.28  
914.109	445.84  
914.481	371.34  
914.853	436.53  
915.224	438.86  
915.596	455.15  
915.968	357.37  
916.339	431.87  
916.71	348.06   
917.082	485.42  
917.453	352.71  
917.824	415.57  
918.195	457.48  
918.566	429.54  
918.937	382.98  
919.308	497.06  
919.679	441.18  
920.05	466.79   
920.421	443.51  
920.791	355.04  
921.162	396.95  
921.532	373.67  
921.903	424.89  
922.273	408.59  
922.644	373.67  
923.014	427.21  
923.384	448.17  
923.754	408.59  
924.124	403.93  
924.494	415.57  
924.864	403.93  
925.234	387.64  
925.604	366.68  
925.973	429.54  
926.343	417.9   
926.712	401.61  
927.082	413.25  
927.451	387.64  
927.821	471.45  
928.19	389.96   
928.559	364.35  
928.928	434.2   
929.297	422.56  
929.666	422.56  
930.035	366.68  
930.404	443.51  
930.773	417.9   
931.142	359.7   
931.51	345.73   
931.879	476.11  
932.247	497.06  
932.616	450.5   
932.984	441.18  
933.353	392.29  
933.721	429.54  
934.089	434.2   
934.457	424.89  
934.825	359.7   
935.193	406.26  
935.561	350.39  
935.929	487.75  
936.296	366.68  
936.664	441.18  
937.032	445.84  
937.399	413.25  
937.767	313.14  
938.134	392.29  
938.501	420.23  
938.869	422.56  
939.236	448.17  
939.603	403.93  
939.97	345.73   
940.337	448.17  
940.704	341.07  
941.071	378.32  
941.438	406.26  
941.804	443.51  
942.171	429.54  
942.538	403.93  
942.904	413.25  
943.27	343.4    
943.637	455.15  
944.003	420.23  
944.369	327.1   
944.735	513.36  
945.102	441.18  
945.468	427.21  
945.833	466.79  
946.199	476.11  
946.565	415.57  
946.931	420.23  
947.296	408.59  
947.662	490.07  
948.028	406.26  
948.393	492.4   
948.758	466.79  
949.124	459.81  
949.489	441.18  
949.854	483.09  
950.219	385.31  
950.584	448.17  
950.949	448.17  
951.314	373.67  
951.679	357.37  
952.044	462.14  
952.408	494.73  
952.773	476.11  
953.137	452.82  
953.502	448.17  
953.866	389.96  
954.231	452.82  
954.595	443.51  
954.959	408.59  
955.323	401.61  
955.687	371.34  
956.051	394.62  
956.415	445.84  
956.779	441.18  
957.143	466.79  
957.506	413.25  
957.87	494.73   
958.234	371.34  
958.597	415.57  
958.961	401.61  
959.324	396.95  
959.687	490.07  
960.05	385.31   
960.413	408.59  
960.776	471.45  
961.139	417.9   
961.502	464.47  
961.865	382.98  
962.228	389.96  
962.591	385.31  
962.953	408.59  
963.316	422.56  
963.678	424.89  
964.041	459.81  
964.403	410.92  
964.765	422.56  
965.128	359.7   
965.49	450.5    
965.852	452.82  
966.214	410.92  
966.576	401.61  
966.938	399.28  
967.299	424.89  
967.661	417.9   
968.023	322.45  
968.384	424.89  
968.746	455.15  
969.107	394.62  
969.469	427.21  
969.83	431.87   
970.191	427.21  
970.552	413.25  
970.913	382.98  
971.274	385.31  
971.635	345.73  
971.996	394.62  
972.357	443.51  
972.718	401.61  
973.078	401.61  
973.439	378.32  
973.8	382.98    
974.16	441.18   
974.52	406.26   
974.881	387.64  
975.241	450.5   
975.601	410.92  
975.961	443.51  
976.321	464.47  
976.681	417.9   
977.041	476.11  
977.401	462.14  
977.76	366.68   
978.12	385.31   
978.48	376      
978.839	378.32  
979.199	450.5   
979.558	359.7   
979.917	359.7   
980.277	466.79  
980.636	362.03  
980.995	387.64  
981.354	380.65  
981.713	399.28  
982.072	396.95  
982.43	399.28   
982.789	422.56  
983.148	436.53  
983.506	394.62  
983.865	445.84  
984.223	450.5   
984.582	457.48  
984.94	385.31   
985.298	369.01  
985.656	413.25  
986.015	434.2   
986.373	401.61  
986.731	364.35  
987.088	389.96  
987.446	401.61  
987.804	445.84  
988.162	452.82  
988.519	387.64  
988.877	464.47  
989.234	373.67  
989.591	445.84  
989.949	436.53  
990.306	445.84  
990.663	431.87  
991.02	406.26   
991.377	422.56  
991.734	413.25  
992.091	450.5   
992.448	443.51  
992.805	441.18  
993.161	504.04  
993.518	452.82  
993.874	429.54  
994.231	459.81  
994.587	369.01  
994.943	341.07  
995.3	408.59    
995.656	457.48  
996.012	443.51  
996.368	385.31  
996.724	455.15  
997.08	366.68   
997.435	406.26  
997.791	427.21  
998.147	364.35  
998.502	338.75  
998.858	499.39  
999.213	478.43  
999.569	455.15  
999.924	382.98  
1000.279	438.86 
1000.634	445.84 
1000.989	462.14 
1001.344	427.21 
1001.699	396.95 
1002.054	341.07 
1002.409	455.15 
1002.764	441.18 
1003.118	459.81 
1003.473	413.25 
1003.827	464.47 
1004.182	459.81 
1004.536	438.86 
1004.89	438.86  
1005.245	401.61 
1005.599	417.9  
1005.953	369.01 
1006.307	373.67 
1006.661	387.64 
1007.015	490.07 
1007.368	431.87 
1007.722	376    
1008.076	406.26 
1008.429	417.9  
1008.783	385.31 
1009.136	438.86 
1009.489	527.33 
1009.843	380.65 
1010.196	389.96 
1010.549	392.29 
1010.902	364.35 
1011.255	422.56 
1011.608	413.25 
1011.961	408.59 
1012.313	378.32 
1012.666	457.48 
1013.019	415.57 
1013.371	438.86 
1013.724	422.56 
1014.076	399.28 
1014.428	518.01 
1014.781	417.9  
1015.133	443.51 
1015.485	448.17 
1015.837	371.34 
1016.189	431.87 
1016.541	436.53 
1016.893	394.62 
1017.244	331.76 
1017.596	394.62 
1017.947	448.17 
1018.299	357.37 
1018.65	392.29  
1019.002	450.5  
1019.353	378.32 
1019.704	410.92 
1020.055	476.11 
1020.407	490.07 
1020.758	406.26 
1021.108	422.56 
1021.459	462.14 
1021.81	424.89  
1022.161	422.56 
1022.511	385.31 
1022.862	406.26 
1023.213	394.62 
1023.563	427.21 
1023.913	410.92 
1024.264	448.17 
1024.614	394.62 
1024.964	448.17 
1025.314	431.87 
1025.664	369.01 
1026.014	410.92 
1026.364	396.95 
1026.713	434.2  
1027.063	448.17 
1027.413	436.53 
1027.762	369.01 
1028.112	445.84 
1028.461	422.56 
1028.81	415.57  
1029.16	408.59  
1029.509	436.53 
1029.858	399.28 
1030.207	345.73 
1030.556	417.9  
1030.905	408.59 
1031.254	441.18 
1031.602	394.62 
1031.951	387.64 
1032.3	413.25   
1032.648	399.28 
1032.996	399.28 
1033.345	399.28 