187.879	-71.74  
188.346	-71.74  
188.813	-71.74  
189.28	-122.96  
189.747	-125.28 
190.214	-88.03  
190.681	-97.35  
191.148	-46.13  
191.614	-76.39  
192.081	-83.38  
192.548	-8.88   
193.014	-8.88   
193.481	-57.77  
193.948	-6.55   
194.414	21.39   
194.881	49.33   
195.347	67.95   
195.813	40.02   
196.28	102.87   
196.746	102.87  
197.212	88.91   
197.678	158.75  
198.145	177.38  
198.611	230.92  
199.077	235.58  
199.543	251.88  
200.009	226.27  
200.475	254.2   
200.941	324.05  
201.407	307.75  
201.873	258.86  
202.338	372.94  
202.804	303.1   
203.27	328.71   
203.735	384.58  
204.201	379.92  
204.667	389.24  
205.132	335.69  
205.598	331.03  
206.063	405.53  
206.529	333.36  
206.994	389.24  
207.459	375.27  
207.925	424.16  
208.39	377.6    
208.855	389.24  
209.32	407.86   
209.785	470.72  
210.25	335.69   
210.715	424.16  
211.18	403.21   
211.645	407.86  
212.11	335.69   
212.575	365.96  
213.04	307.75   
213.504	363.63  
213.969	445.11  
214.434	370.61  
214.899	363.63  
215.363	351.99  
215.828	379.92  
216.292	342.67  
216.757	384.58  
217.221	417.17  
217.685	542.89  
218.15	351.99   
218.614	398.55  
219.078	326.38  
219.542	426.49  
220.007	358.97  
220.471	319.39  
220.935	379.92  
221.399	310.08  
221.863	347.33  
222.327	345     
222.791	396.22  
223.254	347.33  
223.718	349.66  
224.182	298.44  
224.646	282.14  
225.109	331.03  
225.573	368.28  
226.037	386.91  
226.5	356.64    
226.964	372.94  
227.427	331.03  
227.89	289.13   
228.354	345     
228.817	386.91  
229.28	389.24   
229.744	321.72  
230.207	286.8   
230.67	379.92   
231.133	414.85  
231.596	319.39  
232.059	303.1   
232.522	393.89  
232.985	356.64  
233.448	396.22  
233.911	326.38  
234.374	372.94  
234.836	358.97  
235.299	396.22  
235.762	400.88  
236.224	356.64  
236.687	356.64  
237.149	326.38  
237.612	303.1   
238.074	426.49  
238.537	424.16  
238.999	368.28  
239.461	328.71  
239.924	400.88  
240.386	398.55  
240.848	405.53  
241.31	377.6    
241.772	391.57  
242.234	417.17  
242.696	338.02  
243.158	349.66  
243.62	331.03   
244.082	407.86  
244.544	296.11  
245.006	396.22  
245.468	382.25  
245.929	303.1   
246.391	356.64  
246.852	403.21  
247.314	331.03  
247.776	375.27  
248.237	438.13  
248.698	391.57  
249.16	414.85   
249.621	382.25  
250.082	382.25  
250.544	389.24  
251.005	375.27  
251.466	317.06  
251.927	375.27  
252.388	342.67  
252.849	365.96  
253.31	438.13   
253.771	426.49  
254.232	354.31  
254.693	324.05  
255.154	321.72  
255.615	300.77  
256.075	351.99  
256.536	384.58  
256.997	324.05  
257.457	340.35  
257.918	349.66  
258.378	342.67  
258.839	354.31  
259.299	393.89  
259.759	358.97  
260.22	331.03   
260.68	389.24   
261.14	398.55   
261.6	405.53    
262.06	419.5    
262.521	354.31  
262.981	370.61  
263.441	407.86  
263.901	414.85  
264.36	342.67   
264.82	384.58   
265.28	333.36   
265.74	398.55   
266.2	424.16    
266.659	356.64  
267.119	410.19  
267.579	370.61  
268.038	440.46  
268.498	368.28  
268.957	382.25  
269.416	421.83  
269.876	379.92  
270.335	428.82  
270.794	363.63  
271.254	398.55  
271.713	405.53  
272.172	384.58  
272.631	440.46  
273.09	417.17   
273.549	393.89  
274.008	382.25  
274.467	321.72  
274.926	391.57  
275.385	370.61  
275.843	405.53  
276.302	300.77  
276.761	382.25  
277.22	384.58   
277.678	342.67  
278.137	461.41  
278.595	372.94  
279.054	440.46  
279.512	405.53  
279.97	417.17   
280.429	349.66  
280.887	426.49  
281.345	405.53  
281.803	400.88  
282.262	324.05  
282.72	354.31   
283.178	370.61  
283.636	386.91  
284.094	389.24  
284.552	435.8   
285.01	417.17   
285.467	431.14  
285.925	396.22  
286.383	491.68  
286.841	459.08  
287.298	393.89  
287.756	428.82  
288.213	354.31  
288.671	379.92  
289.128	335.69  
289.586	424.16  
290.043	365.96  
290.5	310.08    
290.958	398.55  
291.415	370.61  
291.872	428.82  
292.329	396.22  
292.786	438.13  
293.243	431.14  
293.7	435.8     
294.157	356.64  
294.614	358.97  
295.071	482.36  
295.528	484.69  
295.985	417.17  
296.441	377.6   
296.898	424.16  
297.355	384.58  
297.811	449.77  
298.268	417.17  
298.724	428.82  
299.181	386.91  
299.637	326.38  
300.094	400.88  
300.55	398.55   
301.006	361.3   
301.462	400.88  
301.919	435.8   
302.375	370.61  
302.831	421.83  
303.287	370.61  
303.743	426.49  
304.199	445.11  
304.655	403.21  
305.11	405.53   
305.566	407.86  
306.022	342.67  
306.478	435.8   
306.933	419.5   
307.389	419.5   
307.845	393.89  
308.3	435.8     
308.756	407.86  
309.211	384.58  
309.666	384.58  
310.122	424.16  
310.577	473.05  
311.032	440.46  
311.487	433.47  
311.943	386.91  
312.398	396.22  
312.853	426.49  
313.308	377.6   
313.763	368.28  
314.218	410.19  
314.672	400.88  
315.127	407.86  
315.582	405.53  
316.037	428.82  
316.492	398.55  
316.946	338.02  
317.401	440.46  
317.855	391.57  
318.31	356.64   
318.764	356.64  
319.219	368.28  
319.673	410.19  
320.127	379.92  
320.582	345     
321.036	358.97  
321.49	377.6    
321.944	379.92  
322.398	421.83  
322.852	407.86  
323.306	340.35  
323.76	358.97   
324.214	403.21  
324.668	447.44  
325.122	426.49  
325.575	400.88  
326.029	452.1   
326.483	396.22  
326.936	393.89  
327.39	407.86   
327.843	412.52  
328.297	368.28  
328.75	433.47   
329.204	391.57  
329.657	445.11  
330.11	428.82   
330.564	391.57  
331.017	494     
331.47	389.24   
331.923	412.52  
332.376	384.58  
332.829	379.92  
333.282	379.92  
333.735	356.64  
334.188	419.5   
334.641	475.38  
335.093	379.92  
335.546	454.43  
335.999	400.88  
336.451	417.17  
336.904	398.55  
337.356	426.49  
337.809	375.27  
338.261	338.02  
338.714	445.11  
339.166	417.17  
339.618	435.8   
340.07	391.57   
340.523	331.03  
340.975	505.64  
341.427	403.21  
341.879	426.49  
342.331	417.17  
342.783	377.6   
343.235	438.13  
343.687	396.22  
344.138	403.21  
344.59	356.64   
345.042	410.19  
345.494	468.39  
345.945	433.47  
346.397	396.22  
346.848	442.78  
347.3	375.27    
347.751	372.94  
348.203	335.69  
348.654	405.53  
349.105	391.57  
349.556	400.88  
350.008	338.02  
350.459	417.17  
350.91	428.82   
351.361	379.92  
351.812	407.86  
352.263	335.69  
352.714	449.77  
353.165	403.21  
353.615	445.11  
354.066	384.58  
354.517	500.99  
354.968	447.44  
355.418	433.47  
355.869	431.14  
356.319	410.19  
356.77	403.21   
357.22	449.77   
357.671	438.13  
358.121	382.25  
358.571	384.58  
359.021	405.53  
359.472	424.16  
359.922	449.77  
360.372	468.39  
360.822	377.6   
361.272	428.82  
361.722	396.22  
362.172	470.72  
362.622	428.82  
363.071	400.88  
363.521	477.71  
363.971	312.41  
364.42	335.69   
364.87	421.83   
365.32	393.89   
365.769	345     
366.219	405.53  
366.668	431.14  
367.117	405.53  
367.567	312.41  
368.016	435.8   
368.465	414.85  
368.914	419.5   
369.363	345     
369.812	377.6   
370.261	384.58  
370.71	405.53   
371.159	454.43  
371.608	440.46  
372.057	396.22  
372.506	414.85  
372.955	400.88  
373.403	375.27  
373.852	419.5   
374.301	405.53  
374.749	386.91  
375.198	365.96  
375.646	386.91  
376.094	393.89  
376.543	358.97  
376.991	410.19  
377.439	358.97  
377.887	400.88  
378.336	349.66  
378.784	419.5   
379.232	393.89  
379.68	452.1    
380.128	379.92  
380.576	391.57  
381.023	426.49  
381.471	368.28  
381.919	368.28  
382.367	379.92  
382.814	333.36  
383.262	459.08  
383.71	317.06   
384.157	410.19  
384.605	431.14  
385.052	445.11  
385.499	331.03  
385.947	440.46  
386.394	421.83  
386.841	438.13  
387.288	412.52  
387.735	410.19  
388.182	410.19  
388.63	438.13   
389.076	389.24  
389.523	452.1   
389.97	412.52   
390.417	417.17  
390.864	407.86  
391.311	417.17  
391.757	363.63  
392.204	377.6   
392.651	351.99  
393.097	468.39  
393.544	496.33  
393.99	403.21   
394.436	489.35  
394.883	347.33  
395.329	456.75  
395.775	358.97  
396.221	354.31  
396.668	382.25  
397.114	424.16  
397.56	417.17   
398.006	452.1   
398.452	361.3   
398.897	468.39  
399.343	484.69  
399.789	426.49  
400.235	386.91  
400.681	407.86  
401.126	382.25  
401.572	403.21  
402.017	333.36  
402.463	461.41  
402.908	407.86  
403.354	477.71  
403.799	475.38  
404.244	365.96  
404.689	386.91  
405.135	398.55  
405.58	424.16   
406.025	445.11  
406.47	452.1    
406.915	349.66  
407.36	403.21   
407.805	345     
408.25	417.17   
408.694	466.07  
409.139	428.82  
409.584	340.35  
410.029	431.14  
410.473	421.83  
410.918	440.46  
411.362	440.46  
411.807	442.78  
412.251	438.13  
412.695	419.5   
413.14	484.69   
413.584	419.5   
414.028	484.69  
414.472	459.08  
414.916	393.89  
415.36	403.21   
415.804	435.8   
416.248	463.74  
416.692	442.78  
417.136	503.32  
417.58	391.57   
418.024	398.55  
418.467	426.49  
418.911	414.85  
419.355	500.99  
419.798	379.92  
420.242	407.86  
420.685	468.39  
421.128	433.47  
421.572	365.96  
422.015	426.49  
422.458	463.74  
422.902	419.5   
423.345	396.22  
423.788	396.22  
424.231	389.24  
424.674	398.55  
425.117	351.99  
425.56	326.38   
426.003	410.19  
426.445	449.77  
426.888	375.27  
427.331	431.14  
427.773	389.24  
428.216	319.39  
428.659	345     
429.101	424.16  
429.543	358.97  
429.986	389.24  
430.428	382.25  
430.87	491.68   
431.313	391.57  
431.755	391.57  
432.197	445.11  
432.639	370.61  
433.081	435.8   
433.523	361.3   
433.965	384.58  
434.407	361.3   
434.849	398.55  
435.291	440.46  
435.732	375.27  
436.174	372.94  
436.616	454.43  
437.057	407.86  
437.499	391.57  
437.94	424.16   
438.382	379.92  
438.823	398.55  
439.264	459.08  
439.706	347.33  
440.147	438.13  
440.588	445.11  
441.029	440.46  
441.47	396.22   
441.911	405.53  
442.352	365.96  
442.793	440.46  
443.234	349.66  
443.675	391.57  
444.116	377.6   
444.556	424.16  
444.997	433.47  
445.438	410.19  
445.878	384.58  
446.319	428.82  
446.759	372.94  
447.199	386.91  
447.64	435.8    
448.08	433.47   
448.52	384.58   
448.961	431.14  
449.401	438.13  
449.841	412.52  
450.281	456.75  
450.721	414.85  
451.161	438.13  
451.601	417.17  
452.041	377.6   
452.48	421.83   
452.92	386.91   
453.36	389.24   
453.799	393.89  
454.239	433.47  
454.679	428.82  
455.118	410.19  
455.557	477.71  
455.997	438.13  
456.436	452.1   
456.875	431.14  
457.315	431.14  
457.754	400.88  
458.193	412.52  
458.632	410.19  
459.071	410.19  
459.51	433.47   
459.949	407.86  
460.388	400.88  
460.827	426.49  
461.265	421.83  
461.704	498.66  
462.143	407.86  
462.581	407.86  
463.02	491.68   
463.458	424.16  
463.897	470.72  
464.335	365.96  
464.774	389.24  
465.212	347.33  
465.65	442.78   
466.088	382.25  
466.527	386.91  
466.965	361.3   
467.403	466.07  
467.841	507.97  
468.279	417.17  
468.716	433.47  
469.154	487.02  
469.592	514.96  
470.03	405.53   
470.467	482.36  
470.905	512.63  
471.343	484.69  
471.78	442.78   
472.218	568.5   
472.655	538.24  
473.092	482.36  
473.53	519.61   
473.967	605.75  
474.404	528.93  
474.841	589.46  
475.278	561.52  
475.716	505.64  
476.153	636.02  
476.589	566.18  
477.026	647.66  
477.463	666.29  
477.9	629.04    
478.337	670.94  
478.773	738.46  
479.21	764.07   
479.647	824.6   
480.083	745.44  
480.52	789.68   
480.956	857.19  
481.392	817.62  
481.829	917.73  
482.265	980.59  
482.701	947.99  
483.137	1064.4  
483.574	1083.02 
484.01	1103.98  
484.446	1248.32 
484.882	1283.25 
485.317	1248.32 
485.753	1299.54 
486.189	1406.64 
486.625	1427.59 
487.061	1595.22 
487.496	1618.5  
487.932	1760.52 
488.367	1855.97 
488.803	1788.45 
489.238	1928.14 
489.674	2056.19 
490.109	2349.54 
490.544	2291.33 
490.979	2405.41 
491.415	2549.76 
491.85	2577.69  
492.285	2826.81 
492.72	2964.17  
493.155	2975.81 
493.59	3220.26  
494.024	3387.89 
494.459	3529.91 
494.894	3911.72 
495.329	3818.6  
495.763	4156.18 
496.198	4430.9  
496.632	4575.24 
497.067	4556.62 
497.501	4915.15 
497.936	5182.89 
498.37	5292.31  
498.804	5732.33 
499.238	6016.37 
499.673	6181.67 
500.107	6682.22 
500.541	7022.13 
500.975	7068.69 
501.409	7788.09 
501.843	7881.21 
502.277	8223.45 
502.71	8556.38  
503.144	8975.44 
503.578	9573.78 
504.011	9676.21 
504.445	10116.23
504.878	10591.18
505.312	11052.15
505.745	11522.43
506.179	11936.84
506.612	12344.27
507.045	12968.21
507.479	13552.58
507.912	13797.03
508.345	14348.8 
508.778	15077.51
509.211	15273.08
509.644	15910.99
510.077	16488.37
510.509	16858.55
510.942	17389.36
511.375	17673.4 
511.808	17969.07
512.24	18579.05 
512.673	19109.86
513.105	19347.34
513.538	19354.32
513.97	19892.12 
514.403	20290.23
514.835	20648.77
515.267	20669.72
515.699	20786.13
516.131	21174.93
516.564	20853.65
516.996	21149.32
517.428	21684.79
517.859	21268.06
518.291	21575.37
518.723	21149.32
519.155	21146.99
519.587	21000.32
520.018	20867.61
520.45	20723.27 
520.881	20392.67
521.313	19736.14
521.744	19545.23
522.176	19335.69
522.607	19328.71
523.038	18399.78
523.47	18462.64 
523.901	17813.09
524.332	17671.07
524.763	17275.28
525.194	16979.61
525.625	16269.53
526.056	15973.85
526.487	15687.49
526.917	14898.25
527.348	14779.51
527.779	14008.89
528.21	14015.88 
528.64	13573.53 
529.071	13133.51
529.501	12937.95
529.932	12404.8 
530.362	12053.25
530.792	11818.11
531.222	11240.73
531.653	11287.29
532.083	10768.11
532.513	10593.5 
532.943	10218.67
533.373	9794.95 
533.803	9869.45 
534.233	9536.53 
534.663	9164.02 
535.092	8866.02 
535.522	8900.94 
535.952	8607.59 
536.381	8253.72 
536.811	8211.81 
537.24	7937.09  
537.67	7685.65  
538.099	7515.69 
538.529	7296.85 
538.958	7010.49 
539.387	6854.5  
539.816	6579.78 
540.245	6628.67 
540.674	6384.21 
541.103	6107.17 
541.532	5920.91 
541.961	5885.99 
542.39	5716.04  
542.819	5522.8  
543.248	5362.16 
543.676	5241.09 
544.105	4985    
544.534	4994.31 
544.962	4696.31 
545.391	4533.34 
545.819	4635.78 
546.247	4260.94 
546.676	4177.13 
547.104	4121.26 
547.532	3932.68 
547.96	3895.43  
548.388	3716.16 
548.816	3553.19 
549.244	3413.5  
549.672	3450.75 
550.1	3222.59   
550.528	3155.08 
550.956	2975.81 
551.383	3008.4  
551.811	2975.81 
552.238	2880.35 
552.666	2740.67 
553.094	2668.49 
553.521	2652.2  
553.948	2570.71 
554.376	2580.02 
554.803	2337.9  
555.23	2291.33  
555.657	2256.41 
556.084	2242.44 
556.511	2130.69 
556.938	2116.72 
557.365	1911.84 
557.792	1993.33 
558.219	1911.84 
558.646	1930.47 
559.072	1862.95 
559.499	1788.45 
559.926	1786.13 
560.352	1634.8  
560.779	1699.98 
561.205	1730.25 
561.632	1651.09 
562.058	1488.12 
562.484	1588.23 
562.91	1490.45  
563.337	1544    
563.763	1443.89 
564.189	1399.65 
564.615	1401.98 
565.041	1357.75 
565.466	1381.03 
565.892	1343.78 
566.318	1206.42 
566.744	1248.32 
567.169	1157.53 
567.595	1234.35 
568.021	1206.42 
568.446	1169.17 
568.872	1124.93 
569.297	1099.32 
569.722	1062.07 
570.148	1034.13 
570.573	1001.54 
570.998	980.59  
571.423	966.62  
571.848	957.3   
572.273	966.62  
572.698	927.04  
573.123	978.26  
573.548	892.12  
573.973	901.43  
574.397	803.65  
574.822	759.41  
575.247	840.9   
575.671	780.37  
576.096	789.68  
576.52	778.04   
576.944	833.91  
577.369	754.76  
577.793	747.77  
578.217	798.99  
578.641	764.07  
579.065	689.57  
579.49	691.9    
579.914	708.19  
580.337	687.24  
580.761	682.58  
581.185	705.86  
581.609	698.88  
582.033	668.61  
582.456	663.96  
582.88	666.29   
583.303	631.36  
583.727	640.68  
584.15	594.11   
584.574	680.26  
584.997	596.44  
585.42	594.11   
585.844	570.83  
586.267	640.68  
586.69	589.46   
587.113	533.58  
587.536	528.93  
587.959	489.35  
588.382	538.24  
588.804	540.57  
589.227	507.97  
589.65	570.83   
590.073	591.79  
590.495	589.46  
590.918	589.46  
591.34	531.25   
591.763	512.63  
592.185	512.63  
592.607	535.91  
593.03	531.25   
593.452	510.3   
593.874	505.64  
594.296	440.46  
594.718	489.35  
595.14	538.24   
595.562	468.39  
595.984	503.32  
596.406	489.35  
596.827	452.1   
597.249	477.71  
597.671	503.32  
598.092	477.71  
598.514	498.66  
598.935	466.07  
599.357	484.69  
599.778	477.71  
600.199	424.16  
600.621	428.82  
601.042	445.11  
601.463	463.74  
601.884	503.32  
602.305	452.1   
602.726	477.71  
603.147	449.77  
603.568	482.36  
603.988	473.05  
604.409	466.07  
604.83	498.66   
605.25	494      
605.671	417.17  
606.092	468.39  
606.512	510.3   
606.932	447.44  
607.353	440.46  
607.773	468.39  
608.193	386.91  
608.613	407.86  
609.034	431.14  
609.454	419.5   
609.874	442.78  
610.293	456.75  
610.713	398.55  
611.133	433.47  
611.553	482.36  
611.973	419.5   
612.392	417.17  
612.812	389.24  
613.231	466.07  
613.651	454.43  
614.07	445.11   
614.49	403.21   
614.909	449.77  
615.328	440.46  
615.747	440.46  
616.167	468.39  
616.586	358.97  
617.005	391.57  
617.424	391.57  
617.843	475.38  
618.261	414.85  
618.68	428.82   
619.099	417.17  
619.518	370.61  
619.936	487.02  
620.355	517.29  
620.773	459.08  
621.192	449.77  
621.61	426.49   
622.029	489.35  
622.447	433.47  
622.865	461.41  
623.283	424.16  
623.701	333.36  
624.119	428.82  
624.537	372.94  
624.955	377.6   
625.373	405.53  
625.791	403.21  
626.209	445.11  
626.627	417.17  
627.044	428.82  
627.462	438.13  
627.879	377.6   
628.297	459.08  
628.714	426.49  
629.132	398.55  
629.549	445.11  
629.966	438.13  
630.383	396.22  
630.8	342.67    
631.217	375.27  
631.634	365.96  
632.051	379.92  
632.468	396.22  
632.885	435.8   
633.302	438.13  
633.719	466.07  
634.135	473.05  
634.552	372.94  
634.969	417.17  
635.385	417.17  
635.801	435.8   
636.218	398.55  
636.634	440.46  
637.05	389.24   
637.467	435.8   
637.883	421.83  
638.299	333.36  
638.715	410.19  
639.131	365.96  
639.547	379.92  
639.963	377.6   
640.378	426.49  
640.794	393.89  
641.21	414.85   
641.626	393.89  
642.041	382.25  
642.457	412.52  
642.872	410.19  
643.287	396.22  
643.703	452.1   
644.118	375.27  
644.533	396.22  
644.948	412.52  
645.364	349.66  
645.779	317.06  
646.194	368.28  
646.609	480.03  
647.023	331.03  
647.438	331.03  
647.853	347.33  
648.268	321.72  
648.682	358.97  
649.097	363.63  
649.511	456.75  
649.926	400.88  
650.34	470.72   
650.755	447.44  
651.169	351.99  
651.583	431.14  
651.997	361.3   
652.411	345     
652.825	431.14  
653.239	435.8   
653.653	405.53  
654.067	375.27  
654.481	356.64  
654.895	410.19  
655.309	440.46  
655.722	396.22  
656.136	428.82  
656.549	470.72  
656.963	440.46  
657.376	414.85  
657.79	386.91   
658.203	426.49  
658.616	326.38  
659.029	410.19  
659.442	428.82  
659.855	396.22  
660.268	431.14  
660.681	393.89  
661.094	384.58  
661.507	459.08  
661.92	386.91   
662.333	442.78  
662.745	410.19  
663.158	461.41  
663.57	419.5    
663.983	382.25  
664.395	377.6   
664.808	403.21  
665.22	424.16   
665.632	421.83  
666.044	365.96  
666.456	363.63  
666.868	396.22  
667.28	335.69   
667.692	363.63  
668.104	400.88  
668.516	375.27  
668.928	335.69  
669.34	398.55   
669.751	426.49  
670.163	403.21  
670.574	386.91  
670.986	440.46  
671.397	403.21  
671.809	370.61  
672.22	358.97   
672.631	354.31  
673.042	414.85  
673.453	405.53  
673.864	417.17  
674.275	391.57  
674.686	412.52  
675.097	424.16  
675.508	400.88  
675.919	421.83  
676.33	351.99   
676.74	396.22   
677.151	438.13  
677.561	379.92  
677.972	368.28  
678.382	393.89  
678.792	335.69  
679.203	370.61  
679.613	426.49  
680.023	354.31  
680.433	396.22  
680.843	398.55  
681.253	449.77  
681.663	407.86  
682.073	351.99  
682.483	386.91  
682.893	375.27  
683.302	438.13  
683.712	338.02  
684.122	333.36  
684.531	396.22  
684.94	480.03   
685.35	351.99   
685.759	372.94  
686.168	351.99  
686.578	386.91  
686.987	442.78  
687.396	510.3   
687.805	393.89  
688.214	426.49  
688.623	419.5   
689.032	452.1   
689.44	417.17   
689.849	424.16  
690.258	379.92  
690.666	454.43  
691.075	433.47  
691.484	375.27  
691.892	345     
692.3	338.02    
692.709	431.14  
693.117	410.19  
693.525	345     
693.933	412.52  
694.341	396.22  
694.749	382.25  
695.157	435.8   
695.565	426.49  
695.973	363.63  
696.381	396.22  
696.788	403.21  
697.196	342.67  
697.604	421.83  
698.011	393.89  
698.419	480.03  
698.826	484.69  
699.234	407.86  
699.641	368.28  
700.048	340.35  
700.455	400.88  
700.862	384.58  
701.269	365.96  
701.676	470.72  
702.083	386.91  
702.49	417.17   
702.897	368.28  
703.304	410.19  
703.71	368.28   
704.117	400.88  
704.524	435.8   
704.93	452.1    
705.337	389.24  
705.743	391.57  
706.149	412.52  
706.556	459.08  
706.962	358.97  
707.368	379.92  
707.774	389.24  
708.18	419.5    
708.586	377.6   
708.992	456.75  
709.398	393.89  
709.804	347.33  
710.209	356.64  
710.615	382.25  
711.021	421.83  
711.426	391.57  
711.832	470.72  
712.237	372.94  
712.642	361.3   
713.048	363.63  
713.453	347.33  
713.858	386.91  
714.263	310.08  
714.668	338.02  
715.073	449.77  
715.478	456.75  
715.883	382.25  
716.288	354.31  
716.693	447.44  
717.097	456.75  
717.502	398.55  
717.906	393.89  
718.311	482.36  
718.715	356.64  
719.12	351.99   
719.524	314.74  
719.928	340.35  
720.333	333.36  
720.737	466.07  
721.141	435.8   
721.545	412.52  
721.949	345     
722.353	407.86  
722.757	435.8   
723.16	398.55   
723.564	433.47  
723.968	375.27  
724.371	351.99  
724.775	361.3   
725.178	435.8   
725.582	358.97  
725.985	340.35  
726.388	403.21  
726.792	389.24  
727.195	431.14  
727.598	410.19  
728.001	382.25  
728.404	396.22  
728.807	365.96  
729.21	498.66   
729.612	440.46  
730.015	426.49  
730.418	391.57  
730.82	405.53   
731.223	414.85  
731.625	372.94  
732.028	459.08  
732.43	370.61   
732.833	363.63  
733.235	396.22  
733.637	435.8   
734.039	335.69  
734.441	407.86  
734.843	407.86  
735.245	419.5   
735.647	370.61  
736.049	356.64  
736.451	398.55  
736.852	375.27  
737.254	412.52  
737.655	389.24  
738.057	447.44  
738.458	375.27  
738.86	345      
739.261	391.57  
739.662	384.58  
740.064	379.92  
740.465	480.03  
740.866	375.27  
741.267	324.05  
741.668	396.22  
742.069	338.02  
742.469	358.97  
742.87	377.6    
743.271	398.55  
743.672	368.28  
744.072	414.85  
744.473	405.53  
744.873	410.19  
745.274	431.14  
745.674	447.44  
746.074	349.66  
746.474	414.85  
746.875	426.49  
747.275	414.85  
747.675	375.27  
748.075	349.66  
748.474	349.66  
748.874	468.39  
749.274	419.5   
749.674	377.6   
750.073	433.47  
750.473	433.47  
750.873	349.66  
751.272	398.55  
751.671	414.85  
752.071	391.57  
752.47	414.85   
752.869	405.53  
753.268	398.55  
753.668	456.75  
754.067	365.96  
754.466	400.88  
754.864	410.19  
755.263	421.83  
755.662	393.89  
756.061	340.35  
756.459	375.27  
756.858	324.05  
757.257	396.22  
757.655	377.6   
758.053	400.88  
758.452	368.28  
758.85	365.96   
759.248	438.13  
759.646	358.97  
760.045	473.05  
760.443	405.53  
760.841	428.82  
761.238	463.74  
761.636	396.22  
762.034	421.83  
762.432	410.19  
762.829	328.71  
763.227	393.89  
763.625	358.97  
764.022	349.66  
764.419	426.49  
764.817	410.19  
765.214	414.85  
765.611	372.94  
766.008	368.28  
766.406	412.52  
766.803	421.83  
767.199	405.53  
767.596	356.64  
767.993	396.22  
768.39	452.1    
768.787	400.88  
769.183	382.25  
769.58	438.13   
769.977	377.6   
770.373	396.22  
770.769	445.11  
771.166	468.39  
771.562	431.14  
771.958	405.53  
772.354	382.25  
772.75	365.96   
773.146	354.31  
773.542	410.19  
773.938	386.91  
774.334	477.71  
774.73	419.5    
775.126	403.21  
775.521	398.55  
775.917	433.47  
776.312	461.41  
776.708	375.27  
777.103	414.85  
777.499	324.05  
777.894	382.25  
778.289	410.19  
778.684	456.75  
779.079	354.31  
779.474	412.52  
779.869	384.58  
780.264	393.89  
780.659	445.11  
781.054	379.92  
781.448	405.53  
781.843	354.31  
782.238	452.1   
782.632	412.52  
783.027	389.24  
783.421	452.1   
783.815	310.08  
784.21	391.57   
784.604	391.57  
784.998	393.89  
785.392	447.44  
785.786	358.97  
786.18	398.55   
786.574	398.55  
786.968	317.06  
787.361	393.89  
787.755	386.91  
788.149	398.55  
788.542	324.05  
788.936	370.61  
789.329	428.82  
789.722	382.25  
790.116	393.89  
790.509	393.89  
790.902	342.67  
791.295	375.27  
791.688	431.14  
792.081	377.6   
792.474	433.47  
792.867	365.96  
793.26	354.31   
793.653	368.28  
794.045	368.28  
794.438	400.88  
794.83	363.63   
795.223	477.71  
795.615	345     
796.008	363.63  
796.4	389.24    
796.792	393.89  
797.184	466.07  
797.576	379.92  
797.968	384.58  
798.36	384.58   
798.752	391.57  
799.144	351.99  
799.536	421.83  
799.928	386.91  
800.319	386.91  
800.711	398.55  
801.102	365.96  
801.494	405.53  
801.885	410.19  
802.276	433.47  
802.668	365.96  
803.059	396.22  
803.45	335.69   
803.841	431.14  
804.232	433.47  
804.623	405.53  
805.014	382.25  
805.405	351.99  
805.795	396.22  
806.186	405.53  
806.577	414.85  
806.967	426.49  
807.358	375.27  
807.748	289.13  
808.139	303.1   
808.529	419.5   
808.919	407.86  
809.309	372.94  
809.699	393.89  
810.089	396.22  
810.479	356.64  
810.869	347.33  
811.259	431.14  
811.649	391.57  
812.039	438.13  
812.428	386.91  
812.818	358.97  
813.207	345     
813.597	379.92  
813.986	426.49  
814.376	396.22  
814.765	372.94  
815.154	389.24  
815.543	314.74  
815.932	347.33  
816.321	326.38  
816.71	426.49   
817.099	370.61  
817.488	338.02  
817.877	326.38  
818.265	398.55  
818.654	407.86  
819.043	342.67  
819.431	414.85  
819.819	431.14  
820.208	351.99  
820.596	351.99  
820.984	347.33  
821.372	391.57  
821.761	414.85  
822.149	351.99  
822.537	389.24  
822.924	419.5   
823.312	431.14  
823.7	405.53    
824.088	398.55  
824.475	333.36  
824.863	365.96  
825.251	349.66  
825.638	354.31  
826.025	389.24  
826.413	384.58  
826.8	321.72    
827.187	354.31  
827.574	347.33  
827.961	314.74  
828.348	382.25  
828.735	414.85  
829.122	370.61  
829.509	396.22  
829.896	384.58  
830.282	379.92  
830.669	410.19  
831.055	487.02  
831.442	382.25  
831.828	521.94  
832.215	398.55  
832.601	412.52  
832.987	410.19  
833.373	347.33  
833.759	454.43  
834.145	393.89  
834.531	382.25  
834.917	393.89  
835.303	363.63  
835.689	403.21  
836.074	396.22  
836.46	417.17   
836.846	349.66  
837.231	412.52  
837.617	414.85  
838.002	354.31  
838.387	412.52  
838.772	424.16  
839.158	419.5   
839.543	433.47  
839.928	291.45  
840.313	396.22  
840.698	419.5   
841.082	398.55  
841.467	358.97  
841.852	382.25  
842.237	326.38  
842.621	333.36  
843.006	370.61  
843.39	400.88   
843.774	379.92  
844.159	407.86  
844.543	468.39  
844.927	421.83  
845.311	375.27  
845.695	365.96  
846.079	426.49  
846.463	326.38  
846.847	396.22  
847.231	433.47  
847.615	442.78  
847.998	384.58  
848.382	431.14  
848.765	428.82  
849.149	372.94  
849.532	438.13  
849.916	312.41  
850.299	377.6   
850.682	393.89  
851.065	407.86  
851.448	431.14  
851.831	424.16  
852.214	340.35  
852.597	424.16  
852.98	379.92   
853.363	372.94  
853.745	372.94  
854.128	349.66  
854.51	410.19   
854.893	417.17  
855.275	412.52  
855.658	435.8   
856.04	419.5    
856.422	347.33  
856.804	393.89  
857.186	391.57  
857.568	454.43  
857.95	361.3    
858.332	372.94  
858.714	400.88  
859.096	389.24  
859.477	370.61  
859.859	393.89  
860.24	291.45   
860.622	342.67  
861.003	356.64  
861.385	314.74  
861.766	372.94  
862.147	391.57  
862.528	361.3   
862.909	358.97  
863.29	356.64   
863.671	365.96  
864.052	365.96  
864.433	328.71  
864.814	386.91  
865.194	428.82  
865.575	377.6   
865.955	419.5   
866.336	456.75  
866.716	386.91  
867.097	421.83  
867.477	386.91  
867.857	440.46  
868.237	445.11  
868.617	391.57  
868.997	405.53  
869.377	433.47  
869.757	382.25  
870.137	403.21  
870.517	342.67  
870.896	312.41  
871.276	363.63  
871.655	333.36  
872.035	400.88  
872.414	393.89  
872.794	349.66  
873.173	347.33  
873.552	445.11  
873.931	393.89  
874.31	372.94   
874.689	377.6   
875.068	386.91  
875.447	445.11  
875.826	372.94  
876.205	375.27  
876.583	410.19  
876.962	410.19  
877.341	319.39  
877.719	361.3   
878.097	452.1   
878.476	338.02  
878.854	426.49  
879.232	447.44  
879.61	417.17   
879.988	433.47  
880.366	363.63  
880.744	417.17  
881.122	398.55  
881.5	426.49    
881.878	447.44  
882.255	431.14  
882.633	333.36  
883.011	389.24  
883.388	403.21  
883.765	477.71  
884.143	456.75  
884.52	384.58   
884.897	384.58  
885.274	386.91  
885.651	414.85  
886.028	338.02  
886.405	400.88  
886.782	424.16  
887.159	396.22  
887.536	372.94  
887.912	391.57  
888.289	398.55  
888.665	396.22  
889.042	386.91  
889.418	305.42  
889.794	375.27  
890.171	421.83  
890.547	382.25  
890.923	377.6   
891.299	440.46  
891.675	470.72  
892.051	391.57  
892.427	393.89  
892.803	433.47  
893.178	368.28  
893.554	317.06  
893.929	384.58  
894.305	368.28  
894.68	345      
895.056	396.22  
895.431	384.58  
895.806	396.22  
896.181	382.25  
896.557	370.61  
896.932	391.57  
897.307	372.94  
897.681	377.6   
898.056	477.71  
898.431	403.21  
898.806	393.89  
899.18	356.64   
899.555	396.22  
899.929	391.57  
900.304	410.19  
900.678	377.6   
901.052	377.6   
901.427	382.25  
901.801	361.3   
902.175	412.52  
902.549	377.6   
902.923	377.6   
903.297	412.52  
903.67	403.21   
904.044	354.31  
904.418	335.69  
904.791	345     
905.165	335.69  
905.538	312.41  
905.912	333.36  
906.285	324.05  
906.658	389.24  
907.032	403.21  
907.405	386.91  
907.778	393.89  
908.151	333.36  
908.524	389.24  
908.896	433.47  
909.269	345     
909.642	442.78  
910.015	454.43  
910.387	375.27  
910.76	354.31   
911.132	398.55  
911.504	489.35  
911.877	468.39  
912.249	354.31  
912.621	482.36  
912.993	351.99  
913.365	386.91  
913.737	400.88  
914.109	375.27  
914.481	375.27  
914.853	407.86  
915.224	428.82  
915.596	407.86  
915.968	400.88  
916.339	419.5   
916.71	445.11   
917.082	431.14  
917.453	412.52  
917.824	454.43  
918.195	389.24  
918.566	370.61  
918.937	345     
919.308	321.72  
919.679	365.96  
920.05	361.3    
920.421	347.33  
920.791	361.3   
921.162	382.25  
921.532	391.57  
921.903	365.96  
922.273	372.94  
922.644	403.21  
923.014	375.27  
923.384	407.86  
923.754	363.63  
924.124	300.77  
924.494	340.35  
924.864	386.91  
925.234	435.8   
925.604	379.92  
925.973	452.1   
926.343	438.13  
926.712	438.13  
927.082	421.83  
927.451	426.49  
927.821	400.88  
928.19	375.27   
928.559	375.27  
928.928	447.44  
929.297	384.58  
929.666	454.43  
930.035	354.31  
930.404	405.53  
930.773	379.92  
931.142	396.22  
931.51	365.96   
931.879	426.49  
932.247	414.85  
932.616	361.3   
932.984	391.57  
933.353	419.5   
933.721	417.17  
934.089	405.53  
934.457	393.89  
934.825	347.33  
935.193	365.96  
935.561	365.96  
935.929	377.6   
936.296	396.22  
936.664	428.82  
937.032	368.28  
937.399	424.16  
937.767	363.63  
938.134	386.91  
938.501	431.14  
938.869	424.16  
939.236	410.19  
939.603	356.64  
939.97	480.03   
940.337	405.53  
940.704	363.63  
941.071	393.89  
941.438	326.38  
941.804	312.41  
942.171	400.88  
942.538	398.55  
942.904	400.88  
943.27	421.83   
943.637	405.53  
944.003	393.89  
944.369	375.27  
944.735	435.8   
945.102	377.6   
945.468	396.22  
945.833	396.22  
946.199	433.47  
946.565	431.14  
946.931	354.31  
947.296	419.5   
947.662	414.85  
948.028	321.72  
948.393	354.31  
948.758	351.99  
949.124	338.02  
949.489	354.31  
949.854	400.88  
950.219	407.86  
950.584	431.14  
950.949	391.57  
951.314	379.92  
951.679	389.24  
952.044	361.3   
952.408	331.03  
952.773	417.17  
953.137	403.21  
953.502	403.21  
953.866	445.11  
954.231	433.47  
954.595	421.83  
954.959	447.44  
955.323	400.88  
955.687	365.96  
956.051	354.31  
956.415	349.66  
956.779	370.61  
957.143	356.64  
957.506	386.91  
957.87	347.33   
958.234	419.5   
958.597	370.61  
958.961	396.22  
959.324	414.85  
959.687	372.94  
960.05	328.71   
960.413	351.99  
960.776	377.6   
961.139	354.31  
961.502	365.96  
961.865	358.97  
962.228	384.58  
962.591	414.85  
962.953	384.58  
963.316	382.25  
963.678	424.16  
964.041	321.72  
964.403	419.5   
964.765	298.44  
965.128	398.55  
965.49	452.1    
965.852	345     
966.214	314.74  
966.576	398.55  
966.938	384.58  
967.299	354.31  
967.661	496.33  
968.023	403.21  
968.384	389.24  
968.746	363.63  
969.107	435.8   
969.469	410.19  
969.83	396.22   
970.191	445.11  
970.552	431.14  
970.913	496.33  
971.274	407.86  
971.635	396.22  
971.996	347.33  
972.357	368.28  
972.718	391.57  
973.078	398.55  
973.439	428.82  
973.8	470.72    
974.16	312.41   
974.52	361.3    
974.881	379.92  
975.241	384.58  
975.601	372.94  
975.961	414.85  
976.321	393.89  
976.681	407.86  
977.041	326.38  
977.401	412.52  
977.76	428.82   
978.12	377.6    
978.48	398.55   
978.839	449.77  
979.199	405.53  
979.558	356.64  
979.917	414.85  
980.277	426.49  
980.636	354.31  
980.995	391.57  
981.354	326.38  
981.713	363.63  
982.072	426.49  
982.43	365.96   
982.789	398.55  
983.148	375.27  
983.506	375.27  
983.865	361.3   
984.223	414.85  
984.582	300.77  
984.94	419.5    
985.298	377.6   
985.656	356.64  
986.015	242.56  
986.373	382.25  
986.731	407.86  
987.088	452.1   
987.446	419.5   
987.804	403.21  
988.162	389.24  
988.519	407.86  
988.877	382.25  
989.234	393.89  
989.591	340.35  
989.949	403.21  
990.306	342.67  
990.663	375.27  
991.02	363.63   
991.377	396.22  
991.734	424.16  
992.091	356.64  
992.448	414.85  
992.805	338.02  
993.161	396.22  
993.518	424.16  
993.874	405.53  
994.231	410.19  
994.587	363.63  
994.943	372.94  
995.3	414.85    
995.656	438.13  
996.012	361.3   
996.368	356.64  
996.724	473.05  
997.08	372.94   
997.435	454.43  
997.791	379.92  
998.147	410.19  
998.502	347.33  
998.858	370.61  
999.213	435.8   
999.569	365.96  
999.924	379.92  
1000.279	340.35 
1000.634	338.02 
1000.989	356.64 
1001.344	386.91 
1001.699	393.89 
1002.054	428.82 
1002.409	391.57 
1002.764	354.31 
1003.118	326.38 
1003.473	405.53 
1003.827	347.33 
1004.182	347.33 
1004.536	356.64 
1004.89	356.64  
1005.245	372.94 
1005.599	321.72 
1005.953	368.28 
1006.307	410.19 
1006.661	386.91 
1007.015	338.02 
1007.368	368.28 
1007.722	331.03 
1008.076	398.55 
1008.429	405.53 
1008.783	372.94 
1009.136	358.97 
1009.489	461.41 
1009.843	389.24 
1010.196	382.25 
1010.549	398.55 
1010.902	377.6  
1011.255	400.88 
1011.608	379.92 
1011.961	351.99 
1012.313	412.52 
1012.666	424.16 
1013.019	361.3  
1013.371	365.96 
1013.724	384.58 
1014.076	377.6  
1014.428	368.28 
1014.781	319.39 
1015.133	419.5  
1015.485	377.6  
1015.837	391.57 
1016.189	386.91 
1016.541	466.07 
1016.893	305.42 
1017.244	349.66 
1017.596	421.83 
1017.947	391.57 
1018.299	324.05 
1018.65	361.3   
1019.002	358.97 
1019.353	349.66 
1019.704	389.24 
1020.055	435.8  
1020.407	351.99 
1020.758	284.47 
1021.108	331.03 
1021.459	384.58 
1021.81	333.36  
1022.161	365.96 
1022.511	368.28 
1022.862	391.57 
1023.213	386.91 
1023.563	370.61 
1023.913	335.69 
1024.264	400.88 
1024.614	328.71 
1024.964	312.41 
1025.314	389.24 
1025.664	412.52 
1026.014	351.99 
1026.364	345    
1026.713	354.31 
1027.063	426.49 
1027.413	405.53 
1027.762	435.8  
1028.112	351.99 
1028.461	389.24 
1028.81	370.61  
1029.16	410.19  
1029.509	351.99 
1029.858	412.52 
1030.207	412.52 
1030.556	393.89 
1030.905	328.71 
1031.254	407.86 
1031.602	368.28 
1031.951	363.63 
1032.3	363.63   
1032.648	400.88 
1032.996	400.88 
1033.345	400.88 