187.879	-29.97  
188.346	-29.97  
188.813	-29.97  
189.28	-102.15  
189.747	-76.54  
190.214	-29.97  
190.681	-60.24  
191.148	-99.82  
191.614	-81.19  
192.081	-67.23  
192.548	-71.88  
193.014	-78.87  
193.481	-4.37   
193.948	-27.65  
194.414	53.84   
194.881	98.07   
195.347	28.23   
195.813	42.2    
196.28	63.15    
196.746	133     
197.212	102.73  
197.678	165.59  
198.145	181.89  
198.611	235.43  
199.077	209.82  
199.543	272.68  
200.009	184.21  
200.475	153.95  
200.941	400.73  
201.407	288.98  
201.873	344.86  
202.338	398.4   
202.804	368.14  
203.27	309.93   
203.735	351.84  
204.201	342.53  
204.667	370.47  
205.132	302.95  
205.598	396.08  
206.063	342.53  
206.529	407.72  
206.994	398.4   
207.459	391.42  
207.925	340.2   
208.39	375.12   
208.855	435.65  
209.32	417.03   
209.785	412.37  
210.25	428.67   
210.715	377.45  
211.18	435.65   
211.645	412.37  
212.11	363.48   
212.575	319.25  
213.04	391.42   
213.504	305.28  
213.969	424.01  
214.434	323.9   
214.899	400.73  
215.363	361.15  
215.828	361.15  
216.292	358.83  
216.757	426.34  
217.221	435.65  
217.685	496.19  
218.15	323.9    
218.614	363.48  
219.078	337.87  
219.542	351.84  
220.007	330.89  
220.471	356.5   
220.935	389.09  
221.399	298.29  
221.863	389.09  
222.327	391.42  
222.791	372.79  
223.254	277.34  
223.718	356.5   
224.182	365.81  
224.646	300.62  
225.109	309.93  
225.573	379.78  
226.037	321.58  
226.5	326.23    
226.964	386.76  
227.427	312.26  
227.89	356.5    
228.354	330.89  
228.817	403.06  
229.28	386.76   
229.744	368.14  
230.207	400.73  
230.67	368.14   
231.133	340.2   
231.596	326.23  
232.059	372.79  
232.522	347.18  
232.985	377.45  
233.448	414.7   
233.911	323.9   
234.374	398.4   
234.836	307.61  
235.299	405.39  
235.762	335.54  
236.224	421.69  
236.687	426.34  
237.149	389.09  
237.612	414.7   
238.074	351.84  
238.537	461.26  
238.999	403.06  
239.461	365.81  
239.924	358.83  
240.386	379.78  
240.848	340.2   
241.31	405.39   
241.772	396.08  
242.234	372.79  
242.696	328.56  
243.158	391.42  
243.62	363.48   
244.082	428.67  
244.544	417.03  
245.006	391.42  
245.468	342.53  
245.929	431     
246.391	314.59  
246.852	379.78  
247.314	403.06  
247.776	347.18  
248.237	414.7   
248.698	417.03  
249.16	365.81   
249.621	354.17  
250.082	340.2   
250.544	437.98  
251.005	431     
251.466	358.83  
251.927	398.4   
252.388	307.61  
252.849	384.44  
253.31	437.98   
253.771	424.01  
254.232	389.09  
254.693	356.5   
255.154	405.39  
255.615	393.75  
256.075	400.73  
256.536	403.06  
256.997	442.64  
257.457	433.33  
257.918	391.42  
258.378	333.22  
258.839	316.92  
259.299	424.01  
259.759	326.23  
260.22	417.03   
260.68	361.15   
261.14	426.34   
261.6	396.08    
262.06	403.06   
262.521	361.15  
262.981	375.12  
263.441	375.12  
263.901	428.67  
264.36	428.67   
264.82	389.09   
265.28	377.45   
265.74	437.98   
266.2	379.78    
266.659	449.62  
267.119	449.62  
267.579	410.04  
268.038	398.4   
268.498	305.28  
268.957	400.73  
269.416	400.73  
269.876	393.75  
270.335	421.69  
270.794	370.47  
271.254	440.31  
271.713	407.72  
272.172	335.54  
272.631	386.76  
273.09	393.75   
273.549	349.51  
274.008	365.81  
274.467	463.59  
274.926	475.23  
275.385	391.42  
275.843	368.14  
276.302	330.89  
276.761	384.44  
277.22	407.72   
277.678	421.69  
278.137	410.04  
278.595	428.67  
279.054	349.51  
279.512	384.44  
279.97	456.61   
280.429	426.34  
280.887	356.5   
281.345	386.76  
281.803	437.98  
282.262	412.37  
282.72	412.37   
283.178	372.79  
283.636	372.79  
284.094	440.31  
284.552	326.23  
285.01	437.98   
285.467	417.03  
285.925	379.78  
286.383	335.54  
286.841	370.47  
287.298	379.78  
287.756	421.69  
288.213	398.4   
288.671	440.31  
289.128	431     
289.586	463.59  
290.043	358.83  
290.5	389.09    
290.958	368.14  
291.415	363.48  
291.872	412.37  
292.329	405.39  
292.786	365.81  
293.243	451.95  
293.7	389.09    
294.157	386.76  
294.614	377.45  
295.071	414.7   
295.528	447.3   
295.985	440.31  
296.441	405.39  
296.898	405.39  
297.355	349.51  
297.811	370.47  
298.268	330.89  
298.724	410.04  
299.181	461.26  
299.637	396.08  
300.094	421.69  
300.55	363.48   
301.006	444.97  
301.462	410.04  
301.919	465.92  
302.375	442.64  
302.831	398.4   
303.287	328.56  
303.743	407.72  
304.199	337.87  
304.655	386.76  
305.11	444.97   
305.566	465.92  
306.022	365.81  
306.478	479.89  
306.933	363.48  
307.389	356.5   
307.845	379.78  
308.3	405.39    
308.756	447.3   
309.211	370.47  
309.666	349.51  
310.122	379.78  
310.577	428.67  
311.032	323.9   
311.487	370.47  
311.943	358.83  
312.398	444.97  
312.853	412.37  
313.308	342.53  
313.763	370.47  
314.218	447.3   
314.672	356.5   
315.127	451.95  
315.582	370.47  
316.037	384.44  
316.492	398.4   
316.946	396.08  
317.401	405.39  
317.855	454.28  
318.31	428.67   
318.764	389.09  
319.219	470.58  
319.673	405.39  
320.127	384.44  
320.582	440.31  
321.036	389.09  
321.49	405.39   
321.944	428.67  
322.398	405.39  
322.852	382.11  
323.306	444.97  
323.76	461.26   
324.214	454.28  
324.668	437.98  
325.122	407.72  
325.575	440.31  
326.029	461.26  
326.483	398.4   
326.936	389.09  
327.39	458.94   
327.843	414.7   
328.297	428.67  
328.75	398.4    
329.204	361.15  
329.657	410.04  
330.11	382.11   
330.564	403.06  
331.017	417.03  
331.47	412.37   
331.923	342.53  
332.376	463.59  
332.829	465.92  
333.282	412.37  
333.735	414.7   
334.188	458.94  
334.641	431     
335.093	370.47  
335.546	428.67  
335.999	372.79  
336.451	396.08  
336.904	316.92  
337.356	412.37  
337.809	463.59  
338.261	421.69  
338.714	410.04  
339.166	379.78  
339.618	405.39  
340.07	421.69   
340.523	465.92  
340.975	440.31  
341.427	398.4   
341.879	437.98  
342.331	479.89  
342.783	407.72  
343.235	354.17  
343.687	379.78  
344.138	370.47  
344.59	396.08   
345.042	454.28  
345.494	426.34  
345.945	361.15  
346.397	444.97  
346.848	405.39  
347.3	444.97    
347.751	398.4   
348.203	435.65  
348.654	454.28  
349.105	433.33  
349.556	421.69  
350.008	389.09  
350.459	421.69  
350.91	458.94   
351.361	437.98  
351.812	424.01  
352.263	440.31  
352.714	377.45  
353.165	479.89  
353.615	435.65  
354.066	451.95  
354.517	372.79  
354.968	377.45  
355.418	405.39  
355.869	389.09  
356.319	470.58  
356.77	482.22   
357.22	405.39   
357.671	424.01  
358.121	435.65  
358.571	386.76  
359.021	417.03  
359.472	391.42  
359.922	414.7   
360.372	365.81  
360.822	442.64  
361.272	449.62  
361.722	412.37  
362.172	507.83  
362.622	447.3   
363.071	368.14  
363.521	419.36  
363.971	405.39  
364.42	475.23   
364.87	417.03   
365.32	396.08   
365.769	431     
366.219	396.08  
366.668	435.65  
367.117	407.72  
367.567	461.26  
368.016	451.95  
368.465	405.39  
368.914	407.72  
369.363	337.87  
369.812	405.39  
370.261	372.79  
370.71	372.79   
371.159	440.31  
371.608	405.39  
372.057	433.33  
372.506	407.72  
372.955	412.37  
373.403	391.42  
373.852	428.67  
374.301	437.98  
374.749	412.37  
375.198	414.7   
375.646	407.72  
376.094	444.97  
376.543	389.09  
376.991	428.67  
377.439	442.64  
377.887	472.9   
378.336	407.72  
378.784	426.34  
379.232	468.25  
379.68	424.01   
380.128	403.06  
380.576	417.03  
381.023	431     
381.471	428.67  
381.919	326.23  
382.367	447.3   
382.814	356.5   
383.262	437.98  
383.71	477.56   
384.157	435.65  
384.605	323.9   
385.052	437.98  
385.499	384.44  
385.947	447.3   
386.394	342.53  
386.841	468.25  
387.288	417.03  
387.735	461.26  
388.182	458.94  
388.63	444.97   
389.076	456.61  
389.523	463.59  
389.97	419.36   
390.417	400.73  
390.864	384.44  
391.311	435.65  
391.757	486.87  
392.204	426.34  
392.651	407.72  
393.097	377.45  
393.544	444.97  
393.99	447.3    
394.436	375.12  
394.883	407.72  
395.329	456.61  
395.775	393.75  
396.221	384.44  
396.668	470.58  
397.114	393.75  
397.56	426.34   
398.006	424.01  
398.452	386.76  
398.897	419.36  
399.343	400.73  
399.789	468.25  
400.235	377.45  
400.681	428.67  
401.126	375.12  
401.572	435.65  
402.017	400.73  
402.463	368.14  
402.908	449.62  
403.354	414.7   
403.799	412.37  
404.244	468.25  
404.689	349.51  
405.135	489.2   
405.58	461.26   
406.025	391.42  
406.47	410.04   
406.915	368.14  
407.36	419.36   
407.805	358.83  
408.25	458.94   
408.694	403.06  
409.139	428.67  
409.584	431     
410.029	391.42  
410.473	405.39  
410.918	386.76  
411.362	370.47  
411.807	386.76  
412.251	384.44  
412.695	410.04  
413.14	484.55   
413.584	412.37  
414.028	424.01  
414.472	433.33  
414.916	431     
415.36	468.25   
415.804	354.17  
416.248	382.11  
416.692	433.33  
417.136	396.08  
417.58	419.36   
418.024	449.62  
418.467	454.28  
418.911	428.67  
419.355	451.95  
419.798	407.72  
420.242	512.48  
420.685	356.5   
421.128	384.44  
421.572	470.58  
422.015	431     
422.458	384.44  
422.902	335.54  
423.345	442.64  
423.788	410.04  
424.231	447.3   
424.674	405.39  
425.117	486.87  
425.56	428.67   
426.003	454.28  
426.445	440.31  
426.888	428.67  
427.331	358.83  
427.773	468.25  
428.216	389.09  
428.659	414.7   
429.101	431     
429.543	405.39  
429.986	507.83  
430.428	337.87  
430.87	372.79   
431.313	419.36  
431.755	433.33  
432.197	358.83  
432.639	400.73  
433.081	384.44  
433.523	379.78  
433.965	424.01  
434.407	414.7   
434.849	379.78  
435.291	414.7   
435.732	379.78  
436.174	424.01  
436.616	414.7   
437.057	417.03  
437.499	489.2   
437.94	412.37   
438.382	414.7   
438.823	414.7   
439.264	482.22  
439.706	451.95  
440.147	479.89  
440.588	410.04  
441.029	521.8   
441.47	449.62   
441.911	363.48  
442.352	470.58  
442.793	449.62  
443.234	417.03  
443.675	465.92  
444.116	477.56  
444.556	489.2   
444.997	405.39  
445.438	435.65  
445.878	426.34  
446.319	414.7   
446.759	424.01  
447.199	470.58  
447.64	384.44   
448.08	472.9    
448.52	433.33   
448.961	428.67  
449.401	461.26  
449.841	451.95  
450.281	356.5   
450.721	456.61  
451.161	449.62  
451.601	442.64  
452.041	382.11  
452.48	461.26   
452.92	440.31   
453.36	437.98   
453.799	340.2   
454.239	398.4   
454.679	419.36  
455.118	465.92  
455.557	491.53  
455.997	424.01  
456.436	398.4   
456.875	407.72  
457.315	421.69  
457.754	463.59  
458.193	451.95  
458.632	500.84  
459.071	435.65  
459.51	442.64   
459.949	323.9   
460.388	484.55  
460.827	421.69  
461.265	449.62  
461.704	396.08  
462.143	393.75  
462.581	421.69  
463.02	489.2    
463.458	442.64  
463.897	419.36  
464.335	507.83  
464.774	447.3   
465.212	498.51  
465.65	419.36   
466.088	496.19  
466.527	554.39  
466.965	431     
467.403	442.64  
467.841	500.84  
468.279	437.98  
468.716	545.08  
469.154	498.51  
469.592	600.95  
470.03	580      
470.467	496.19  
470.905	503.17  
471.343	484.55  
471.78	545.08   
472.218	554.39  
472.655	545.08  
473.092	542.75  
473.53	547.41   
473.967	582.33  
474.404	642.86  
474.841	661.48  
475.278	633.55  
475.716	631.22  
476.153	591.64  
476.589	659.16  
477.026	747.63  
477.463	733.66  
477.9	752.28    
478.337	843.08  
478.773	798.85  
479.21	773.24   
479.647	933.88  
480.083	878     
480.52	912.92   
480.956	985.1   
481.392	1138.75 
481.829	1033.99 
482.265	1108.49 
482.701	1148.07 
483.137	1245.85 
483.574	1336.65 
484.01	1273.79  
484.446	1380.88 
484.882	1453.05 
485.317	1520.57 
485.753	1723.12 
486.189	1790.64 
486.625	1825.56 
487.061	1832.54 
487.496	2081.65 
487.932	2107.26 
488.367	2258.59 
488.803	2368.02 
489.238	2489.08 
489.674	2589.19 
490.109	2696.28 
490.544	2859.26 
490.979	3096.73 
491.415	3087.41 
491.85	3317.9   
492.285	3394.73 
492.72	3681.09  
493.155	3818.45 
493.59	4060.58  
494.024	4209.58 
494.459	4423.77 
494.894	4842.84 
495.329	4821.88 
495.763	5185.07 
496.198	5250.26 
496.632	5562.23 
497.067	5767.11 
497.501	6218.77 
497.936	6293.27 
498.37	6903.25  
498.804	7063.89 
499.238	7487.61 
499.673	7853.13 
500.107	8109.23 
500.541	8651.68 
500.975	8749.47 
501.409	9589.93 
501.843	9662.1  
502.277	10106.78
502.71	10651.56 
503.144	11296.46
503.578	11638.7 
504.011	11869.18
504.445	12660.75
504.878	13142.68
505.312	13822.5 
505.745	13869.06
506.179	14667.61
506.612	15133.24
507.045	15622.16
507.479	16334.57
507.912	17019.04
508.345	17356.62
508.778	17556.84
509.211	18304.18
509.644	18837.33
510.077	19580   
510.509	19940.87
510.942	20343.64
511.375	20832.55
511.808	21216.69
512.24	21535.65 
512.673	22173.56
513.105	22397.06
513.538	22664.8 
513.97	23328.32 
514.403	23253.82
514.835	24029.09
515.267	23833.53
515.699	23884.75
516.131	24331.75
516.564	23917.34
516.996	24133.86
517.428	24101.27
517.859	23949.94
518.291	24136.19
518.723	23938.29
519.155	23677.54
519.587	23684.53
520.018	23079.21
520.45	22776.55 
520.881	22741.63
521.313	22541.41
521.744	22075.78
522.176	21647.4 
522.607	21472.79
523.038	20820.91
523.47	20539.2  
523.901	19831.44
524.332	19435.66
524.763	18902.51
525.194	18460.17
525.625	18038.77
526.056	17791.99
526.487	17123.81
526.917	16709.4 
527.348	16185.57
527.779	15847.99
528.21	15347.43 
528.64	14991.23 
529.071	14453.43
529.501	14157.75
529.932	13734.03
530.362	13342.9 
530.792	12984.36
531.222	12765.52
531.653	12339.47
532.083	12029.82
532.513	11778.38
532.943	11524.62
533.373	11154.44
533.803	10842.47
534.233	10288.37
534.663	10106.78
535.092	9922.85 
535.522	9580.61 
535.952	9424.63 
536.381	9142.92 
536.811	9117.31 
537.24	8768.09  
537.67	8314.1   
538.099	8197.7  
538.529	8039.38 
538.958	7913.66 
539.387	7706.46 
539.816	7387.5  
540.245	7389.83 
540.674	7157.01 
541.103	6856.68 
541.532	6556.35 
541.961	6263.01 
542.39	6165.22  
542.819	6141.94 
543.248	5941.72 
543.676	5846.27 
544.105	5597.16 
544.534	5524.98 
544.962	5331.75 
545.391	5045.38 
545.819	4924.32 
546.247	4668.23 
546.676	4637.96 
547.104	4521.55 
547.532	4300.38 
547.96	4258.47  
548.388	4195.61 
548.816	3895.28 
549.244	3804.48 
549.672	3704.37 
550.1	3729.98   
550.528	3515.79 
550.956	3408.7  
551.383	3320.23 
551.811	3145.62 
552.238	3120.01 
552.666	3101.38 
553.094	2861.58 
553.521	2877.88 
553.948	2782.43 
554.376	2679.99 
554.803	2610.14 
555.23	2561.25  
555.657	2526.33 
556.084	2405.27 
556.511	2400.61 
556.938	2272.56 
557.365	2242.3  
557.792	2221.34 
558.219	2160.81 
558.646	2051.39 
559.072	2111.92 
559.499	1930.32 
559.926	1886.09 
560.352	1827.89 
560.779	1848.84 
561.205	1748.73 
561.632	1737.09 
562.058	1685.87 
562.484	1779    
562.91	1597.4   
563.337	1632.32 
563.763	1574.12 
564.189	1571.79 
564.615	1474.01 
565.041	1527.56 
565.466	1420.46 
565.892	1427.44 
566.318	1348.29 
566.744	1406.49 
567.169	1264.47 
567.595	1243.52 
568.021	1304.05 
568.446	1217.91 
568.872	1162.04 
569.297	1213.26 
569.722	1164.36 
570.148	1157.38 
570.573	1031.66 
570.998	1120.13 
571.423	1089.86 
571.848	1110.82 
572.273	1066.58 
572.698	1013.03 
573.123	1010.71 
573.548	975.78  
573.973	973.46  
574.397	889.64  
574.822	845.41  
575.247	945.52  
575.671	887.31  
576.096	857.05  
576.52	857.05   
576.944	817.47  
577.369	805.83  
577.793	768.58  
578.217	854.72  
578.641	761.59  
579.065	729     
579.49	717.36   
579.914	754.61  
580.337	752.28  
580.761	733.66  
581.185	652.17  
581.609	784.88  
582.033	673.13  
582.456	654.5   
582.88	687.09   
583.303	640.53  
583.727	684.77  
584.15	684.77   
584.574	600.95  
584.997	691.75  
585.42	645.19   
585.844	577.67  
586.267	577.67  
586.69	624.23   
587.113	559.05  
587.536	610.27  
587.959	575.34  
588.382	580     
588.804	580     
589.227	542.75  
589.65	577.67   
590.073	570.69  
590.495	582.33  
590.918	512.48  
591.34	521.8    
591.763	593.97  
592.185	586.98  
592.607	540.42  
593.03	496.19   
593.452	575.34  
593.874	603.28  
594.296	496.19  
594.718	589.31  
595.14	521.8    
595.562	510.16  
595.984	500.84  
596.406	517.14  
596.827	521.8   
597.249	477.56  
597.671	482.22  
598.092	552.06  
598.514	512.48  
598.935	491.53  
599.357	498.51  
599.778	496.19  
600.199	535.76  
600.621	519.47  
601.042	547.41  
601.463	526.45  
601.884	479.89  
602.305	447.3   
602.726	496.19  
603.147	403.06  
603.568	498.51  
603.988	475.23  
604.409	431     
604.83	512.48   
605.25	484.55   
605.671	437.98  
606.092	496.19  
606.512	493.86  
606.932	472.9   
607.353	528.78  
607.773	426.34  
608.193	461.26  
608.613	468.25  
609.034	435.65  
609.454	510.16  
609.874	472.9   
610.293	512.48  
610.713	424.01  
611.133	454.28  
611.553	431     
611.973	440.31  
612.392	421.69  
612.812	428.67  
613.231	435.65  
613.651	386.76  
614.07	447.3    
614.49	498.51   
614.909	454.28  
615.328	454.28  
615.747	461.26  
616.167	421.69  
616.586	447.3   
617.005	403.06  
617.424	510.16  
617.843	363.48  
618.261	414.7   
618.68	444.97   
619.099	484.55  
619.518	458.94  
619.936	370.47  
620.355	414.7   
620.773	472.9   
621.192	421.69  
621.61	484.55   
622.029	463.59  
622.447	372.79  
622.865	486.87  
623.283	433.33  
623.701	417.03  
624.119	482.22  
624.537	477.56  
624.955	451.95  
625.373	456.61  
625.791	403.06  
626.209	458.94  
626.627	419.36  
627.044	340.2   
627.462	309.93  
627.879	461.26  
628.297	414.7   
628.714	458.94  
629.132	368.14  
629.549	475.23  
629.966	382.11  
630.383	410.04  
630.8	428.67    
631.217	386.76  
631.634	389.09  
632.051	472.9   
632.468	454.28  
632.885	393.75  
633.302	410.04  
633.719	431     
634.135	444.97  
634.552	365.81  
634.969	405.39  
635.385	412.37  
635.801	424.01  
636.218	440.31  
636.634	451.95  
637.05	437.98   
637.467	451.95  
637.883	405.39  
638.299	405.39  
638.715	410.04  
639.131	407.72  
639.547	465.92  
639.963	442.64  
640.378	419.36  
640.794	431     
641.21	440.31   
641.626	444.97  
642.041	456.61  
642.457	440.31  
642.872	428.67  
643.287	400.73  
643.703	370.47  
644.118	384.44  
644.533	437.98  
644.948	431     
645.364	375.12  
645.779	403.06  
646.194	400.73  
646.609	375.12  
647.023	424.01  
647.438	419.36  
647.853	428.67  
648.268	444.97  
648.682	447.3   
649.097	447.3   
649.511	309.93  
649.926	351.84  
650.34	384.44   
650.755	431     
651.169	435.65  
651.583	377.45  
651.997	421.69  
652.411	461.26  
652.825	344.86  
653.239	426.34  
653.653	470.58  
654.067	465.92  
654.481	414.7   
654.895	398.4   
655.309	482.22  
655.722	368.14  
656.136	356.5   
656.549	368.14  
656.963	435.65  
657.376	417.03  
657.79	470.58   
658.203	442.64  
658.616	419.36  
659.029	403.06  
659.442	379.78  
659.855	330.89  
660.268	377.45  
660.681	440.31  
661.094	451.95  
661.507	417.03  
661.92	437.98   
662.333	382.11  
662.745	396.08  
663.158	424.01  
663.57	426.34   
663.983	407.72  
664.395	384.44  
664.808	396.08  
665.22	437.98   
665.632	389.09  
666.044	426.34  
666.456	503.17  
666.868	433.33  
667.28	435.65   
667.692	384.44  
668.104	412.37  
668.516	370.47  
668.928	391.42  
669.34	375.12   
669.751	410.04  
670.163	433.33  
670.574	407.72  
670.986	342.53  
671.397	410.04  
671.809	472.9   
672.22	335.54   
672.631	375.12  
673.042	389.09  
673.453	412.37  
673.864	351.84  
674.275	431     
674.686	410.04  
675.097	417.03  
675.508	349.51  
675.919	472.9   
676.33	433.33   
676.74	426.34   
677.151	505.5   
677.561	451.95  
677.972	482.22  
678.382	405.39  
678.792	421.69  
679.203	372.79  
679.613	456.61  
680.023	393.75  
680.433	419.36  
680.843	414.7   
681.253	468.25  
681.663	417.03  
682.073	414.7   
682.483	463.59  
682.893	391.42  
683.302	382.11  
683.712	407.72  
684.122	349.51  
684.531	477.56  
684.94	421.69   
685.35	323.9    
685.759	351.84  
686.168	428.67  
686.578	330.89  
686.987	377.45  
687.396	403.06  
687.805	403.06  
688.214	337.87  
688.623	391.42  
689.032	340.2   
689.44	396.08   
689.849	391.42  
690.258	405.39  
690.666	458.94  
691.075	424.01  
691.484	400.73  
691.892	412.37  
692.3	372.79    
692.709	451.95  
693.117	400.73  
693.525	370.47  
693.933	400.73  
694.341	370.47  
694.749	382.11  
695.157	342.53  
695.565	407.72  
695.973	370.47  
696.381	370.47  
696.788	431     
697.196	421.69  
697.604	454.28  
698.011	421.69  
698.419	384.44  
698.826	358.83  
699.234	424.01  
699.641	393.75  
700.048	400.73  
700.455	372.79  
700.862	442.64  
701.269	326.23  
701.676	410.04  
702.083	426.34  
702.49	393.75   
702.897	326.23  
703.304	393.75  
703.71	458.94   
704.117	440.31  
704.524	321.58  
704.93	431      
705.337	377.45  
705.743	447.3   
706.149	400.73  
706.556	433.33  
706.962	451.95  
707.368	424.01  
707.774	398.4   
708.18	412.37   
708.586	396.08  
708.992	400.73  
709.398	307.61  
709.804	421.69  
710.209	451.95  
710.615	442.64  
711.021	361.15  
711.426	398.4   
711.832	451.95  
712.237	456.61  
712.642	377.45  
713.048	379.78  
713.453	393.75  
713.858	396.08  
714.263	384.44  
714.668	410.04  
715.073	435.65  
715.478	470.58  
715.883	382.11  
716.288	391.42  
716.693	426.34  
717.097	365.81  
717.502	405.39  
717.906	384.44  
718.311	370.47  
718.715	393.75  
719.12	344.86   
719.524	363.48  
719.928	391.42  
720.333	370.47  
720.737	349.51  
721.141	356.5   
721.545	463.59  
721.949	398.4   
722.353	435.65  
722.757	414.7   
723.16	400.73   
723.564	389.09  
723.968	389.09  
724.371	412.37  
724.775	368.14  
725.178	421.69  
725.582	407.72  
725.985	398.4   
726.388	363.48  
726.792	372.79  
727.195	372.79  
727.598	375.12  
728.001	435.65  
728.404	328.56  
728.807	407.72  
729.21	356.5    
729.612	437.98  
730.015	472.9   
730.418	396.08  
730.82	435.65   
731.223	447.3   
731.625	370.47  
732.028	421.69  
732.43	451.95   
732.833	351.84  
733.235	417.03  
733.637	398.4   
734.039	428.67  
734.441	400.73  
734.843	295.97  
735.245	379.78  
735.647	468.25  
736.049	356.5   
736.451	407.72  
736.852	449.62  
737.254	435.65  
737.655	410.04  
738.057	372.79  
738.458	398.4   
738.86	451.95   
739.261	347.18  
739.662	328.56  
740.064	421.69  
740.465	472.9   
740.866	465.92  
741.267	428.67  
741.668	386.76  
742.069	428.67  
742.469	491.53  
742.87	356.5    
743.271	440.31  
743.672	349.51  
744.072	375.12  
744.473	398.4   
744.873	437.98  
745.274	498.51  
745.674	451.95  
746.074	391.42  
746.474	309.93  
746.875	407.72  
747.275	424.01  
747.675	437.98  
748.075	398.4   
748.474	354.17  
748.874	431     
749.274	400.73  
749.674	407.72  
750.073	361.15  
750.473	417.03  
750.873	470.58  
751.272	393.75  
751.671	375.12  
752.071	370.47  
752.47	398.4    
752.869	414.7   
753.268	382.11  
753.668	428.67  
754.067	384.44  
754.466	454.28  
754.864	414.7   
755.263	393.75  
755.662	435.65  
756.061	400.73  
756.459	342.53  
756.858	386.76  
757.257	344.86  
757.655	407.72  
758.053	403.06  
758.452	384.44  
758.85	344.86   
759.248	421.69  
759.646	417.03  
760.045	391.42  
760.443	391.42  
760.841	351.84  
761.238	447.3   
761.636	356.5   
762.034	412.37  
762.432	412.37  
762.829	412.37  
763.227	356.5   
763.625	391.42  
764.022	396.08  
764.419	377.45  
764.817	382.11  
765.214	372.79  
765.611	435.65  
766.008	405.39  
766.406	442.64  
766.803	440.31  
767.199	295.97  
767.596	403.06  
767.993	424.01  
768.39	475.23   
768.787	377.45  
769.183	407.72  
769.58	396.08   
769.977	479.89  
770.373	407.72  
770.769	493.86  
771.166	426.34  
771.562	312.26  
771.958	377.45  
772.354	361.15  
772.75	403.06   
773.146	393.75  
773.542	349.51  
773.938	419.36  
774.334	426.34  
774.73	400.73   
775.126	465.92  
775.521	382.11  
775.917	482.22  
776.312	440.31  
776.708	319.25  
777.103	403.06  
777.499	309.93  
777.894	351.84  
778.289	382.11  
778.684	358.83  
779.079	396.08  
779.474	400.73  
779.869	407.72  
780.264	435.65  
780.659	382.11  
781.054	377.45  
781.448	412.37  
781.843	431     
782.238	361.15  
782.632	351.84  
783.027	344.86  
783.421	335.54  
783.815	368.14  
784.21	403.06   
784.604	365.81  
784.998	379.78  
785.392	389.09  
785.786	447.3   
786.18	386.76   
786.574	391.42  
786.968	379.78  
787.361	365.81  
787.755	398.4   
788.149	368.14  
788.542	379.78  
788.936	370.47  
789.329	405.39  
789.722	379.78  
790.116	437.98  
790.509	379.78  
790.902	426.34  
791.295	400.73  
791.688	323.9   
792.081	403.06  
792.474	342.53  
792.867	389.09  
793.26	398.4    
793.653	351.84  
794.045	363.48  
794.438	435.65  
794.83	463.59   
795.223	384.44  
795.615	384.44  
796.008	375.12  
796.4	449.62    
796.792	398.4   
797.184	410.04  
797.576	405.39  
797.968	386.76  
798.36	405.39   
798.752	356.5   
799.144	417.03  
799.536	396.08  
799.928	396.08  
800.319	405.39  
800.711	354.17  
801.102	412.37  
801.494	386.76  
801.885	428.67  
802.276	405.39  
802.668	356.5   
803.059	386.76  
803.45	386.76   
803.841	417.03  
804.232	437.98  
804.623	372.79  
805.014	424.01  
805.405	316.92  
805.795	398.4   
806.186	431     
806.577	342.53  
806.967	419.36  
807.358	375.12  
807.748	435.65  
808.139	451.95  
808.529	365.81  
808.919	444.97  
809.309	456.61  
809.699	412.37  
810.089	405.39  
810.479	368.14  
810.869	421.69  
811.259	449.62  
811.649	354.17  
812.039	405.39  
812.428	419.36  
812.818	363.48  
813.207	391.42  
813.597	426.34  
813.986	386.76  
814.376	393.75  
814.765	421.69  
815.154	337.87  
815.543	393.75  
815.932	405.39  
816.321	386.76  
816.71	428.67   
817.099	461.26  
817.488	396.08  
817.877	372.79  
818.265	321.58  
818.654	361.15  
819.043	382.11  
819.431	386.76  
819.819	431     
820.208	400.73  
820.596	449.62  
820.984	444.97  
821.372	386.76  
821.761	419.36  
822.149	393.75  
822.537	391.42  
822.924	361.15  
823.312	410.04  
823.7	328.56    
824.088	396.08  
824.475	421.69  
824.863	384.44  
825.251	426.34  
825.638	470.58  
826.025	358.83  
826.413	414.7   
826.8	396.08    
827.187	398.4   
827.574	358.83  
827.961	433.33  
828.348	400.73  
828.735	414.7   
829.122	375.12  
829.509	344.86  
829.896	437.98  
830.282	389.09  
830.669	363.48  
831.055	456.61  
831.442	393.75  
831.828	370.47  
832.215	407.72  
832.601	351.84  
832.987	379.78  
833.373	433.33  
833.759	379.78  
834.145	347.18  
834.531	412.37  
834.917	370.47  
835.303	349.51  
835.689	370.47  
836.074	386.76  
836.46	349.51   
836.846	468.25  
837.231	396.08  
837.617	375.12  
838.002	405.39  
838.387	363.48  
838.772	382.11  
839.158	396.08  
839.543	424.01  
839.928	437.98  
840.313	421.69  
840.698	337.87  
841.082	410.04  
841.467	405.39  
841.852	333.22  
842.237	340.2   
842.621	437.98  
843.006	347.18  
843.39	396.08   
843.774	319.25  
844.159	428.67  
844.543	407.72  
844.927	358.83  
845.311	335.54  
845.695	405.39  
846.079	421.69  
846.463	421.69  
846.847	391.42  
847.231	323.9   
847.615	386.76  
847.998	335.54  
848.382	405.39  
848.765	319.25  
849.149	384.44  
849.532	396.08  
849.916	393.75  
850.299	410.04  
850.682	437.98  
851.065	363.48  
851.448	428.67  
851.831	386.76  
852.214	361.15  
852.597	389.09  
852.98	491.53   
853.363	337.87  
853.745	358.83  
854.128	314.59  
854.51	412.37   
854.893	333.22  
855.275	419.36  
855.658	419.36  
856.04	403.06   
856.422	442.64  
856.804	407.72  
857.186	431     
857.568	351.84  
857.95	358.83   
858.332	340.2   
858.714	379.78  
859.096	465.92  
859.477	361.15  
859.859	386.76  
860.24	382.11   
860.622	347.18  
861.003	328.56  
861.385	435.65  
861.766	419.36  
862.147	389.09  
862.528	433.33  
862.909	442.64  
863.29	435.65   
863.671	375.12  
864.052	417.03  
864.433	391.42  
864.814	382.11  
865.194	365.81  
865.575	330.89  
865.955	426.34  
866.336	295.97  
866.716	431     
867.097	433.33  
867.477	354.17  
867.857	379.78  
868.237	426.34  
868.617	461.26  
868.997	428.67  
869.377	421.69  
869.757	431     
870.137	361.15  
870.517	456.61  
870.896	351.84  
871.276	391.42  
871.655	396.08  
872.035	375.12  
872.414	342.53  
872.794	365.81  
873.173	444.97  
873.552	372.79  
873.931	382.11  
874.31	375.12   
874.689	484.55  
875.068	393.75  
875.447	361.15  
875.826	393.75  
876.205	437.98  
876.583	370.47  
876.962	447.3   
877.341	421.69  
877.719	382.11  
878.097	412.37  
878.476	347.18  
878.854	398.4   
879.232	428.67  
879.61	393.75   
879.988	391.42  
880.366	400.73  
880.744	412.37  
881.122	533.44  
881.5	410.04    
881.878	440.31  
882.255	435.65  
882.633	307.61  
883.011	424.01  
883.388	361.15  
883.765	363.48  
884.143	379.78  
884.52	379.78   
884.897	414.7   
885.274	361.15  
885.651	417.03  
886.028	412.37  
886.405	370.47  
886.782	396.08  
887.159	347.18  
887.536	435.65  
887.912	470.58  
888.289	421.69  
888.665	405.39  
889.042	349.51  
889.418	417.03  
889.794	414.7   
890.171	358.83  
890.547	419.36  
890.923	424.01  
891.299	328.56  
891.675	330.89  
892.051	349.51  
892.427	426.34  
892.803	442.64  
893.178	382.11  
893.554	386.76  
893.929	414.7   
894.305	403.06  
894.68	330.89   
895.056	361.15  
895.431	396.08  
895.806	396.08  
896.181	312.26  
896.557	396.08  
896.932	370.47  
897.307	405.39  
897.681	354.17  
898.056	349.51  
898.431	377.45  
898.806	421.69  
899.18	340.2    
899.555	375.12  
899.929	344.86  
900.304	358.83  
900.678	447.3   
901.052	340.2   
901.427	391.42  
901.801	435.65  
902.175	396.08  
902.549	361.15  
902.923	368.14  
903.297	407.72  
903.67	365.81   
904.044	433.33  
904.418	389.09  
904.791	414.7   
905.165	463.59  
905.538	377.45  
905.912	475.23  
906.285	398.4   
906.658	405.39  
907.032	435.65  
907.405	368.14  
907.778	365.81  
908.151	379.78  
908.524	414.7   
908.896	407.72  
909.269	428.67  
909.642	344.86  
910.015	384.44  
910.387	349.51  
910.76	384.44   
911.132	361.15  
911.504	389.09  
911.877	400.73  
912.249	349.51  
912.621	330.89  
912.993	375.12  
913.365	407.72  
913.737	407.72  
914.109	363.48  
914.481	396.08  
914.853	433.33  
915.224	375.12  
915.596	426.34  
915.968	412.37  
916.339	414.7   
916.71	414.7    
917.082	410.04  
917.453	365.81  
917.824	382.11  
918.195	410.04  
918.566	391.42  
918.937	389.09  
919.308	428.67  
919.679	379.78  
920.05	323.9    
920.421	379.78  
920.791	389.09  
921.162	454.28  
921.532	398.4   
921.903	472.9   
922.273	379.78  
922.644	379.78  
923.014	361.15  
923.384	361.15  
923.754	398.4   
924.124	421.69  
924.494	384.44  
924.864	426.34  
925.234	398.4   
925.604	375.12  
925.973	400.73  
926.343	396.08  
926.712	435.65  
927.082	440.31  
927.451	405.39  
927.821	421.69  
928.19	461.26   
928.559	384.44  
928.928	396.08  
929.297	368.14  
929.666	442.64  
930.035	386.76  
930.404	349.51  
930.773	330.89  
931.142	433.33  
931.51	386.76   
931.879	414.7   
932.247	316.92  
932.616	419.36  
932.984	349.51  
933.353	382.11  
933.721	424.01  
934.089	393.75  
934.457	482.22  
934.825	410.04  
935.193	407.72  
935.561	368.14  
935.929	410.04  
936.296	477.56  
936.664	431     
937.032	393.75  
937.399	405.39  
937.767	328.56  
938.134	321.58  
938.501	349.51  
938.869	396.08  
939.236	330.89  
939.603	461.26  
939.97	405.39   
940.337	391.42  
940.704	419.36  
941.071	386.76  
941.438	414.7   
941.804	410.04  
942.171	403.06  
942.538	375.12  
942.904	419.36  
943.27	382.11   
943.637	351.84  
944.003	377.45  
944.369	391.42  
944.735	421.69  
945.102	389.09  
945.468	403.06  
945.833	396.08  
946.199	486.87  
946.565	479.89  
946.931	421.69  
947.296	349.51  
947.662	424.01  
948.028	489.2   
948.393	437.98  
948.758	428.67  
949.124	433.33  
949.489	437.98  
949.854	368.14  
950.219	375.12  
950.584	421.69  
950.949	377.45  
951.314	370.47  
951.679	400.73  
952.044	484.55  
952.408	377.45  
952.773	354.17  
953.137	389.09  
953.502	417.03  
953.866	375.12  
954.231	456.61  
954.595	356.5   
954.959	421.69  
955.323	393.75  
955.687	433.33  
956.051	356.5   
956.415	400.73  
956.779	400.73  
957.143	386.76  
957.506	368.14  
957.87	465.92   
958.234	431     
958.597	407.72  
958.961	386.76  
959.324	372.79  
959.687	407.72  
960.05	363.48   
960.413	370.47  
960.776	349.51  
961.139	356.5   
961.502	351.84  
961.865	389.09  
962.228	458.94  
962.591	475.23  
962.953	368.14  
963.316	370.47  
963.678	356.5   
964.041	349.51  
964.403	370.47  
964.765	419.36  
965.128	393.75  
965.49	400.73   
965.852	405.39  
966.214	431     
966.576	389.09  
966.938	382.11  
967.299	398.4   
967.661	377.45  
968.023	372.79  
968.384	421.69  
968.746	389.09  
969.107	444.97  
969.469	377.45  
969.83	379.78   
970.191	377.45  
970.552	384.44  
970.913	379.78  
971.274	419.36  
971.635	379.78  
971.996	349.51  
972.357	377.45  
972.718	361.15  
973.078	356.5   
973.439	412.37  
973.8	372.79    
974.16	330.89   
974.52	375.12   
974.881	410.04  
975.241	382.11  
975.601	361.15  
975.961	396.08  
976.321	419.36  
976.681	361.15  
977.041	319.25  
977.401	309.93  
977.76	368.14   
978.12	444.97   
978.48	375.12   
978.839	386.76  
979.199	335.54  
979.558	335.54  
979.917	361.15  
980.277	437.98  
980.636	368.14  
980.995	365.81  
981.354	440.31  
981.713	431     
982.072	393.75  
982.43	349.51   
982.789	358.83  
983.148	363.48  
983.506	363.48  
983.865	419.36  
984.223	424.01  
984.582	414.7   
984.94	403.06   
985.298	361.15  
985.656	351.84  
986.015	363.48  
986.373	386.76  
986.731	340.2   
987.088	347.18  
987.446	333.22  
987.804	407.72  
988.162	358.83  
988.519	391.42  
988.877	391.42  
989.234	426.34  
989.591	356.5   
989.949	368.14  
990.306	356.5   
990.663	384.44  
991.02	444.97   
991.377	391.42  
991.734	428.67  
992.091	410.04  
992.448	363.48  
992.805	398.4   
993.161	426.34  
993.518	379.78  
993.874	435.65  
994.231	351.84  
994.587	407.72  
994.943	398.4   
995.3	342.53    
995.656	398.4   
996.012	412.37  
996.368	412.37  
996.724	403.06  
997.08	398.4    
997.435	407.72  
997.791	372.79  
998.147	410.04  
998.502	377.45  
998.858	472.9   
999.213	389.09  
999.569	379.78  
999.924	375.12  
1000.279	405.39 
1000.634	375.12 
1000.989	403.06 
1001.344	375.12 
1001.699	368.14 
1002.054	349.51 
1002.409	442.64 
1002.764	414.7  
1003.118	330.89 
1003.473	386.76 
1003.827	335.54 
1004.182	363.48 
1004.536	372.79 
1004.89	419.36  
1005.245	437.98 
1005.599	407.72 
1005.953	421.69 
1006.307	361.15 
1006.661	309.93 
1007.015	365.81 
1007.368	426.34 
1007.722	382.11 
1008.076	426.34 
1008.429	335.54 
1008.783	358.83 
1009.136	403.06 
1009.489	393.75 
1009.843	365.81 
1010.196	384.44 
1010.549	414.7  
1010.902	396.08 
1011.255	433.33 
1011.608	316.92 
1011.961	344.86 
1012.313	382.11 
1012.666	330.89 
1013.019	461.26 
1013.371	328.56 
1013.724	417.03 
1014.076	328.56 
1014.428	344.86 
1014.781	386.76 
1015.133	321.58 
1015.485	361.15 
1015.837	372.79 
1016.189	347.18 
1016.541	372.79 
1016.893	428.67 
1017.244	361.15 
1017.596	393.75 
1017.947	377.45 
1018.299	421.69 
1018.65	384.44  
1019.002	496.19 
1019.353	465.92 
1019.704	363.48 
1020.055	503.17 
1020.407	344.86 
1020.758	419.36 
1021.108	398.4  
1021.459	426.34 
1021.81	337.87  
1022.161	323.9  
1022.511	379.78 
1022.862	356.5  
1023.213	468.25 
1023.563	419.36 
1023.913	403.06 
1024.264	421.69 
1024.614	424.01 
1024.964	382.11 
1025.314	398.4  
1025.664	326.23 
1026.014	400.73 
1026.364	396.08 
1026.713	356.5  
1027.063	398.4  
1027.413	342.53 
1027.762	389.09 
1028.112	396.08 
1028.461	396.08 
1028.81	412.37  
1029.16	347.18  
1029.509	463.59 
1029.858	377.45 
1030.207	442.64 
1030.556	433.33 
1030.905	437.98 
1031.254	375.12 
1031.602	396.08 
1031.951	368.14 
1032.3	316.92   
1032.648	323.9  
1032.996	323.9  
1033.345	323.9  