187.879	-35.65  
188.346	-35.65  
188.813	-35.65  
189.28	-56.6    
189.747	-28.67  
190.214	-93.85  
190.681	-128.78 
191.148	-49.62  
191.614	-77.56  
192.081	-30.99  
192.548	-110.15 
193.014	-28.67  
193.481	-40.31  
193.948	24.88   
194.414	38.85   
194.881	69.12   
195.347	99.38   
195.813	-7.71   
196.28	145.95   
196.746	59.8    
197.212	129.65  
197.678	150.6   
198.145	171.56  
198.611	201.82  
199.077	213.46  
199.543	220.45  
200.009	283.31  
200.475	264.68  
200.941	350.82  
201.407	318.23  
201.873	327.54  
202.338	353.15  
202.804	418.34  
203.27	355.48   
203.735	329.87  
204.201	306.59  
204.667	360.14  
205.132	388.07  
205.598	385.74  
206.063	413.68  
206.529	388.07  
206.994	416.01  
207.459	527.76  
207.925	390.4   
208.39	385.74   
208.855	392.73  
209.32	425.32   
209.785	369.45  
210.25	406.7    
210.715	371.78  
211.18	367.12   
211.645	467.23  
212.11	383.42   
212.575	439.29  
213.04	406.7    
213.504	395.06  
213.969	381.09  
214.434	423     
214.899	362.46  
215.363	360.14  
215.828	325.21  
216.292	416.01  
216.757	404.37  
217.221	416.01  
217.685	453.26  
218.15	355.48   
218.614	397.39  
219.078	371.78  
219.542	392.73  
220.007	369.45  
220.471	362.46  
220.935	336.85  
221.399	341.51  
221.863	362.46  
222.327	285.63  
222.791	383.42  
223.254	390.4   
223.718	374.1   
224.182	369.45  
224.646	350.82  
225.109	343.84  
225.573	383.42  
226.037	399.71  
226.5	383.42    
226.964	322.88  
227.427	271.67  
227.89	367.12   
228.354	392.73  
228.817	413.68  
229.28	364.79   
229.744	404.37  
230.207	404.37  
230.67	423      
231.133	423     
231.596	367.12  
232.059	301.93  
232.522	427.65  
232.985	371.78  
233.448	311.24  
233.911	390.4   
234.374	390.4   
234.836	476.54  
235.299	425.32  
235.762	381.09  
236.224	374.1   
236.687	406.7   
237.149	418.34  
237.612	434.64  
238.074	476.54  
238.537	436.96  
238.999	402.04  
239.461	346.17  
239.924	467.23  
240.386	395.06  
240.848	374.1   
241.31	423      
241.772	432.31  
242.234	348.49  
242.696	334.53  
243.158	399.71  
243.62	385.74   
244.082	423     
244.544	395.06  
245.006	429.98  
245.468	383.42  
245.929	367.12  
246.391	367.12  
246.852	311.24  
247.314	376.43  
247.776	399.71  
248.237	362.46  
248.698	329.87  
249.16	315.9    
249.621	395.06  
250.082	378.76  
250.544	336.85  
251.005	376.43  
251.466	383.42  
251.927	376.43  
252.388	383.42  
252.849	409.03  
253.31	390.4    
253.771	367.12  
254.232	390.4   
254.693	390.4   
255.154	346.17  
255.615	374.1   
256.075	329.87  
256.536	392.73  
256.997	392.73  
257.457	413.68  
257.918	381.09  
258.378	390.4   
258.839	348.49  
259.299	441.62  
259.759	362.46  
260.22	397.39   
260.68	388.07   
261.14	385.74   
261.6	418.34    
262.06	392.73   
262.521	392.73  
262.981	406.7   
263.441	371.78  
263.901	336.85  
264.36	329.87   
264.82	385.74   
265.28	392.73   
265.74	322.88   
266.2	381.09    
266.659	423     
267.119	423     
267.579	395.06  
268.038	388.07  
268.498	406.7   
268.957	357.81  
269.416	362.46  
269.876	395.06  
270.335	350.82  
270.794	406.7   
271.254	371.78  
271.713	355.48  
272.172	455.59  
272.631	420.67  
273.09	402.04   
273.549	350.82  
274.008	301.93  
274.467	425.32  
274.926	427.65  
275.385	469.56  
275.843	360.14  
276.302	353.15  
276.761	402.04  
277.22	397.39   
277.678	427.65  
278.137	434.64  
278.595	453.26  
279.054	339.18  
279.512	392.73  
279.97	443.95   
280.429	406.7   
280.887	383.42  
281.345	381.09  
281.803	381.09  
282.262	439.29  
282.72	406.7    
283.178	441.62  
283.636	318.23  
284.094	402.04  
284.552	399.71  
285.01	429.98   
285.467	432.31  
285.925	423     
286.383	395.06  
286.841	457.92  
287.298	395.06  
287.756	432.31  
288.213	353.15  
288.671	413.68  
289.128	464.9   
289.586	436.96  
290.043	395.06  
290.5	416.01    
290.958	460.25  
291.415	420.67  
291.872	429.98  
292.329	460.25  
292.786	364.79  
293.243	390.4   
293.7	404.37    
294.157	409.03  
294.614	390.4   
295.071	404.37  
295.528	457.92  
295.985	418.34  
296.441	420.67  
296.898	439.29  
297.355	423     
297.811	367.12  
298.268	443.95  
298.724	469.56  
299.181	427.65  
299.637	357.81  
300.094	385.74  
300.55	383.42   
301.006	409.03  
301.462	411.35  
301.919	381.09  
302.375	395.06  
302.831	357.81  
303.287	350.82  
303.743	432.31  
304.199	369.45  
304.655	460.25  
305.11	450.93   
305.566	443.95  
306.022	376.43  
306.478	495.17  
306.933	441.62  
307.389	390.4   
307.845	411.35  
308.3	399.71    
308.756	348.49  
309.211	399.71  
309.666	434.64  
310.122	376.43  
310.577	434.64  
311.032	446.28  
311.487	476.54  
311.943	388.07  
312.398	427.65  
312.853	364.79  
313.308	485.86  
313.763	423     
314.218	406.7   
314.672	397.39  
315.127	413.68  
315.582	432.31  
316.037	395.06  
316.492	383.42  
316.946	332.2   
317.401	418.34  
317.855	413.68  
318.31	446.28   
318.764	409.03  
319.219	378.76  
319.673	429.98  
320.127	441.62  
320.582	402.04  
321.036	402.04  
321.49	364.79   
321.944	395.06  
322.398	404.37  
322.852	404.37  
323.306	381.09  
323.76	381.09   
324.214	436.96  
324.668	455.59  
325.122	423     
325.575	481.2   
326.029	406.7   
326.483	420.67  
326.936	378.76  
327.39	418.34   
327.843	383.42  
328.297	429.98  
328.75	376.43   
329.204	443.95  
329.657	406.7   
330.11	436.96   
330.564	427.65  
331.017	478.87  
331.47	336.85   
331.923	336.85  
332.376	364.79  
332.829	439.29  
333.282	315.9   
333.735	371.78  
334.188	409.03  
334.641	469.56  
335.093	483.53  
335.546	411.35  
335.999	457.92  
336.451	429.98  
336.904	367.12  
337.356	392.73  
337.809	395.06  
338.261	418.34  
338.714	390.4   
339.166	399.71  
339.618	436.96  
340.07	427.65   
340.523	457.92  
340.975	416.01  
341.427	341.51  
341.879	434.64  
342.331	383.42  
342.783	423     
343.235	378.76  
343.687	425.32  
344.138	425.32  
344.59	511.46   
345.042	376.43  
345.494	443.95  
345.945	420.67  
346.397	406.7   
346.848	429.98  
347.3	367.12    
347.751	383.42  
348.203	418.34  
348.654	406.7   
349.105	353.15  
349.556	450.93  
350.008	376.43  
350.459	443.95  
350.91	327.54   
351.361	411.35  
351.812	446.28  
352.263	474.21  
352.714	443.95  
353.165	441.62  
353.615	446.28  
354.066	378.76  
354.517	485.86  
354.968	397.39  
355.418	432.31  
355.869	443.95  
356.319	443.95  
356.77	474.21   
357.22	402.04   
357.671	371.78  
358.121	462.57  
358.571	434.64  
359.021	453.26  
359.472	381.09  
359.922	350.82  
360.372	476.54  
360.822	383.42  
361.272	374.1   
361.722	429.98  
362.172	350.82  
362.622	390.4   
363.071	427.65  
363.521	367.12  
363.971	460.25  
364.42	402.04   
364.87	495.17   
365.32	434.64   
365.769	427.65  
366.219	385.74  
366.668	409.03  
367.117	446.28  
367.567	364.79  
368.016	392.73  
368.465	399.71  
368.914	448.6   
369.363	429.98  
369.812	432.31  
370.261	446.28  
370.71	453.26   
371.159	436.96  
371.608	357.81  
372.057	390.4   
372.506	443.95  
372.955	443.95  
373.403	369.45  
373.852	502.15  
374.301	406.7   
374.749	411.35  
375.198	453.26  
375.646	499.82  
376.094	402.04  
376.543	448.6   
376.991	432.31  
377.439	429.98  
377.887	462.57  
378.336	450.93  
378.784	423     
379.232	423     
379.68	390.4    
380.128	462.57  
380.576	418.34  
381.023	464.9   
381.471	427.65  
381.919	383.42  
382.367	420.67  
382.814	462.57  
383.262	355.48  
383.71	420.67   
384.157	423     
384.605	446.28  
385.052	411.35  
385.499	432.31  
385.947	404.37  
386.394	399.71  
386.841	378.76  
387.288	450.93  
387.735	418.34  
388.182	441.62  
388.63	448.6    
389.076	462.57  
389.523	427.65  
389.97	406.7    
390.417	464.9   
390.864	450.93  
391.311	448.6   
391.757	434.64  
392.204	388.07  
392.651	402.04  
393.097	413.68  
393.544	432.31  
393.99	425.32   
394.436	388.07  
394.883	404.37  
395.329	450.93  
395.775	343.84  
396.221	425.32  
396.668	453.26  
397.114	395.06  
397.56	460.25   
398.006	434.64  
398.452	513.79  
398.897	420.67  
399.343	483.53  
399.789	390.4   
400.235	457.92  
400.681	399.71  
401.126	446.28  
401.572	439.29  
402.017	443.95  
402.463	423     
402.908	443.95  
403.354	490.51  
403.799	409.03  
404.244	378.76  
404.689	450.93  
405.135	388.07  
405.58	439.29   
406.025	443.95  
406.47	499.82   
406.915	418.34  
407.36	378.76   
407.805	395.06  
408.25	383.42   
408.694	439.29  
409.139	392.73  
409.584	425.32  
410.029	423     
410.473	432.31  
410.918	441.62  
411.362	460.25  
411.807	383.42  
412.251	483.53  
412.695	409.03  
413.14	376.43   
413.584	381.09  
414.028	478.87  
414.472	434.64  
414.916	448.6   
415.36	427.65   
415.804	443.95  
416.248	432.31  
416.692	425.32  
417.136	367.12  
417.58	388.07   
418.024	397.39  
418.467	371.78  
418.911	429.98  
419.355	436.96  
419.798	374.1   
420.242	411.35  
420.685	425.32  
421.128	497.5   
421.572	411.35  
422.015	418.34  
422.458	436.96  
422.902	411.35  
423.345	423     
423.788	446.28  
424.231	406.7   
424.674	350.82  
425.117	427.65  
425.56	367.12   
426.003	392.73  
426.445	411.35  
426.888	471.89  
427.331	425.32  
427.773	423     
428.216	371.78  
428.659	362.46  
429.101	392.73  
429.543	388.07  
429.986	367.12  
430.428	392.73  
430.87	476.54   
431.313	441.62  
431.755	392.73  
432.197	409.03  
432.639	441.62  
433.081	418.34  
433.523	469.56  
433.965	390.4   
434.407	490.51  
434.849	423     
435.291	406.7   
435.732	483.53  
436.174	360.14  
436.616	453.26  
437.057	455.59  
437.499	383.42  
437.94	420.67   
438.382	448.6   
438.823	411.35  
439.264	383.42  
439.706	446.28  
440.147	376.43  
440.588	474.21  
441.029	423     
441.47	404.37   
441.911	462.57  
442.352	460.25  
442.793	406.7   
443.234	409.03  
443.675	427.65  
444.116	457.92  
444.556	432.31  
444.997	392.73  
445.438	420.67  
445.878	443.95  
446.319	432.31  
446.759	395.06  
447.199	381.09  
447.64	436.96   
448.08	453.26   
448.52	488.18   
448.961	497.5   
449.401	416.01  
449.841	457.92  
450.281	406.7   
450.721	418.34  
451.161	469.56  
451.601	467.23  
452.041	450.93  
452.48	416.01   
452.92	420.67   
453.36	446.28   
453.799	446.28  
454.239	427.65  
454.679	471.89  
455.118	450.93  
455.557	388.07  
455.997	457.92  
456.436	485.86  
456.875	457.92  
457.315	409.03  
457.754	378.76  
458.193	436.96  
458.632	390.4   
459.071	478.87  
459.51	495.17   
459.949	434.64  
460.388	420.67  
460.827	411.35  
461.265	418.34  
461.704	427.65  
462.143	462.57  
462.581	432.31  
463.02	455.59   
463.458	429.98  
463.897	443.95  
464.335	467.23  
464.774	409.03  
465.212	457.92  
465.65	474.21   
466.088	439.29  
466.527	427.65  
466.965	425.32  
467.403	474.21  
467.841	518.45  
468.279	450.93  
468.716	555.7   
469.154	490.51  
469.592	439.29  
470.03	504.48   
470.467	516.12  
470.905	532.42  
471.343	509.14  
471.78	502.15   
472.218	520.78  
472.655	497.5   
473.092	623.22  
473.53	546.39   
473.967	527.76  
474.404	583.64  
474.841	539.4   
475.278	574.32  
475.716	574.32  
476.153	611.58  
476.589	551.04  
477.026	686.08  
477.463	569.67  
477.9	751.26    
478.337	709.36  
478.773	795.5   
479.21	690.73   
479.647	688.4   
480.083	760.58  
480.52	804.81   
480.956	865.34  
481.392	930.53  
481.829	890.95  
482.265	965.45  
482.701	981.75  
483.137	1072.55 
483.574	1077.2  
484.01	1174.99  
484.446	1230.86 
484.882	1233.19 
485.317	1335.63 
485.753	1435.74 
486.189	1470.66 
486.625	1503.26 
487.061	1526.54 
487.496	1601.04 
487.932	1787.29 
488.367	1798.93 
488.803	1880.41 
489.238	2036.4  
489.674	2082.96 
490.109	2218    
490.544	2406.58 
490.979	2478.75 
491.415	2492.72 
491.85	2665     
492.285	2867.55 
492.72	3025.86  
493.155	2993.27 
493.59	3372.76  
494.024	3440.27 
494.459	3666.1  
494.894	3689.38 
495.329	4064.22 
495.763	4031.62 
496.198	4306.34 
496.632	4522.86 
497.067	4595.03 
497.501	4934.94 
497.936	5193.37 
498.37	5451.79  
498.804	5579.84 
499.238	5875.51 
499.673	6348.13 
500.107	6553.01 
500.541	6844.02 
500.975	7263.09 
501.409	7386.48 
501.843	7894.02 
502.277	8336.37 
502.71	8485.37  
503.144	8964.97 
503.578	9349.11 
504.011	9970.72 
504.445	10182.59
504.878	10722.72
505.312	11176.7 
505.745	11353.64
506.179	12243   
506.612	12431.58
507.045	12934.46
507.479	13535.12
507.912	13991.43
508.345	14552.52
508.778	14929.68
509.211	15446.53
509.644	16026.23
510.077	16440.64
510.509	16941.2 
510.942	17423.12
511.375	17732.77
511.808	18268.24
512.24	18414.91 
512.673	18806.04
513.105	19367.12
513.538	20012.02
513.97	20121.44 
514.403	20654.59
514.835	20729.09
515.267	20759.36
515.699	21062.02
516.131	20913.01
516.564	21238.95
516.996	21127.2 
517.428	21418.22
517.859	21271.55
518.291	21411.24
518.723	21127.2 
519.155	21327.42
519.587	20852.48
520.018	20924.65
520.45	20649.93 
520.881	20293.73
521.313	19928.21
521.744	19760.58
522.176	19138.97
522.607	19094.73
523.038	18764.13
523.47	18314.8  
523.901	17984.21
524.332	17474.34
524.763	17367.25
525.194	16829.44
525.625	16307.94
526.056	15923.8 
526.487	15481.45
526.917	14966.93
527.348	14657.28
527.779	14089.22
528.21	13858.73 
528.64	13758.62 
529.071	13162.61
529.501	12461.84
529.932	12331.47
530.362	12128.92
530.792	11951.98
531.222	11342   
531.653	11132.47
532.083	10904.31
532.513	10666.84
532.943	10224.49
533.373	10021.94
533.803	9647.11 
534.233	9630.82 
534.663	9279.26 
535.092	9109.31 
535.522	8767.07 
535.952	8503.99 
536.381	8273.51 
536.811	8208.32 
537.24	7859.1   
537.67	7817.19  
538.099	7421.4  
538.529	7216.53 
538.958	7016.31 
539.387	7051.23 
539.816	6811.43 
540.245	6539.04 
540.674	6273.63 
541.103	6150.24 
541.532	6024.52 
541.961	5903.45 
542.39	5707.89  
542.819	5677.62 
543.248	5437.82 
543.676	5230.62 
544.105	5049.02 
544.534	4876.74 
544.962	4667.21 
545.391	4508.89 
545.819	4667.21 
546.247	4343.59 
546.676	4243.48 
547.104	3933.84 
547.532	3985.06 
547.96	3859.34  
548.388	3784.84 
548.816	3545.04 
549.244	3538.06 
549.672	3484.51 
550.1	3202.8    
550.528	3179.52 
550.956	3079.41 
551.383	3121.32 
551.811	2997.93 
552.238	2860.56 
552.666	2751.14 
553.094	2730.19 
553.521	2588.17 
553.948	2506.69 
554.376	2504.36 
554.803	2341.39 
555.23	2346.04  
555.657	2357.69 
556.084	2271.54 
556.511	2143.5  
556.938	2131.85 
557.365	2036.4  
557.792	1968.88 
558.219	1966.56 
558.646	1917.67 
559.072	1892.06 
559.499	1836.18 
559.926	1759.35 
560.352	1750.04 
560.779	1673.21 
561.205	1684.85 
561.632	1703.48 
562.058	1659.24 
562.484	1598.71 
562.91	1561.46  
563.337	1472.99 
563.763	1533.52 
564.189	1526.54 
564.615	1412.46 
565.041	1347.27 
565.466	1358.91 
565.892	1300.71 
566.318	1347.27 
566.744	1258.8  
567.169	1202.92 
567.595	1207.58 
568.021	1268.11 
568.446	1174.99 
568.872	1102.81 
569.297	1093.5  
569.722	1123.77 
570.148	1023.66 
570.573	1009.69 
570.998	1074.88 
571.423	1005.03 
571.848	970.11  
572.273	979.42  
572.698	1037.63 
573.123	870     
573.548	951.48  
573.973	921.22  
574.397	888.62  
574.822	842.06  
575.247	944.5   
575.671	832.75  
576.096	825.76  
576.52	846.72   
576.944	832.75  
577.369	721     
577.793	748.94  
578.217	686.08  
578.641	709.36  
579.065	716.34  
579.49	697.72   
579.914	730.31  
580.337	714.01  
580.761	683.75  
581.185	644.17  
581.609	662.79  
582.033	669.78  
582.456	588.29  
582.88	655.81   
583.303	632.53  
583.727	590.62  
584.15	662.79   
584.574	623.22  
584.997	609.25  
585.42	592.95   
585.844	623.22  
586.267	544.06  
586.69	639.51   
587.113	567.34  
587.536	611.58  
587.959	541.73  
588.382	604.59  
588.804	597.61  
589.227	495.17  
589.65	541.73   
590.073	558.03  
590.495	560.36  
590.918	502.15  
591.34	520.78   
591.763	618.56  
592.185	560.36  
592.607	590.62  
593.03	504.48   
593.452	588.29  
593.874	395.06  
594.296	553.37  
594.718	576.65  
595.14	544.06   
595.562	478.87  
595.984	460.25  
596.406	404.37  
596.827	509.14  
597.249	502.15  
597.671	506.81  
598.092	455.59  
598.514	497.5   
598.935	527.76  
599.357	481.2   
599.778	469.56  
600.199	462.57  
600.621	525.43  
601.042	448.6   
601.463	453.26  
601.884	464.9   
602.305	513.79  
602.726	478.87  
603.147	469.56  
603.568	457.92  
603.988	462.57  
604.409	488.18  
604.83	534.75   
605.25	464.9    
605.671	441.62  
606.092	443.95  
606.512	427.65  
606.932	497.5   
607.353	513.79  
607.773	474.21  
608.193	434.64  
608.613	457.92  
609.034	460.25  
609.454	423     
609.874	499.82  
610.293	439.29  
610.713	404.37  
611.133	464.9   
611.553	441.62  
611.973	462.57  
612.392	427.65  
612.812	441.62  
613.231	565.01  
613.651	423     
614.07	429.98   
614.49	429.98   
614.909	497.5   
615.328	490.51  
615.747	441.62  
616.167	423     
616.586	455.59  
617.005	385.74  
617.424	490.51  
617.843	441.62  
618.261	409.03  
618.68	462.57   
619.099	483.53  
619.518	392.73  
619.936	348.49  
620.355	411.35  
620.773	439.29  
621.192	471.89  
621.61	395.06   
622.029	441.62  
622.447	497.5   
622.865	455.59  
623.283	429.98  
623.701	343.84  
624.119	376.43  
624.537	483.53  
624.955	439.29  
625.373	423     
625.791	467.23  
626.209	413.68  
626.627	388.07  
627.044	446.28  
627.462	390.4   
627.879	450.93  
628.297	390.4   
628.714	406.7   
629.132	369.45  
629.549	406.7   
629.966	413.68  
630.383	416.01  
630.8	429.98    
631.217	420.67  
631.634	378.76  
632.051	418.34  
632.468	411.35  
632.885	427.65  
633.302	371.78  
633.719	425.32  
634.135	481.2   
634.552	432.31  
634.969	462.57  
635.385	383.42  
635.801	425.32  
636.218	416.01  
636.634	446.28  
637.05	416.01   
637.467	376.43  
637.883	411.35  
638.299	369.45  
638.715	523.11  
639.131	481.2   
639.547	441.62  
639.963	436.96  
640.378	457.92  
640.794	450.93  
641.21	425.32   
641.626	460.25  
642.041	355.48  
642.457	395.06  
642.872	390.4   
643.287	346.17  
643.703	362.46  
644.118	385.74  
644.533	464.9   
644.948	443.95  
645.364	432.31  
645.779	434.64  
646.194	441.62  
646.609	453.26  
647.023	434.64  
647.438	460.25  
647.853	439.29  
648.268	362.46  
648.682	443.95  
649.097	434.64  
649.511	353.15  
649.926	395.06  
650.34	374.1    
650.755	420.67  
651.169	392.73  
651.583	434.64  
651.997	427.65  
652.411	357.81  
652.825	436.96  
653.239	371.78  
653.653	332.2   
654.067	402.04  
654.481	385.74  
654.895	402.04  
655.309	462.57  
655.722	360.14  
656.136	423     
656.549	357.81  
656.963	353.15  
657.376	392.73  
657.79	416.01   
658.203	474.21  
658.616	432.31  
659.029	509.14  
659.442	436.96  
659.855	453.26  
660.268	383.42  
660.681	390.4   
661.094	434.64  
661.507	383.42  
661.92	374.1    
662.333	348.49  
662.745	425.32  
663.158	416.01  
663.57	427.65   
663.983	436.96  
664.395	436.96  
664.808	406.7   
665.22	476.54   
665.632	406.7   
666.044	429.98  
666.456	402.04  
666.868	453.26  
667.28	385.74   
667.692	420.67  
668.104	497.5   
668.516	423     
668.928	406.7   
669.34	390.4    
669.751	376.43  
670.163	395.06  
670.574	311.24  
670.986	369.45  
671.397	425.32  
671.809	390.4   
672.22	390.4    
672.631	371.78  
673.042	457.92  
673.453	364.79  
673.864	346.17  
674.275	397.39  
674.686	411.35  
675.097	399.71  
675.508	367.12  
675.919	395.06  
676.33	420.67   
676.74	348.49   
677.151	443.95  
677.561	404.37  
677.972	446.28  
678.382	409.03  
678.792	329.87  
679.203	397.39  
679.613	399.71  
680.023	388.07  
680.433	406.7   
680.843	371.78  
681.253	457.92  
681.663	448.6   
682.073	322.88  
682.483	406.7   
682.893	350.82  
683.302	455.59  
683.712	376.43  
684.122	453.26  
684.531	416.01  
684.94	411.35   
685.35	416.01   
685.759	404.37  
686.168	369.45  
686.578	402.04  
686.987	455.59  
687.396	411.35  
687.805	329.87  
688.214	420.67  
688.623	441.62  
689.032	388.07  
689.44	413.68   
689.849	423     
690.258	418.34  
690.666	427.65  
691.075	364.79  
691.484	325.21  
691.892	427.65  
692.3	420.67    
692.709	369.45  
693.117	385.74  
693.525	364.79  
693.933	402.04  
694.341	348.49  
694.749	434.64  
695.157	474.21  
695.565	446.28  
695.973	418.34  
696.381	418.34  
696.788	402.04  
697.196	397.39  
697.604	457.92  
698.011	360.14  
698.419	364.79  
698.826	478.87  
699.234	439.29  
699.641	455.59  
700.048	364.79  
700.455	376.43  
700.862	404.37  
701.269	423     
701.676	448.6   
702.083	436.96  
702.49	385.74   
702.897	390.4   
703.304	395.06  
703.71	315.9    
704.117	388.07  
704.524	390.4   
704.93	429.98   
705.337	404.37  
705.743	443.95  
706.149	476.54  
706.556	416.01  
706.962	409.03  
707.368	362.46  
707.774	411.35  
708.18	409.03   
708.586	434.64  
708.992	355.48  
709.398	364.79  
709.804	409.03  
710.209	448.6   
710.615	448.6   
711.021	390.4   
711.426	395.06  
711.832	416.01  
712.237	381.09  
712.642	362.46  
713.048	336.85  
713.453	371.78  
713.858	378.76  
714.263	416.01  
714.668	392.73  
715.073	348.49  
715.478	443.95  
715.883	346.17  
716.288	425.32  
716.693	455.59  
717.097	385.74  
717.502	420.67  
717.906	376.43  
718.311	397.39  
718.715	318.23  
719.12	460.25   
719.524	432.31  
719.928	395.06  
720.333	411.35  
720.737	381.09  
721.141	404.37  
721.545	474.21  
721.949	409.03  
722.353	311.24  
722.757	383.42  
723.16	436.96   
723.564	388.07  
723.968	397.39  
724.371	404.37  
724.775	460.25  
725.178	453.26  
725.582	439.29  
725.985	411.35  
726.388	446.28  
726.792	390.4   
727.195	406.7   
727.598	469.56  
728.001	534.75  
728.404	388.07  
728.807	439.29  
729.21	383.42   
729.612	464.9   
730.015	413.68  
730.418	369.45  
730.82	395.06   
731.223	441.62  
731.625	425.32  
732.028	385.74  
732.43	416.01   
732.833	418.34  
733.235	371.78  
733.637	388.07  
734.039	395.06  
734.441	402.04  
734.843	420.67  
735.245	374.1   
735.647	369.45  
736.049	418.34  
736.451	409.03  
736.852	315.9   
737.254	367.12  
737.655	383.42  
738.057	429.98  
738.458	383.42  
738.86	402.04   
739.261	455.59  
739.662	455.59  
740.064	441.62  
740.465	423     
740.866	395.06  
741.267	434.64  
741.668	411.35  
742.069	436.96  
742.469	441.62  
742.87	483.53   
743.271	462.57  
743.672	427.65  
744.072	411.35  
744.473	446.28  
744.873	443.95  
745.274	462.57  
745.674	429.98  
746.074	381.09  
746.474	406.7   
746.875	378.76  
747.275	411.35  
747.675	357.81  
748.075	369.45  
748.474	462.57  
748.874	383.42  
749.274	464.9   
749.674	371.78  
750.073	416.01  
750.473	429.98  
750.873	409.03  
751.272	388.07  
751.671	369.45  
752.071	383.42  
752.47	362.46   
752.869	434.64  
753.268	439.29  
753.668	327.54  
754.067	455.59  
754.466	406.7   
754.864	485.86  
755.263	413.68  
755.662	436.96  
756.061	434.64  
756.459	378.76  
756.858	450.93  
757.257	390.4   
757.655	383.42  
758.053	374.1   
758.452	392.73  
758.85	455.59   
759.248	481.2   
759.646	450.93  
760.045	413.68  
760.443	418.34  
760.841	360.14  
761.238	439.29  
761.636	432.31  
762.034	423     
762.432	453.26  
762.829	420.67  
763.227	427.65  
763.625	376.43  
764.022	455.59  
764.419	336.85  
764.817	399.71  
765.214	434.64  
765.611	390.4   
766.008	355.48  
766.406	409.03  
766.803	392.73  
767.199	471.89  
767.596	378.76  
767.993	436.96  
768.39	439.29   
768.787	399.71  
769.183	402.04  
769.58	378.76   
769.977	411.35  
770.373	446.28  
770.769	416.01  
771.166	362.46  
771.562	448.6   
771.958	427.65  
772.354	416.01  
772.75	425.32   
773.146	434.64  
773.542	464.9   
773.938	318.23  
774.334	360.14  
774.73	388.07   
775.126	457.92  
775.521	443.95  
775.917	390.4   
776.312	402.04  
776.708	388.07  
777.103	455.59  
777.499	364.79  
777.894	462.57  
778.289	427.65  
778.684	416.01  
779.079	388.07  
779.474	385.74  
779.869	406.7   
780.264	360.14  
780.659	402.04  
781.054	383.42  
781.448	418.34  
781.843	374.1   
782.238	383.42  
782.632	418.34  
783.027	423     
783.421	429.98  
783.815	413.68  
784.21	339.18   
784.604	439.29  
784.998	395.06  
785.392	413.68  
785.786	413.68  
786.18	432.31   
786.574	357.81  
786.968	413.68  
787.361	455.59  
787.755	385.74  
788.149	409.03  
788.542	423     
788.936	395.06  
789.329	392.73  
789.722	409.03  
790.116	429.98  
790.509	441.62  
790.902	478.87  
791.295	423     
791.688	392.73  
792.081	441.62  
792.474	418.34  
792.867	432.31  
793.26	460.25   
793.653	404.37  
794.045	385.74  
794.438	448.6   
794.83	367.12   
795.223	395.06  
795.615	385.74  
796.008	399.71  
796.4	441.62    
796.792	399.71  
797.184	427.65  
797.576	385.74  
797.968	434.64  
798.36	446.28   
798.752	374.1   
799.144	355.48  
799.536	409.03  
799.928	392.73  
800.319	383.42  
800.711	413.68  
801.102	390.4   
801.494	392.73  
801.885	404.37  
802.276	334.53  
802.668	357.81  
803.059	392.73  
803.45	395.06   
803.841	339.18  
804.232	383.42  
804.623	399.71  
805.014	450.93  
805.405	409.03  
805.795	395.06  
806.186	423     
806.577	402.04  
806.967	376.43  
807.358	448.6   
807.748	436.96  
808.139	423     
808.529	460.25  
808.919	395.06  
809.309	371.78  
809.699	443.95  
810.089	478.87  
810.479	432.31  
810.869	450.93  
811.259	327.54  
811.649	364.79  
812.039	381.09  
812.428	450.93  
812.818	497.5   
813.207	362.46  
813.597	404.37  
813.986	369.45  
814.376	315.9   
814.765	423     
815.154	350.82  
815.543	348.49  
815.932	364.79  
816.321	425.32  
816.71	357.81   
817.099	504.48  
817.488	436.96  
817.877	409.03  
818.265	481.2   
818.654	357.81  
819.043	371.78  
819.431	397.39  
819.819	420.67  
820.208	429.98  
820.596	353.15  
820.984	429.98  
821.372	485.86  
821.761	367.12  
822.149	367.12  
822.537	406.7   
822.924	357.81  
823.312	376.43  
823.7	348.49    
824.088	427.65  
824.475	439.29  
824.863	311.24  
825.251	404.37  
825.638	441.62  
826.025	346.17  
826.413	446.28  
826.8	362.46    
827.187	353.15  
827.574	441.62  
827.961	432.31  
828.348	429.98  
828.735	388.07  
829.122	364.79  
829.509	376.43  
829.896	432.31  
830.282	399.71  
830.669	364.79  
831.055	492.84  
831.442	506.81  
831.828	357.81  
832.215	378.76  
832.601	390.4   
832.987	448.6   
833.373	385.74  
833.759	343.84  
834.145	374.1   
834.531	420.67  
834.917	381.09  
835.303	371.78  
835.689	378.76  
836.074	371.78  
836.46	371.78   
836.846	434.64  
837.231	369.45  
837.617	327.54  
838.002	392.73  
838.387	471.89  
838.772	416.01  
839.158	355.48  
839.543	371.78  
839.928	353.15  
840.313	383.42  
840.698	383.42  
841.082	418.34  
841.467	439.29  
841.852	388.07  
842.237	497.5   
842.621	395.06  
843.006	374.1   
843.39	395.06   
843.774	388.07  
844.159	418.34  
844.543	348.49  
844.927	404.37  
845.311	395.06  
845.695	429.98  
846.079	443.95  
846.463	381.09  
846.847	385.74  
847.231	390.4   
847.615	395.06  
847.998	392.73  
848.382	411.35  
848.765	413.68  
849.149	425.32  
849.532	329.87  
849.916	432.31  
850.299	436.96  
850.682	409.03  
851.065	364.79  
851.448	427.65  
851.831	395.06  
852.214	443.95  
852.597	369.45  
852.98	395.06   
853.363	378.76  
853.745	455.59  
854.128	448.6   
854.51	378.76   
854.893	418.34  
855.275	467.23  
855.658	420.67  
856.04	399.71   
856.422	457.92  
856.804	378.76  
857.186	432.31  
857.568	409.03  
857.95	374.1    
858.332	441.62  
858.714	420.67  
859.096	418.34  
859.477	392.73  
859.859	423     
860.24	381.09   
860.622	446.28  
861.003	402.04  
861.385	432.31  
861.766	367.12  
862.147	429.98  
862.528	402.04  
862.909	348.49  
863.29	395.06   
863.671	348.49  
864.052	399.71  
864.433	404.37  
864.814	441.62  
865.194	381.09  
865.575	409.03  
865.955	350.82  
866.336	409.03  
866.716	376.43  
867.097	341.51  
867.477	453.26  
867.857	374.1   
868.237	402.04  
868.617	432.31  
868.997	416.01  
869.377	392.73  
869.757	334.53  
870.137	343.84  
870.517	339.18  
870.896	439.29  
871.276	348.49  
871.655	392.73  
872.035	429.98  
872.414	464.9   
872.794	413.68  
873.173	413.68  
873.552	450.93  
873.931	418.34  
874.31	341.51   
874.689	450.93  
875.068	381.09  
875.447	395.06  
875.826	476.54  
876.205	411.35  
876.583	418.34  
876.962	360.14  
877.341	418.34  
877.719	376.43  
878.097	381.09  
878.476	420.67  
878.854	383.42  
879.232	416.01  
879.61	381.09   
879.988	467.23  
880.366	367.12  
880.744	381.09  
881.122	355.48  
881.5	392.73    
881.878	409.03  
882.255	409.03  
882.633	378.76  
883.011	301.93  
883.388	376.43  
883.765	360.14  
884.143	439.29  
884.52	406.7    
884.897	381.09  
885.274	427.65  
885.651	397.39  
886.028	464.9   
886.405	411.35  
886.782	369.45  
887.159	429.98  
887.536	364.79  
887.912	453.26  
888.289	413.68  
888.665	397.39  
889.042	432.31  
889.418	376.43  
889.794	429.98  
890.171	460.25  
890.547	369.45  
890.923	436.96  
891.299	362.46  
891.675	399.71  
892.051	423     
892.427	411.35  
892.803	397.39  
893.178	439.29  
893.554	425.32  
893.929	404.37  
894.305	413.68  
894.68	453.26   
895.056	376.43  
895.431	406.7   
895.806	432.31  
896.181	376.43  
896.557	457.92  
896.932	464.9   
897.307	369.45  
897.681	348.49  
898.056	399.71  
898.431	441.62  
898.806	406.7   
899.18	341.51   
899.555	390.4   
899.929	467.23  
900.304	399.71  
900.678	416.01  
901.052	355.48  
901.427	346.17  
901.801	371.78  
902.175	406.7   
902.549	364.79  
902.923	367.12  
903.297	367.12  
903.67	425.32   
904.044	397.39  
904.418	404.37  
904.791	399.71  
905.165	418.34  
905.538	369.45  
905.912	392.73  
906.285	385.74  
906.658	360.14  
907.032	462.57  
907.405	420.67  
907.778	399.71  
908.151	409.03  
908.524	439.29  
908.896	355.48  
909.269	376.43  
909.642	397.39  
910.015	467.23  
910.387	390.4   
910.76	404.37   
911.132	436.96  
911.504	453.26  
911.877	381.09  
912.249	388.07  
912.621	385.74  
912.993	448.6   
913.365	392.73  
913.737	425.32  
914.109	360.14  
914.481	418.34  
914.853	404.37  
915.224	371.78  
915.596	429.98  
915.968	429.98  
916.339	439.29  
916.71	441.62   
917.082	388.07  
917.453	390.4   
917.824	371.78  
918.195	441.62  
918.566	353.15  
918.937	388.07  
919.308	322.88  
919.679	374.1   
920.05	409.03   
920.421	402.04  
920.791	360.14  
921.162	360.14  
921.532	381.09  
921.903	397.39  
922.273	381.09  
922.644	406.7   
923.014	425.32  
923.384	374.1   
923.754	462.57  
924.124	429.98  
924.494	499.82  
924.864	318.23  
925.234	446.28  
925.604	397.39  
925.973	390.4   
926.343	434.64  
926.712	441.62  
927.082	392.73  
927.451	425.32  
927.821	453.26  
928.19	439.29   
928.559	409.03  
928.928	399.71  
929.297	374.1   
929.666	416.01  
930.035	395.06  
930.404	420.67  
930.773	374.1   
931.142	339.18  
931.51	416.01   
931.879	404.37  
932.247	381.09  
932.616	353.15  
932.984	409.03  
933.353	416.01  
933.721	450.93  
934.089	416.01  
934.457	439.29  
934.825	304.26  
935.193	388.07  
935.561	395.06  
935.929	416.01  
936.296	432.31  
936.664	476.54  
937.032	439.29  
937.399	367.12  
937.767	402.04  
938.134	381.09  
938.501	441.62  
938.869	418.34  
939.236	395.06  
939.603	353.15  
939.97	383.42   
940.337	362.46  
940.704	439.29  
941.071	455.59  
941.438	411.35  
941.804	390.4   
942.171	383.42  
942.538	399.71  
942.904	434.64  
943.27	395.06   
943.637	392.73  
944.003	301.93  
944.369	416.01  
944.735	476.54  
945.102	381.09  
945.468	413.68  
945.833	441.62  
946.199	322.88  
946.565	395.06  
946.931	434.64  
947.296	353.15  
947.662	464.9   
948.028	341.51  
948.393	390.4   
948.758	369.45  
949.124	397.39  
949.489	388.07  
949.854	360.14  
950.219	360.14  
950.584	378.76  
950.949	420.67  
951.314	392.73  
951.679	434.64  
952.044	434.64  
952.408	388.07  
952.773	357.81  
953.137	297.28  
953.502	350.82  
953.866	439.29  
954.231	420.67  
954.595	357.81  
954.959	378.76  
955.323	402.04  
955.687	381.09  
956.051	423     
956.415	376.43  
956.779	467.23  
957.143	395.06  
957.506	374.1   
957.87	450.93   
958.234	450.93  
958.597	413.68  
958.961	427.65  
959.324	399.71  
959.687	413.68  
960.05	297.28   
960.413	371.78  
960.776	369.45  
961.139	346.17  
961.502	357.81  
961.865	383.42  
962.228	341.51  
962.591	369.45  
962.953	334.53  
963.316	460.25  
963.678	381.09  
964.041	378.76  
964.403	392.73  
964.765	397.39  
965.128	357.81  
965.49	411.35   
965.852	392.73  
966.214	460.25  
966.576	374.1   
966.938	427.65  
967.299	436.96  
967.661	395.06  
968.023	339.18  
968.384	478.87  
968.746	378.76  
969.107	406.7   
969.469	418.34  
969.83	343.84   
970.191	371.78  
970.552	499.82  
970.913	434.64  
971.274	416.01  
971.635	420.67  
971.996	429.98  
972.357	467.23  
972.718	383.42  
973.078	378.76  
973.439	432.31  
973.8	325.21    
974.16	376.43   
974.52	376.43   
974.881	425.32  
975.241	390.4   
975.601	411.35  
975.961	455.59  
976.321	446.28  
976.681	425.32  
977.041	397.39  
977.401	436.96  
977.76	411.35   
978.12	411.35   
978.48	355.48   
978.839	402.04  
979.199	336.85  
979.558	427.65  
979.917	381.09  
980.277	455.59  
980.636	348.49  
980.995	455.59  
981.354	392.73  
981.713	434.64  
982.072	406.7   
982.43	413.68   
982.789	374.1   
983.148	381.09  
983.506	355.48  
983.865	346.17  
984.223	404.37  
984.582	390.4   
984.94	374.1    
985.298	357.81  
985.656	464.9   
986.015	409.03  
986.373	378.76  
986.731	339.18  
987.088	395.06  
987.446	416.01  
987.804	378.76  
988.162	388.07  
988.519	381.09  
988.877	413.68  
989.234	360.14  
989.591	416.01  
989.949	374.1   
990.306	364.79  
990.663	427.65  
991.02	392.73   
991.377	374.1   
991.734	357.81  
992.091	343.84  
992.448	397.39  
992.805	432.31  
993.161	423     
993.518	357.81  
993.874	350.82  
994.231	378.76  
994.587	371.78  
994.943	371.78  
995.3	450.93    
995.656	425.32  
996.012	397.39  
996.368	448.6   
996.724	360.14  
997.08	367.12   
997.435	346.17  
997.791	318.23  
998.147	399.71  
998.502	290.29  
998.858	395.06  
999.213	488.18  
999.569	325.21  
999.924	416.01  
1000.279	418.34 
1000.634	367.12 
1000.989	390.4  
1001.344	369.45 
1001.699	322.88 
1002.054	378.76 
1002.409	390.4  
1002.764	448.6  
1003.118	313.57 
1003.473	476.54 
1003.827	392.73 
1004.182	383.42 
1004.536	385.74 
1004.89	369.45  
1005.245	395.06 
1005.599	409.03 
1005.953	371.78 
1006.307	395.06 
1006.661	467.23 
1007.015	436.96 
1007.368	369.45 
1007.722	360.14 
1008.076	381.09 
1008.429	371.78 
1008.783	364.79 
1009.136	355.48 
1009.489	397.39 
1009.843	383.42 
1010.196	411.35 
1010.549	418.34 
1010.902	423    
1011.255	341.51 
1011.608	460.25 
1011.961	390.4  
1012.313	364.79 
1012.666	399.71 
1013.019	411.35 
1013.371	343.84 
1013.724	429.98 
1014.076	376.43 
1014.428	350.82 
1014.781	423    
1015.133	350.82 
1015.485	381.09 
1015.837	432.31 
1016.189	392.73 
1016.541	381.09 
1016.893	397.39 
1017.244	364.79 
1017.596	413.68 
1017.947	395.06 
1018.299	411.35 
1018.65	327.54  
1019.002	399.71 
1019.353	418.34 
1019.704	371.78 
1020.055	381.09 
1020.407	371.78 
1020.758	341.51 
1021.108	406.7  
1021.459	434.64 
1021.81	383.42  
1022.161	402.04 
1022.511	411.35 
1022.862	397.39 
1023.213	392.73 
1023.563	367.12 
1023.913	343.84 
1024.264	432.31 
1024.614	341.51 
1024.964	413.68 
1025.314	381.09 
1025.664	369.45 
1026.014	385.74 
1026.364	318.23 
1026.713	381.09 
1027.063	322.88 
1027.413	397.39 
1027.762	413.68 
1028.112	469.56 
1028.461	429.98 
1028.81	420.67  
1029.16	439.29  
1029.509	436.96 
1029.858	362.46 
1030.207	334.53 
1030.556	343.84 
1030.905	367.12 
1031.254	355.48 
1031.602	448.6  
1031.951	411.35 
1032.3	388.07   
1032.648	343.84 
1032.996	343.84 
1033.345	343.84 