187.879	-10.62  
188.346	-10.62  
188.813	-10.62  
189.28	-52.53   
189.747	-113.06 
190.214	-96.76  
190.681	-82.79  
191.148	-120.05 
191.614	-94.44  
192.081	-40.89  
192.548	-92.11  
193.014	21.97   
193.481	-47.87  
193.948	-26.92  
194.414	33.61   
194.881	49.91   
195.347	63.88   
195.813	94.14   
196.28	105.79   
196.746	98.8    
197.212	133.72  
197.678	94.14   
198.145	175.63  
198.611	157     
199.077	210.55  
199.543	259.44  
200.009	245.47  
200.475	261.77  
200.941	252.46  
201.407	266.43  
201.873	252.46  
202.338	333.94  
202.804	338.6   
203.27	324.63   
203.735	345.58  
204.201	375.85  
204.667	359.55  
205.132	333.94  
205.598	415.43  
206.063	361.88  
206.529	338.6   
206.994	429.4   
207.459	438.71  
207.925	448.02  
208.39	429.4    
208.855	510.88  
209.32	278.07   
209.785	403.79  
210.25	380.51   
210.715	380.51  
211.18	350.24   
211.645	350.24  
212.11	441.04   
212.575	396.8   
213.04	331.62   
213.504	443.37  
213.969	387.49  
214.434	385.16  
214.899	364.21  
215.363	340.93  
215.828	396.8   
216.292	336.27  
216.757	445.69  
217.221	333.94  
217.685	536.49  
218.15	401.46   
218.614	347.91  
219.078	415.43  
219.542	322.3   
220.007	364.21  
220.471	394.48  
220.935	403.79  
221.399	378.18  
221.863	364.21  
222.327	417.76  
222.791	347.91  
223.254	366.54  
223.718	340.93  
224.182	338.6   
224.646	387.49  
225.109	371.19  
225.573	329.29  
226.037	396.8   
226.5	338.6     
226.964	429.4   
227.427	336.27  
227.89	324.63   
228.354	434.05  
228.817	371.19  
229.28	347.91   
229.744	371.19  
230.207	280.4   
230.67	434.05   
231.133	368.87  
231.596	380.51  
232.059	317.65  
232.522	380.51  
232.985	368.87  
233.448	382.83  
233.911	401.46  
234.374	254.79  
234.836	378.18  
235.299	401.46  
235.762	385.16  
236.224	375.85  
236.687	324.63  
237.149	410.77  
237.612	315.32  
238.074	352.57  
238.537	333.94  
238.999	312.99  
239.461	445.69  
239.924	373.52  
240.386	434.05  
240.848	340.93  
241.31	364.21   
241.772	359.55  
242.234	371.19  
242.696	420.08  
243.158	410.77  
243.62	403.79   
244.082	359.55  
244.544	340.93  
245.006	408.44  
245.468	450.35  
245.929	403.79  
246.391	368.87  
246.852	406.12  
247.314	345.58  
247.776	427.07  
248.237	357.23  
248.698	396.8   
249.16	354.9    
249.621	357.23  
250.082	350.24  
250.544	394.48  
251.005	364.21  
251.466	422.41  
251.927	385.16  
252.388	373.52  
252.849	394.48  
253.31	408.44   
253.771	361.88  
254.232	361.88  
254.693	417.76  
255.154	389.82  
255.615	350.24  
256.075	387.49  
256.536	401.46  
256.997	415.43  
257.457	345.58  
257.918	438.71  
258.378	303.68  
258.839	371.19  
259.299	378.18  
259.759	357.23  
260.22	375.85   
260.68	373.52   
261.14	326.96   
261.6	387.49    
262.06	357.23   
262.521	394.48  
262.981	413.1   
263.441	464.32  
263.901	303.68  
264.36	380.51   
264.82	375.85   
265.28	310.66   
265.74	420.08   
266.2	373.52    
266.659	378.18  
267.119	422.41  
267.579	343.26  
268.038	450.35  
268.498	375.85  
268.957	406.12  
269.416	361.88  
269.876	415.43  
270.335	324.63  
270.794	315.32  
271.254	373.52  
271.713	396.8   
272.172	420.08  
272.631	299.02  
273.09	396.8    
273.549	389.82  
274.008	434.05  
274.467	408.44  
274.926	380.51  
275.385	443.37  
275.843	406.12  
276.302	448.02  
276.761	452.68  
277.22	429.4    
277.678	461.99  
278.137	434.05  
278.595	441.04  
279.054	382.83  
279.512	427.07  
279.97	368.87   
280.429	420.08  
280.887	431.73  
281.345	361.88  
281.803	410.77  
282.262	350.24  
282.72	394.48   
283.178	468.98  
283.636	424.74  
284.094	399.13  
284.552	410.77  
285.01	357.23   
285.467	441.04  
285.925	410.77  
286.383	434.05  
286.841	375.85  
287.298	464.32  
287.756	408.44  
288.213	431.73  
288.671	382.83  
289.128	333.94  
289.586	410.77  
290.043	424.74  
290.5	366.54    
290.958	427.07  
291.415	429.4   
291.872	496.91  
292.329	434.05  
292.786	380.51  
293.243	392.15  
293.7	357.23    
294.157	427.07  
294.614	392.15  
295.071	424.74  
295.528	417.76  
295.985	403.79  
296.441	368.87  
296.898	394.48  
297.355	443.37  
297.811	429.4   
298.268	506.23  
298.724	415.43  
299.181	403.79  
299.637	364.21  
300.094	501.57  
300.55	445.69   
301.006	331.62  
301.462	436.38  
301.919	394.48  
302.375	364.21  
302.831	415.43  
303.287	420.08  
303.743	406.12  
304.199	357.23  
304.655	450.35  
305.11	387.49   
305.566	357.23  
306.022	392.15  
306.478	478.29  
306.933	408.44  
307.389	406.12  
307.845	417.76  
308.3	394.48    
308.756	441.04  
309.211	373.52  
309.666	354.9   
310.122	392.15  
310.577	436.38  
311.032	389.82  
311.487	450.35  
311.943	436.38  
312.398	371.19  
312.853	429.4   
313.308	410.77  
313.763	464.32  
314.218	340.93  
314.672	345.58  
315.127	375.85  
315.582	394.48  
316.037	401.46  
316.492	434.05  
316.946	380.51  
317.401	399.13  
317.855	408.44  
318.31	352.57   
318.764	350.24  
319.219	415.43  
319.673	457.34  
320.127	373.52  
320.582	434.05  
321.036	312.99  
321.49	485.27   
321.944	357.23  
322.398	375.85  
322.852	392.15  
323.306	471.3   
323.76	403.79   
324.214	380.51  
324.668	375.85  
325.122	464.32  
325.575	443.37  
326.029	347.91  
326.483	415.43  
326.936	352.57  
327.39	434.05   
327.843	364.21  
328.297	403.79  
328.75	438.71   
329.204	410.77  
329.657	406.12  
330.11	408.44   
330.564	375.85  
331.017	399.13  
331.47	347.91   
331.923	452.68  
332.376	294.37  
332.829	478.29  
333.282	406.12  
333.735	468.98  
334.188	340.93  
334.641	415.43  
335.093	427.07  
335.546	392.15  
335.999	357.23  
336.451	420.08  
336.904	438.71  
337.356	452.68  
337.809	464.32  
338.261	436.38  
338.714	464.32  
339.166	431.73  
339.618	406.12  
340.07	434.05   
340.523	448.02  
340.975	410.77  
341.427	417.76  
341.879	406.12  
342.331	326.96  
342.783	422.41  
343.235	403.79  
343.687	406.12  
344.138	312.99  
344.59	431.73   
345.042	473.63  
345.494	473.63  
345.945	378.18  
346.397	471.3   
346.848	422.41  
347.3	368.87    
347.751	415.43  
348.203	415.43  
348.654	420.08  
349.105	417.76  
349.556	410.77  
350.008	438.71  
350.459	466.65  
350.91	408.44   
351.361	410.77  
351.812	436.38  
352.263	394.48  
352.714	436.38  
353.165	434.05  
353.615	436.38  
354.066	443.37  
354.517	403.79  
354.968	438.71  
355.418	438.71  
355.869	378.18  
356.319	345.58  
356.77	389.82   
357.22	403.79   
357.671	394.48  
358.121	415.43  
358.571	482.94  
359.021	429.4   
359.472	417.76  
359.922	450.35  
360.372	471.3   
360.822	424.74  
361.272	394.48  
361.722	415.43  
362.172	361.88  
362.622	471.3   
363.071	429.4   
363.521	445.69  
363.971	382.83  
364.42	359.55   
364.87	415.43   
365.32	436.38   
365.769	471.3   
366.219	422.41  
366.668	424.74  
367.117	443.37  
367.567	420.08  
368.016	429.4   
368.465	389.82  
368.914	410.77  
369.363	401.46  
369.812	389.82  
370.261	436.38  
370.71	354.9    
371.159	413.1   
371.608	487.6   
372.057	373.52  
372.506	368.87  
372.955	399.13  
373.403	459.66  
373.852	343.26  
374.301	436.38  
374.749	457.34  
375.198	378.18  
375.646	431.73  
376.094	378.18  
376.543	448.02  
376.991	403.79  
377.439	438.71  
377.887	436.38  
378.336	401.46  
378.784	441.04  
379.232	413.1   
379.68	366.54   
380.128	452.68  
380.576	375.85  
381.023	399.13  
381.471	436.38  
381.919	441.04  
382.367	378.18  
382.814	455.01  
383.262	448.02  
383.71	354.9    
384.157	450.35  
384.605	420.08  
385.052	466.65  
385.499	389.82  
385.947	352.57  
386.394	427.07  
386.841	431.73  
387.288	473.63  
387.735	415.43  
388.182	438.71  
388.63	429.4    
389.076	464.32  
389.523	401.46  
389.97	434.05   
390.417	385.16  
390.864	371.19  
391.311	457.34  
391.757	450.35  
392.204	420.08  
392.651	431.73  
393.097	410.77  
393.544	436.38  
393.99	436.38   
394.436	450.35  
394.883	403.79  
395.329	399.13  
395.775	406.12  
396.221	396.8   
396.668	455.01  
397.114	459.66  
397.56	438.71   
398.006	410.77  
398.452	378.18  
398.897	448.02  
399.343	422.41  
399.789	352.57  
400.235	436.38  
400.681	396.8   
401.126	417.76  
401.572	413.1   
402.017	452.68  
402.463	373.52  
402.908	438.71  
403.354	489.93  
403.799	464.32  
404.244	410.77  
404.689	408.44  
405.135	422.41  
405.58	424.74   
406.025	424.74  
406.47	422.41   
406.915	480.62  
407.36	445.69   
407.805	387.49  
408.25	387.49   
408.694	357.23  
409.139	420.08  
409.584	429.4   
410.029	527.18  
410.473	406.12  
410.918	450.35  
411.362	352.57  
411.807	487.6   
412.251	424.74  
412.695	373.52  
413.14	385.16   
413.584	452.68  
414.028	422.41  
414.472	420.08  
414.916	427.07  
415.36	352.57   
415.804	438.71  
416.248	487.6   
416.692	385.16  
417.136	373.52  
417.58	434.05   
418.024	422.41  
418.467	417.76  
418.911	492.26  
419.355	408.44  
419.798	434.05  
420.242	408.44  
420.685	429.4   
421.128	448.02  
421.572	434.05  
422.015	424.74  
422.458	461.99  
422.902	375.85  
423.345	431.73  
423.788	410.77  
424.231	410.77  
424.674	392.15  
425.117	399.13  
425.56	431.73   
426.003	455.01  
426.445	427.07  
426.888	431.73  
427.331	434.05  
427.773	468.98  
428.216	415.43  
428.659	354.9   
429.101	445.69  
429.543	494.59  
429.986	366.54  
430.428	489.93  
430.87	436.38   
431.313	457.34  
431.755	445.69  
432.197	371.19  
432.639	508.55  
433.081	396.8   
433.523	445.69  
433.965	382.83  
434.407	373.52  
434.849	378.18  
435.291	326.96  
435.732	406.12  
436.174	394.48  
436.616	468.98  
437.057	420.08  
437.499	427.07  
437.94	424.74   
438.382	361.88  
438.823	408.44  
439.264	473.63  
439.706	475.96  
440.147	420.08  
440.588	424.74  
441.029	382.83  
441.47	382.83   
441.911	394.48  
442.352	389.82  
442.793	448.02  
443.234	468.98  
443.675	371.19  
444.116	436.38  
444.556	429.4   
444.997	403.79  
445.438	464.32  
445.878	387.49  
446.319	448.02  
446.759	455.01  
447.199	408.44  
447.64	406.12   
448.08	406.12   
448.52	394.48   
448.961	420.08  
449.401	461.99  
449.841	508.55  
450.281	438.71  
450.721	403.79  
451.161	478.29  
451.601	489.93  
452.041	452.68  
452.48	422.41   
452.92	431.73   
453.36	459.66   
453.799	424.74  
454.239	382.83  
454.679	380.51  
455.118	552.79  
455.557	371.19  
455.997	420.08  
456.436	450.35  
456.875	513.21  
457.315	389.82  
457.754	466.65  
458.193	408.44  
458.632	427.07  
459.071	441.04  
459.51	452.68   
459.949	450.35  
460.388	434.05  
460.827	443.37  
461.265	455.01  
461.704	406.12  
462.143	394.48  
462.581	471.3   
463.02	434.05   
463.458	508.55  
463.897	503.9   
464.335	389.82  
464.774	424.74  
465.212	443.37  
465.65	452.68   
466.088	506.23  
466.527	555.12  
466.965	415.43  
467.403	541.15  
467.841	527.18  
468.279	515.54  
468.716	485.27  
469.154	475.96  
469.592	566.76  
470.03	415.43   
470.467	506.23  
470.905	510.88  
471.343	580.73  
471.78	583.06   
472.218	522.52  
472.655	543.48  
473.092	508.55  
473.53	585.38   
473.967	643.59  
474.404	692.48  
474.841	604.01  
475.278	587.71  
475.716	713.43  
476.153	757.67  
476.589	785.6   
477.026	764.65  
477.463	813.54  
477.9	769.31    
478.337	832.17  
478.773	808.89  
479.21	957.89   
479.647	902.01  
480.083	969.53  
480.52	990.48   
480.956	1104.56 
481.392	1095.25 
481.829	1216.31 
482.265	1279.17 
482.701	1195.36 
483.137	1365.31 
483.574	1388.59 
484.01	1486.38  
484.446	1539.92 
484.882	1642.36 
485.317	1747.13 
485.753	1805.33 
486.189	1891.47 
486.625	1954.33 
487.061	2014.87 
487.496	2222.07 
487.932	2385.04 
488.367	2364.09 
488.803	2571.29 
489.238	2708.65 
489.674	2827.39 
490.109	2988.03 
490.544	3102.11 
490.979	3313.97 
491.415	3395.46 
491.85	3637.58  
492.285	3795.9  
492.72	4007.76  
493.155	4201    
493.59	4494.34  
494.024	4596.78 
494.459	4769.06 
494.894	5134.58 
495.329	5223.05 
495.763	5821.39 
496.198	5886.57 
496.632	6247.44 
497.067	6461.63 
497.501	6887.68 
497.936	6983.13 
498.37	7346.32  
498.804	7884.12 
499.238	8028.47 
499.673	8508.07 
500.107	9010.95 
500.541	9369.48 
500.975	9788.55 
501.409	10279.79
501.843	10794.31
502.277	11003.84
502.71	11574.24 
503.144	12119.02
503.578	12382.1 
504.011	13115.47
504.445	13499.61
504.878	14193.4 
505.312	14242.29
505.745	15208.47
506.179	15806.81
506.612	16339.95
507.045	16873.1 
507.479	17697.26
507.912	17874.2 
508.345	18935.84
508.778	19180.29
509.211	19855.45
509.644	20165.1 
510.077	20956.67
510.509	21380.39
510.942	21429.28
511.375	22502.56
511.808	22842.47
512.24	23154.44 
512.673	23189.36
513.105	23508.32
513.538	24369.73
513.97	24702.65 
514.403	24546.67
514.835	25212.52
515.267	25030.92
515.699	25117.06
516.131	25354.54
516.564	25186.91
516.996	25072.83
517.428	25699.1 
517.859	25310.3 
518.291	25214.85
518.723	25023.94
519.155	24718.95
519.587	24544.34
520.018	24507.09
520.45	23664.3  
520.881	23610.75
521.313	23284.81
521.744	22872.73
522.176	22751.67
522.607	22246.46
523.038	21613.2 
523.47	21007.89 
523.901	21212.76
524.332	20346.69
524.763	20004.45
525.194	19273.42
525.625	19105.79
526.056	18439.94
526.487	17769.43
526.917	17389.95
527.348	17182.74
527.779	16442.39
528.21	16034.96 
528.64	15634.52 
529.071	15145.61
529.501	14824.33
529.932	14444.84
530.362	13983.87
530.792	13667.24
531.222	13180.66
531.653	13075.89
532.083	12496.18
532.513	12298.29
532.943	12037.54
533.373	11504.39
533.803	11364.7 
534.233	11096.97
534.663	10682.56
535.092	10635.99
535.522	10200.63
535.952	9972.47 
536.381	9523.14 
536.811	9362.5  
537.24	9208.84  
537.67	8808.4   
538.099	8489.44 
538.529	8238    
538.958	8179.8  
539.387	8033.12 
539.816	7716.5  
540.245	7721.15 
540.674	7255.52 
541.103	7374.26 
541.532	6910.96 
541.961	6869.05 
542.39	6601.31  
542.819	6340.56 
543.248	6040.23 
543.676	5982.03 
544.105	6054.2  
544.534	5560.63 
544.962	5500.1  
545.391	5248.66 
545.819	5185.8  
546.247	4957.64 
546.676	4845.89 
547.104	4675.94 
547.532	4578.15 
547.96	4424.5   
548.388	4161.42 
548.816	4119.51 
549.244	4054.32 
549.672	3791.24 
550.1	3742.35   
550.528	3604.99 
550.956	3616.63 
551.383	3518.85 
551.811	3365.19 
552.238	3265.08 
552.666	3178.94 
553.094	2988.03 
553.521	2976.39 
553.948	2764.53 
554.376	2892.58 
554.803	2745.9  
555.23	2678.39  
555.657	2520.07 
556.084	2566.64 
556.511	2538.7  
556.938	2501.45 
557.365	2357.1  
557.792	2231.38 
558.219	2240.7  
558.646	2133.6  
559.072	2101.01 
559.499	2066.08 
559.926	2003.22 
560.352	2040.48 
560.779	1921.74 
561.205	1789.04 
561.632	1821.63 
562.058	1861.21 
562.484	1768.08 
562.91	1754.11  
563.337	1628.39 
563.763	1621.41 
564.189	1621.41 
564.615	1481.72 
565.041	1521.3  
565.466	1397.91 
565.892	1409.55 
566.318	1372.3  
566.744	1395.58 
567.169	1344.36 
567.595	1307.11 
568.021	1344.36 
568.446	1307.11 
568.872	1304.78 
569.297	1223.3  
569.722	1125.51 
570.148	1162.76 
570.573	1139.48 
570.998	1116.2  
571.423	1106.89 
571.848	1123.19 
572.273	1048.68 
572.698	1027.73 
573.123	1020.75 
573.548	978.84  
573.973	1002.12 
574.397	997.47  
574.822	878.73  
575.247	932.28  
575.671	878.73  
576.096	881.06  
576.52	804.23   
576.944	813.54  
577.369	836.82  
577.793	748.35  
578.217	755.34  
578.641	757.67  
579.065	836.82  
579.49	722.74   
579.914	748.35  
580.337	711.1   
580.761	766.98  
581.185	722.74  
581.609	736.71  
582.033	678.51  
582.456	552.79  
582.88	641.26   
583.303	713.43  
583.727	641.26  
584.15	699.46   
584.574	687.82  
584.997	615.65  
585.42	676.18   
585.844	597.02  
586.267	580.73  
586.69	578.4    
587.113	496.91  
587.536	569.09  
587.959	604.01  
588.382	576.07  
588.804	604.01  
589.227	571.41  
589.65	548.13   
590.073	601.68  
590.495	666.87  
590.918	597.02  
591.34	548.13   
591.763	480.62  
592.185	620.31  
592.607	503.9   
593.03	557.45   
593.452	555.12  
593.874	466.65  
594.296	573.74  
594.718	576.07  
595.14	489.93   
595.562	531.84  
595.984	501.57  
596.406	522.52  
596.827	559.77  
597.249	555.12  
597.671	520.2   
598.092	499.24  
598.514	529.51  
598.935	459.66  
599.357	475.96  
599.778	471.3   
600.199	471.3   
600.621	485.27  
601.042	534.16  
601.463	473.63  
601.884	489.93  
602.305	503.9   
602.726	422.41  
603.147	524.85  
603.568	485.27  
603.988	550.46  
604.409	427.07  
604.83	464.32   
605.25	478.29   
605.671	417.76  
606.092	422.41  
606.512	494.59  
606.932	471.3   
607.353	482.94  
607.773	466.65  
608.193	510.88  
608.613	501.57  
609.034	475.96  
609.454	527.18  
609.874	478.29  
610.293	443.37  
610.713	420.08  
611.133	455.01  
611.553	466.65  
611.973	417.76  
612.392	545.8   
612.812	534.16  
613.231	420.08  
613.651	399.13  
614.07	461.99   
614.49	410.77   
614.909	450.35  
615.328	427.07  
615.747	494.59  
616.167	448.02  
616.586	455.01  
617.005	506.23  
617.424	429.4   
617.843	441.04  
618.261	459.66  
618.68	457.34   
619.099	557.45  
619.518	352.57  
619.936	427.07  
620.355	408.44  
620.773	520.2   
621.192	406.12  
621.61	410.77   
622.029	438.71  
622.447	359.55  
622.865	438.71  
623.283	471.3   
623.701	459.66  
624.119	389.82  
624.537	448.02  
624.955	487.6   
625.373	401.46  
625.791	496.91  
626.209	448.02  
626.627	394.48  
627.044	278.07  
627.462	450.35  
627.879	403.79  
628.297	473.63  
628.714	464.32  
629.132	424.74  
629.549	357.23  
629.966	413.1   
630.383	420.08  
630.8	461.99    
631.217	415.43  
631.634	468.98  
632.051	468.98  
632.468	417.76  
632.885	415.43  
633.302	452.68  
633.719	455.01  
634.135	468.98  
634.552	424.74  
634.969	420.08  
635.385	373.52  
635.801	457.34  
636.218	436.38  
636.634	429.4   
637.05	394.48   
637.467	459.66  
637.883	361.88  
638.299	443.37  
638.715	455.01  
639.131	361.88  
639.547	427.07  
639.963	434.05  
640.378	434.05  
640.794	382.83  
641.21	443.37   
641.626	448.02  
642.041	415.43  
642.457	434.05  
642.872	357.23  
643.287	424.74  
643.703	450.35  
644.118	396.8   
644.533	457.34  
644.948	417.76  
645.364	443.37  
645.779	413.1   
646.194	410.77  
646.609	408.44  
647.023	415.43  
647.438	434.05  
647.853	445.69  
648.268	413.1   
648.682	382.83  
649.097	494.59  
649.511	401.46  
649.926	461.99  
650.34	385.16   
650.755	399.13  
651.169	380.51  
651.583	385.16  
651.997	401.46  
652.411	441.04  
652.825	387.49  
653.239	461.99  
653.653	436.38  
654.067	436.38  
654.481	413.1   
654.895	475.96  
655.309	471.3   
655.722	345.58  
656.136	406.12  
656.549	455.01  
656.963	413.1   
657.376	434.05  
657.79	380.51   
658.203	434.05  
658.616	354.9   
659.029	501.57  
659.442	410.77  
659.855	396.8   
660.268	420.08  
660.681	375.85  
661.094	415.43  
661.507	371.19  
661.92	359.55   
662.333	455.01  
662.745	473.63  
663.158	373.52  
663.57	368.87   
663.983	434.05  
664.395	345.58  
664.808	289.71  
665.22	389.82   
665.632	410.77  
666.044	364.21  
666.456	347.91  
666.868	413.1   
667.28	378.18   
667.692	427.07  
668.104	385.16  
668.516	427.07  
668.928	371.19  
669.34	350.24   
669.751	429.4   
670.163	422.41  
670.574	434.05  
670.986	415.43  
671.397	382.83  
671.809	394.48  
672.22	417.76   
672.631	429.4   
673.042	392.15  
673.453	478.29  
673.864	399.13  
674.275	457.34  
674.686	403.79  
675.097	357.23  
675.508	399.13  
675.919	420.08  
676.33	371.19   
676.74	399.13   
677.151	431.73  
677.561	401.46  
677.972	403.79  
678.382	415.43  
678.792	378.18  
679.203	436.38  
679.613	403.79  
680.023	389.82  
680.433	438.71  
680.843	461.99  
681.253	392.15  
681.663	413.1   
682.073	392.15  
682.483	352.57  
682.893	406.12  
683.302	413.1   
683.712	357.23  
684.122	361.88  
684.531	424.74  
684.94	420.08   
685.35	371.19   
685.759	441.04  
686.168	401.46  
686.578	415.43  
686.987	455.01  
687.396	396.8   
687.805	455.01  
688.214	445.69  
688.623	406.12  
689.032	429.4   
689.44	434.05   
689.849	480.62  
690.258	434.05  
690.666	494.59  
691.075	455.01  
691.484	424.74  
691.892	387.49  
692.3	392.15    
692.709	389.82  
693.117	410.77  
693.525	378.18  
693.933	373.52  
694.341	413.1   
694.749	508.55  
695.157	441.04  
695.565	438.71  
695.973	455.01  
696.381	371.19  
696.788	382.83  
697.196	394.48  
697.604	422.41  
698.011	434.05  
698.419	448.02  
698.826	468.98  
699.234	417.76  
699.641	482.94  
700.048	373.52  
700.455	431.73  
700.862	352.57  
701.269	396.8   
701.676	429.4   
702.083	399.13  
702.49	436.38   
702.897	415.43  
703.304	401.46  
703.71	487.6    
704.117	448.02  
704.524	438.71  
704.93	392.15   
705.337	445.69  
705.743	422.41  
706.149	436.38  
706.556	408.44  
706.962	417.76  
707.368	429.4   
707.774	413.1   
708.18	392.15   
708.586	312.99  
708.992	401.46  
709.398	427.07  
709.804	450.35  
710.209	427.07  
710.615	401.46  
711.021	385.16  
711.426	438.71  
711.832	389.82  
712.237	331.62  
712.642	371.19  
713.048	464.32  
713.453	478.29  
713.858	410.77  
714.263	415.43  
714.668	345.58  
715.073	406.12  
715.478	422.41  
715.883	427.07  
716.288	359.55  
716.693	371.19  
717.097	406.12  
717.502	492.26  
717.906	429.4   
718.311	359.55  
718.715	378.18  
719.12	368.87   
719.524	424.74  
719.928	366.54  
720.333	443.37  
720.737	368.87  
721.141	406.12  
721.545	424.74  
721.949	366.54  
722.353	406.12  
722.757	387.49  
723.16	420.08   
723.564	429.4   
723.968	445.69  
724.371	424.74  
724.775	378.18  
725.178	496.91  
725.582	408.44  
725.985	410.77  
726.388	410.77  
726.792	406.12  
727.195	375.85  
727.598	457.34  
728.001	361.88  
728.404	329.29  
728.807	424.74  
729.21	375.85   
729.612	422.41  
730.015	461.99  
730.418	422.41  
730.82	396.8    
731.223	422.41  
731.625	385.16  
732.028	429.4   
732.43	343.26   
732.833	410.77  
733.235	408.44  
733.637	445.69  
734.039	380.51  
734.441	308.33  
734.843	380.51  
735.245	457.34  
735.647	364.21  
736.049	373.52  
736.451	431.73  
736.852	392.15  
737.254	366.54  
737.655	399.13  
738.057	408.44  
738.458	357.23  
738.86	441.04   
739.261	403.79  
739.662	340.93  
740.064	368.87  
740.465	375.85  
740.866	510.88  
741.267	361.88  
741.668	466.65  
742.069	452.68  
742.469	413.1   
742.87	387.49   
743.271	378.18  
743.672	413.1   
744.072	424.74  
744.473	441.04  
744.873	424.74  
745.274	373.52  
745.674	394.48  
746.074	410.77  
746.474	427.07  
746.875	452.68  
747.275	431.73  
747.675	417.76  
748.075	455.01  
748.474	424.74  
748.874	378.18  
749.274	394.48  
749.674	392.15  
750.073	457.34  
750.473	354.9   
750.873	410.77  
751.272	371.19  
751.671	399.13  
752.071	385.16  
752.47	394.48   
752.869	422.41  
753.268	424.74  
753.668	378.18  
754.067	427.07  
754.466	366.54  
754.864	408.44  
755.263	396.8   
755.662	434.05  
756.061	457.34  
756.459	422.41  
756.858	401.46  
757.257	406.12  
757.655	401.46  
758.053	455.01  
758.452	408.44  
758.85	361.88   
759.248	466.65  
759.646	422.41  
760.045	322.3   
760.443	387.49  
760.841	401.46  
761.238	399.13  
761.636	417.76  
762.034	424.74  
762.432	266.43  
762.829	445.69  
763.227	406.12  
763.625	429.4   
764.022	317.65  
764.419	368.87  
764.817	415.43  
765.214	415.43  
765.611	389.82  
766.008	408.44  
766.406	336.27  
766.803	331.62  
767.199	401.46  
767.596	368.87  
767.993	331.62  
768.39	352.57   
768.787	457.34  
769.183	324.63  
769.58	373.52   
769.977	392.15  
770.373	410.77  
770.769	380.51  
771.166	354.9   
771.562	441.04  
771.958	357.23  
772.354	380.51  
772.75	303.68   
773.146	431.73  
773.542	408.44  
773.938	464.32  
774.334	382.83  
774.73	410.77   
775.126	427.07  
775.521	438.71  
775.917	378.18  
776.312	380.51  
776.708	366.54  
777.103	368.87  
777.499	352.57  
777.894	382.83  
778.289	368.87  
778.684	375.85  
779.079	415.43  
779.474	368.87  
779.869	413.1   
780.264	420.08  
780.659	399.13  
781.054	415.43  
781.448	434.05  
781.843	338.6   
782.238	394.48  
782.632	354.9   
783.027	420.08  
783.421	471.3   
783.815	441.04  
784.21	431.73   
784.604	380.51  
784.998	375.85  
785.392	448.02  
785.786	357.23  
786.18	357.23   
786.574	354.9   
786.968	478.29  
787.361	417.76  
787.755	427.07  
788.149	385.16  
788.542	422.41  
788.936	417.76  
789.329	401.46  
789.722	368.87  
790.116	399.13  
790.509	408.44  
790.902	378.18  
791.295	408.44  
791.688	420.08  
792.081	434.05  
792.474	420.08  
792.867	410.77  
793.26	429.4    
793.653	357.23  
794.045	401.46  
794.438	361.88  
794.83	403.79   
795.223	403.79  
795.615	338.6   
796.008	417.76  
796.4	387.49    
796.792	375.85  
797.184	417.76  
797.576	403.79  
797.968	392.15  
798.36	368.87   
798.752	375.85  
799.144	452.68  
799.536	375.85  
799.928	394.48  
800.319	350.24  
800.711	413.1   
801.102	424.74  
801.494	310.66  
801.885	361.88  
802.276	448.02  
802.668	375.85  
803.059	415.43  
803.45	347.91   
803.841	466.65  
804.232	352.57  
804.623	343.26  
805.014	368.87  
805.405	441.04  
805.795	357.23  
806.186	443.37  
806.577	382.83  
806.967	410.77  
807.358	403.79  
807.748	352.57  
808.139	415.43  
808.529	403.79  
808.919	394.48  
809.309	394.48  
809.699	434.05  
810.089	387.49  
810.479	380.51  
810.869	408.44  
811.259	385.16  
811.649	429.4   
812.039	336.27  
812.428	373.52  
812.818	475.96  
813.207	333.94  
813.597	361.88  
813.986	417.76  
814.376	361.88  
814.765	403.79  
815.154	420.08  
815.543	420.08  
815.932	424.74  
816.321	294.37  
816.71	371.19   
817.099	403.79  
817.488	399.13  
817.877	378.18  
818.265	378.18  
818.654	340.93  
819.043	389.82  
819.431	457.34  
819.819	387.49  
820.208	434.05  
820.596	434.05  
820.984	438.71  
821.372	413.1   
821.761	350.24  
822.149	415.43  
822.537	396.8   
822.924	366.54  
823.312	445.69  
823.7	434.05    
824.088	406.12  
824.475	312.99  
824.863	445.69  
825.251	359.55  
825.638	396.8   
826.025	420.08  
826.413	392.15  
826.8	406.12    
827.187	410.77  
827.574	410.77  
827.961	417.76  
828.348	441.04  
828.735	392.15  
829.122	371.19  
829.509	315.32  
829.896	378.18  
830.282	403.79  
830.669	380.51  
831.055	424.74  
831.442	406.12  
831.828	382.83  
832.215	394.48  
832.601	378.18  
832.987	410.77  
833.373	475.96  
833.759	441.04  
834.145	357.23  
834.531	443.37  
834.917	455.01  
835.303	385.16  
835.689	329.29  
836.074	403.79  
836.46	336.27   
836.846	326.96  
837.231	347.91  
837.617	403.79  
838.002	389.82  
838.387	361.88  
838.772	371.19  
839.158	413.1   
839.543	441.04  
839.928	406.12  
840.313	387.49  
840.698	378.18  
841.082	394.48  
841.467	347.91  
841.852	336.27  
842.237	368.87  
842.621	354.9   
843.006	380.51  
843.39	389.82   
843.774	375.85  
844.159	396.8   
844.543	445.69  
844.927	401.46  
845.311	373.52  
845.695	394.48  
846.079	466.65  
846.463	378.18  
846.847	371.19  
847.231	417.76  
847.615	389.82  
847.998	436.38  
848.382	354.9   
848.765	471.3   
849.149	406.12  
849.532	396.8   
849.916	415.43  
850.299	371.19  
850.682	461.99  
851.065	448.02  
851.448	415.43  
851.831	364.21  
852.214	373.52  
852.597	420.08  
852.98	403.79   
853.363	382.83  
853.745	389.82  
854.128	399.13  
854.51	366.54   
854.893	427.07  
855.275	445.69  
855.658	471.3   
856.04	401.46   
856.422	413.1   
856.804	434.05  
857.186	448.02  
857.568	448.02  
857.95	436.38   
858.332	422.41  
858.714	373.52  
859.096	385.16  
859.477	371.19  
859.859	308.33  
860.24	408.44   
860.622	357.23  
861.003	436.38  
861.385	354.9   
861.766	394.48  
862.147	368.87  
862.528	455.01  
862.909	364.21  
863.29	413.1    
863.671	347.91  
864.052	340.93  
864.433	489.93  
864.814	427.07  
865.194	468.98  
865.575	385.16  
865.955	392.15  
866.336	448.02  
866.716	429.4   
867.097	366.54  
867.477	427.07  
867.857	473.63  
868.237	459.66  
868.617	343.26  
868.997	436.38  
869.377	406.12  
869.757	406.12  
870.137	394.48  
870.517	401.46  
870.896	350.24  
871.276	382.83  
871.655	452.68  
872.035	473.63  
872.414	352.57  
872.794	387.49  
873.173	333.94  
873.552	452.68  
873.931	387.49  
874.31	406.12   
874.689	364.21  
875.068	429.4   
875.447	429.4   
875.826	434.05  
876.205	387.49  
876.583	403.79  
876.962	403.79  
877.341	375.85  
877.719	378.18  
878.097	364.21  
878.476	315.32  
878.854	371.19  
879.232	338.6   
879.61	373.52   
879.988	343.26  
880.366	382.83  
880.744	499.24  
881.122	347.91  
881.5	292.04    
881.878	401.46  
882.255	366.54  
882.633	354.9   
883.011	343.26  
883.388	389.82  
883.765	408.44  
884.143	473.63  
884.52	445.69   
884.897	420.08  
885.274	415.43  
885.651	396.8   
886.028	368.87  
886.405	401.46  
886.782	408.44  
887.159	373.52  
887.536	392.15  
887.912	406.12  
888.289	347.91  
888.665	429.4   
889.042	333.94  
889.418	427.07  
889.794	382.83  
890.171	315.32  
890.547	338.6   
890.923	401.46  
891.299	368.87  
891.675	361.88  
892.051	359.55  
892.427	319.97  
892.803	338.6   
893.178	396.8   
893.554	364.21  
893.929	354.9   
894.305	389.82  
894.68	408.44   
895.056	457.34  
895.431	408.44  
895.806	413.1   
896.181	420.08  
896.557	420.08  
896.932	403.79  
897.307	457.34  
897.681	408.44  
898.056	394.48  
898.431	329.29  
898.806	380.51  
899.18	394.48   
899.555	401.46  
899.929	417.76  
900.304	380.51  
900.678	368.87  
901.052	389.82  
901.427	422.41  
901.801	429.4   
902.175	354.9   
902.549	401.46  
902.923	359.55  
903.297	468.98  
903.67	431.73   
904.044	473.63  
904.418	403.79  
904.791	378.18  
905.165	487.6   
905.538	394.48  
905.912	406.12  
906.285	403.79  
906.658	392.15  
907.032	478.29  
907.405	403.79  
907.778	401.46  
908.151	403.79  
908.524	436.38  
908.896	389.82  
909.269	394.48  
909.642	380.51  
910.015	389.82  
910.387	406.12  
910.76	401.46   
911.132	417.76  
911.504	364.21  
911.877	429.4   
912.249	410.77  
912.621	403.79  
912.993	424.74  
913.365	417.76  
913.737	403.79  
914.109	366.54  
914.481	366.54  
914.853	420.08  
915.224	387.49  
915.596	347.91  
915.968	366.54  
916.339	403.79  
916.71	389.82   
917.082	406.12  
917.453	403.79  
917.824	403.79  
918.195	375.85  
918.566	350.24  
918.937	387.49  
919.308	366.54  
919.679	399.13  
920.05	394.48   
920.421	396.8   
920.791	392.15  
921.162	408.44  
921.532	415.43  
921.903	403.79  
922.273	415.43  
922.644	361.88  
923.014	448.02  
923.384	415.43  
923.754	394.48  
924.124	401.46  
924.494	443.37  
924.864	371.19  
925.234	396.8   
925.604	375.85  
925.973	399.13  
926.343	471.3   
926.712	415.43  
927.082	396.8   
927.451	431.73  
927.821	420.08  
928.19	387.49   
928.559	322.3   
928.928	452.68  
929.297	371.19  
929.666	366.54  
930.035	345.58  
930.404	429.4   
930.773	345.58  
931.142	429.4   
931.51	422.41   
931.879	436.38  
932.247	403.79  
932.616	329.29  
932.984	371.19  
933.353	482.94  
933.721	322.3   
934.089	403.79  
934.457	375.85  
934.825	378.18  
935.193	354.9   
935.561	387.49  
935.929	361.88  
936.296	413.1   
936.664	350.24  
937.032	427.07  
937.399	373.52  
937.767	387.49  
938.134	361.88  
938.501	406.12  
938.869	373.52  
939.236	413.1   
939.603	382.83  
939.97	443.37   
940.337	354.9   
940.704	357.23  
941.071	413.1   
941.438	417.76  
941.804	471.3   
942.171	380.51  
942.538	417.76  
942.904	394.48  
943.27	364.21   
943.637	396.8   
944.003	457.34  
944.369	466.65  
944.735	375.85  
945.102	403.79  
945.468	392.15  
945.833	431.73  
946.199	347.91  
946.565	315.32  
946.931	380.51  
947.296	389.82  
947.662	482.94  
948.028	427.07  
948.393	401.46  
948.758	475.96  
949.124	387.49  
949.489	396.8   
949.854	452.68  
950.219	445.69  
950.584	357.23  
950.949	387.49  
951.314	387.49  
951.679	392.15  
952.044	354.9   
952.408	338.6   
952.773	415.43  
953.137	373.52  
953.502	357.23  
953.866	413.1   
954.231	413.1   
954.595	461.99  
954.959	417.76  
955.323	343.26  
955.687	375.85  
956.051	413.1   
956.415	396.8   
956.779	350.24  
957.143	401.46  
957.506	315.32  
957.87	417.76   
958.234	457.34  
958.597	424.74  
958.961	366.54  
959.324	438.71  
959.687	373.52  
960.05	408.44   
960.413	406.12  
960.776	408.44  
961.139	375.85  
961.502	422.41  
961.865	387.49  
962.228	410.77  
962.591	359.55  
962.953	371.19  
963.316	371.19  
963.678	378.18  
964.041	361.88  
964.403	354.9   
964.765	424.74  
965.128	448.02  
965.49	420.08   
965.852	420.08  
966.214	347.91  
966.576	392.15  
966.938	417.76  
967.299	375.85  
967.661	389.82  
968.023	408.44  
968.384	408.44  
968.746	424.74  
969.107	436.38  
969.469	359.55  
969.83	410.77   
970.191	317.65  
970.552	434.05  
970.913	354.9   
971.274	378.18  
971.635	468.98  
971.996	394.48  
972.357	424.74  
972.718	403.79  
973.078	340.93  
973.439	319.97  
973.8	371.19    
974.16	448.02   
974.52	375.85   
974.881	415.43  
975.241	496.91  
975.601	434.05  
975.961	403.79  
976.321	380.51  
976.681	373.52  
977.041	431.73  
977.401	392.15  
977.76	371.19   
978.12	387.49   
978.48	394.48   
978.839	422.41  
979.199	417.76  
979.558	396.8   
979.917	354.9   
980.277	413.1   
980.636	357.23  
980.995	396.8   
981.354	396.8   
981.713	427.07  
982.072	399.13  
982.43	441.04   
982.789	392.15  
983.148	401.46  
983.506	359.55  
983.865	415.43  
984.223	399.13  
984.582	417.76  
984.94	403.79   
985.298	434.05  
985.656	396.8   
986.015	350.24  
986.373	420.08  
986.731	315.32  
987.088	410.77  
987.446	387.49  
987.804	401.46  
988.162	427.07  
988.519	378.18  
988.877	380.51  
989.234	378.18  
989.591	399.13  
989.949	289.71  
990.306	359.55  
990.663	471.3   
991.02	331.62   
991.377	350.24  
991.734	408.44  
992.091	378.18  
992.448	392.15  
992.805	368.87  
993.161	382.83  
993.518	364.21  
993.874	424.74  
994.231	399.13  
994.587	289.71  
994.943	352.57  
995.3	333.94    
995.656	359.55  
996.012	489.93  
996.368	422.41  
996.724	350.24  
997.08	354.9    
997.435	401.46  
997.791	396.8   
998.147	375.85  
998.502	354.9   
998.858	333.94  
999.213	375.85  
999.569	392.15  
999.924	357.23  
1000.279	417.76 
1000.634	410.77 
1000.989	417.76 
1001.344	413.1  
1001.699	441.04 
1002.054	443.37 
1002.409	394.48 
1002.764	373.52 
1003.118	413.1  
1003.473	408.44 
1003.827	420.08 
1004.182	408.44 
1004.536	338.6  
1004.89	333.94  
1005.245	438.71 
1005.599	403.79 
1005.953	364.21 
1006.307	413.1  
1006.661	345.58 
1007.015	403.79 
1007.368	431.73 
1007.722	361.88 
1008.076	296.69 
1008.429	403.79 
1008.783	380.51 
1009.136	324.63 
1009.489	410.77 
1009.843	429.4  
1010.196	450.35 
1010.549	392.15 
1010.902	387.49 
1011.255	427.07 
1011.608	385.16 
1011.961	436.38 
1012.313	417.76 
1012.666	378.18 
1013.019	368.87 
1013.371	441.04 
1013.724	378.18 
1014.076	373.52 
1014.428	382.83 
1014.781	345.58 
1015.133	385.16 
1015.485	368.87 
1015.837	333.94 
1016.189	385.16 
1016.541	413.1  
1016.893	319.97 
1017.244	354.9  
1017.596	350.24 
1017.947	380.51 
1018.299	366.54 
1018.65	352.57  
1019.002	436.38 
1019.353	401.46 
1019.704	401.46 
1020.055	385.16 
1020.407	387.49 
1020.758	336.27 
1021.108	324.63 
1021.459	459.66 
1021.81	399.13  
1022.161	429.4  
1022.511	389.82 
1022.862	420.08 
1023.213	399.13 
1023.563	415.43 
1023.913	403.79 
1024.264	406.12 
1024.614	361.88 
1024.964	336.27 
1025.314	387.49 
1025.664	371.19 
1026.014	336.27 
1026.364	336.27 
1026.713	338.6  
1027.063	457.34 
1027.413	331.62 
1027.762	427.07 
1028.112	361.88 
1028.461	310.66 
1028.81	399.13  
1029.16	387.49  
1029.509	415.43 
1029.858	434.05 
1030.207	417.76 
1030.556	387.49 
1030.905	303.68 
1031.254	410.77 
1031.602	392.15 
1031.951	364.21 
1032.3	382.83   
1032.648	373.52 
1032.996	373.52 
1033.345	373.52 