187.879	-36.09  
188.346	-36.09  
188.813	-36.09  
189.28	-68.68   
189.747	-96.62  
190.214	-115.24 
190.681	-108.26 
191.148	-57.04  
191.614	-84.98  
192.081	-47.73  
192.548	-75.66  
193.014	-84.98  
193.481	33.76   
193.948	-3.49   
194.414	1.16    
194.881	47.73   
195.347	29.1    
195.813	147.84  
196.28	40.74    
196.746	126.88  
197.212	150.17  
197.678	126.88  
198.145	131.54  
198.611	189.74  
199.077	208.37  
199.543	247.95  
200.009	240.96  
200.475	224.67  
200.941	250.28  
201.407	348.06  
201.873	376     
202.338	359.7   
202.804	308.48  
203.27	289.85   
203.735	376     
204.201	366.68  
204.667	380.65  
205.132	415.57  
205.598	341.07  
206.063	362.03  
206.529	385.31  
206.994	378.32  
207.459	436.53  
207.925	455.15  
208.39	415.57   
208.855	431.87  
209.32	455.15   
209.785	471.45  
210.25	424.89   
210.715	441.18  
211.18	441.18   
211.645	471.45  
212.11	366.68   
212.575	422.56  
213.04	413.25   
213.504	394.62  
213.969	436.53  
214.434	403.93  
214.899	371.34  
215.363	436.53  
215.828	389.96  
216.292	438.86  
216.757	380.65  
217.221	392.29  
217.685	578.54  
218.15	387.64   
218.614	448.17  
219.078	378.32  
219.542	410.92  
220.007	382.98  
220.471	417.9   
220.935	359.7   
221.399	399.28  
221.863	355.04  
222.327	401.61  
222.791	410.92  
223.254	464.47  
223.718	429.54  
224.182	359.7   
224.646	410.92  
225.109	387.64  
225.573	345.73  
226.037	350.39  
226.5	334.09    
226.964	410.92  
227.427	362.03  
227.89	345.73   
228.354	422.56  
228.817	382.98  
229.28	359.7    
229.744	406.26  
230.207	429.54  
230.67	348.06   
231.133	378.32  
231.596	296.84  
232.059	380.65  
232.522	359.7   
232.985	315.46  
233.448	362.03  
233.911	392.29  
234.374	396.95  
234.836	417.9   
235.299	303.82  
235.762	424.89  
236.224	350.39  
236.687	329.43  
237.149	355.04  
237.612	348.06  
238.074	399.28  
238.537	450.5   
238.999	324.78  
239.461	331.76  
239.924	389.96  
240.386	336.42  
240.848	343.4   
241.31	355.04   
241.772	417.9   
242.234	359.7   
242.696	466.79  
243.158	401.61  
243.62	392.29   
244.082	350.39  
244.544	357.37  
245.006	373.67  
245.468	378.32  
245.929	429.54  
246.391	320.12  
246.852	408.59  
247.314	396.95  
247.776	352.71  
248.237	341.07  
248.698	431.87  
249.16	350.39   
249.621	301.49  
250.082	359.7   
250.544	399.28  
251.005	413.25  
251.466	380.65  
251.927	380.65  
252.388	394.62  
252.849	420.23  
253.31	399.28   
253.771	406.26  
254.232	387.64  
254.693	422.56  
255.154	401.61  
255.615	382.98  
256.075	376     
256.536	431.87  
256.997	385.31  
257.457	359.7   
257.918	387.64  
258.378	357.37  
258.839	296.84  
259.299	385.31  
259.759	417.9   
260.22	362.03   
260.68	413.25   
261.14	448.17   
261.6	431.87    
262.06	448.17   
262.521	401.61  
262.981	371.34  
263.441	364.35  
263.901	352.71  
264.36	434.2    
264.82	415.57   
265.28	434.2    
265.74	369.01   
266.2	392.29    
266.659	450.5   
267.119	394.62  
267.579	343.4   
268.038	380.65  
268.498	382.98  
268.957	394.62  
269.416	445.84  
269.876	387.64  
270.335	364.35  
270.794	457.48  
271.254	362.03  
271.713	341.07  
272.172	431.87  
272.631	420.23  
273.09	369.01   
273.549	410.92  
274.008	315.46  
274.467	459.81  
274.926	406.26  
275.385	376     
275.843	429.54  
276.302	424.89  
276.761	399.28  
277.22	455.15   
277.678	417.9   
278.137	350.39  
278.595	469.12  
279.054	387.64  
279.512	392.29  
279.97	415.57   
280.429	385.31  
280.887	389.96  
281.345	422.56  
281.803	406.26  
282.262	357.37  
282.72	445.84   
283.178	345.73  
283.636	431.87  
284.094	389.96  
284.552	408.59  
285.01	387.64   
285.467	415.57  
285.925	431.87  
286.383	429.54  
286.841	387.64  
287.298	408.59  
287.756	394.62  
288.213	403.93  
288.671	424.89  
289.128	338.75  
289.586	350.39  
290.043	324.78  
290.5	417.9     
290.958	380.65  
291.415	427.21  
291.872	296.84  
292.329	406.26  
292.786	378.32  
293.243	406.26  
293.7	401.61    
294.157	410.92  
294.614	352.71  
295.071	427.21  
295.528	413.25  
295.985	443.51  
296.441	480.76  
296.898	392.29  
297.355	415.57  
297.811	385.31  
298.268	417.9   
298.724	366.68  
299.181	410.92  
299.637	389.96  
300.094	385.31  
300.55	396.95   
301.006	366.68  
301.462	373.67  
301.919	373.67  
302.375	403.93  
302.831	431.87  
303.287	431.87  
303.743	406.26  
304.199	452.82  
304.655	366.68  
305.11	399.28   
305.566	459.81  
306.022	459.81  
306.478	487.75  
306.933	329.43  
307.389	373.67  
307.845	408.59  
308.3	436.53    
308.756	427.21  
309.211	459.81  
309.666	336.42  
310.122	420.23  
310.577	406.26  
311.032	378.32  
311.487	431.87  
311.943	406.26  
312.398	401.61  
312.853	403.93  
313.308	422.56  
313.763	473.78  
314.218	445.84  
314.672	392.29  
315.127	431.87  
315.582	417.9   
316.037	410.92  
316.492	471.45  
316.946	420.23  
317.401	394.62  
317.855	443.51  
318.31	452.82   
318.764	352.71  
319.219	415.57  
319.673	436.53  
320.127	427.21  
320.582	296.84  
321.036	471.45  
321.49	431.87   
321.944	420.23  
322.398	536.64  
322.852	392.29  
323.306	417.9   
323.76	399.28   
324.214	406.26  
324.668	385.31  
325.122	443.51  
325.575	364.35  
326.029	429.54  
326.483	501.72  
326.936	380.65  
327.39	431.87   
327.843	438.86  
328.297	415.57  
328.75	415.57   
329.204	457.48  
329.657	441.18  
330.11	438.86   
330.564	376     
331.017	394.62  
331.47	452.82   
331.923	362.03  
332.376	382.98  
332.829	413.25  
333.282	427.21  
333.735	441.18  
334.188	415.57  
334.641	424.89  
335.093	478.43  
335.546	369.01  
335.999	431.87  
336.451	357.37  
336.904	427.21  
337.356	403.93  
337.809	473.78  
338.261	441.18  
338.714	417.9   
339.166	457.48  
339.618	455.15  
340.07	406.26   
340.523	403.93  
340.975	438.86  
341.427	462.14  
341.879	536.64  
342.331	487.75  
342.783	445.84  
343.235	382.98  
343.687	403.93  
344.138	371.34  
344.59	450.5    
345.042	429.54  
345.494	401.61  
345.945	371.34  
346.397	382.98  
346.848	497.06  
347.3	485.42    
347.751	378.32  
348.203	406.26  
348.654	341.07  
349.105	464.47  
349.556	452.82  
350.008	431.87  
350.459	478.43  
350.91	436.53   
351.361	494.73  
351.812	417.9   
352.263	422.56  
352.714	403.93  
353.165	452.82  
353.615	429.54  
354.066	429.54  
354.517	422.56  
354.968	413.25  
355.418	371.34  
355.869	415.57  
356.319	457.48  
356.77	422.56   
357.22	399.28   
357.671	452.82  
358.121	445.84  
358.571	415.57  
359.021	413.25  
359.472	494.73  
359.922	399.28  
360.372	462.14  
360.822	431.87  
361.272	497.06  
361.722	396.95  
362.172	452.82  
362.622	385.31  
363.071	450.5   
363.521	403.93  
363.971	431.87  
364.42	417.9    
364.87	422.56   
365.32	389.96   
365.769	408.59  
366.219	431.87  
366.668	443.51  
367.117	431.87  
367.567	518.01  
368.016	415.57  
368.465	403.93  
368.914	408.59  
369.363	389.96  
369.812	403.93  
370.261	473.78  
370.71	431.87   
371.159	378.32  
371.608	401.61  
372.057	408.59  
372.506	466.79  
372.955	380.65  
373.403	455.15  
373.852	448.17  
374.301	396.95  
374.749	429.54  
375.198	443.51  
375.646	438.86  
376.094	401.61  
376.543	394.62  
376.991	369.01  
377.439	371.34  
377.887	448.17  
378.336	504.04  
378.784	441.18  
379.232	385.31  
379.68	438.86   
380.128	438.86  
380.576	480.76  
381.023	436.53  
381.471	455.15  
381.919	490.07  
382.367	443.51  
382.814	436.53  
383.262	401.61  
383.71	420.23   
384.157	403.93  
384.605	417.9   
385.052	415.57  
385.499	443.51  
385.947	410.92  
386.394	380.65  
386.841	424.89  
387.288	427.21  
387.735	441.18  
388.182	406.26  
388.63	378.32   
389.076	394.62  
389.523	373.67  
389.97	450.5    
390.417	389.96  
390.864	417.9   
391.311	408.59  
391.757	401.61  
392.204	478.43  
392.651	382.98  
393.097	424.89  
393.544	378.32  
393.99	434.2    
394.436	389.96  
394.883	415.57  
395.329	483.09  
395.775	436.53  
396.221	506.37  
396.668	392.29  
397.114	399.28  
397.56	424.89   
398.006	457.48  
398.452	385.31  
398.897	476.11  
399.343	415.57  
399.789	436.53  
400.235	443.51  
400.681	417.9   
401.126	396.95  
401.572	436.53  
402.017	415.57  
402.463	362.03  
402.908	424.89  
403.354	436.53  
403.799	415.57  
404.244	431.87  
404.689	429.54  
405.135	403.93  
405.58	457.48   
406.025	483.09  
406.47	389.96   
406.915	429.54  
407.36	427.21   
407.805	494.73  
408.25	434.2    
408.694	443.51  
409.139	434.2   
409.584	434.2   
410.029	369.01  
410.473	441.18  
410.918	441.18  
411.362	403.93  
411.807	459.81  
412.251	469.12  
412.695	403.93  
413.14	441.18   
413.584	394.62  
414.028	455.15  
414.472	399.28  
414.916	427.21  
415.36	385.31   
415.804	334.09  
416.248	359.7   
416.692	382.98  
417.136	466.79  
417.58	473.78   
418.024	396.95  
418.467	403.93  
418.911	378.32  
419.355	448.17  
419.798	355.04  
420.242	380.65  
420.685	427.21  
421.128	455.15  
421.572	420.23  
422.015	438.86  
422.458	429.54  
422.902	420.23  
423.345	410.92  
423.788	415.57  
424.231	424.89  
424.674	434.2   
425.117	387.64  
425.56	410.92   
426.003	459.81  
426.445	422.56  
426.888	427.21  
427.331	459.81  
427.773	415.57  
428.216	459.81  
428.659	450.5   
429.101	443.51  
429.543	403.93  
429.986	431.87  
430.428	436.53  
430.87	389.96   
431.313	511.03  
431.755	389.96  
432.197	417.9   
432.639	476.11  
433.081	429.54  
433.523	415.57  
433.965	443.51  
434.407	434.2   
434.849	429.54  
435.291	424.89  
435.732	436.53  
436.174	520.34  
436.616	408.59  
437.057	420.23  
437.499	399.28  
437.94	396.95   
438.382	373.67  
438.823	457.48  
439.264	410.92  
439.706	382.98  
440.147	450.5   
440.588	396.95  
441.029	415.57  
441.47	448.17   
441.911	476.11  
442.352	380.65  
442.793	408.59  
443.234	478.43  
443.675	415.57  
444.116	359.7   
444.556	415.57  
444.997	429.54  
445.438	413.25  
445.878	501.72  
446.319	441.18  
446.759	455.15  
447.199	448.17  
447.64	431.87   
448.08	410.92   
448.52	445.84   
448.961	406.26  
449.401	438.86  
449.841	450.5   
450.281	406.26  
450.721	434.2   
451.161	413.25  
451.601	406.26  
452.041	450.5   
452.48	436.53   
452.92	431.87   
453.36	497.06   
453.799	403.93  
454.239	473.78  
454.679	527.33  
455.118	473.78  
455.557	506.37  
455.997	441.18  
456.436	480.76  
456.875	464.47  
457.315	448.17  
457.754	427.21  
458.193	483.09  
458.632	501.72  
459.071	429.54  
459.51	443.51   
459.949	466.79  
460.388	471.45  
460.827	448.17  
461.265	382.98  
461.704	417.9   
462.143	443.51  
462.581	464.47  
463.02	420.23   
463.458	471.45  
463.897	434.2   
464.335	492.4   
464.774	415.57  
465.212	527.33  
465.65	427.21   
466.088	413.25  
466.527	536.64  
466.965	450.5   
467.403	552.93  
467.841	448.17  
468.279	511.03  
468.716	529.65  
469.154	525     
469.592	464.47  
470.03	490.07   
470.467	573.89  
470.905	513.36  
471.343	534.31  
471.78	527.33   
472.218	511.03  
472.655	613.47  
473.092	531.98  
473.53	590.19   
473.967	520.34  
474.404	643.73  
474.841	625.11  
475.278	606.48  
475.716	604.15  
476.153	699.61  
476.589	639.08  
477.026	736.86  
477.463	732.2   
477.9	806.7     
478.337	853.27  
478.773	850.94  
479.21	820.67   
479.647	850.94  
480.083	902.16  
480.52	930.09   
480.956	985.97  
481.392	1025.55 
481.829	1134.97 
482.265	1244.39 
482.701	1225.77 
483.137	1309.58 
483.574	1295.61 
484.01	1491.18  
484.446	1465.57 
484.882	1516.79 
485.317	1637.85 
485.753	1649.49 
486.189	1700.71 
486.625	1879.98 
487.061	1933.53 
487.496	2031.31 
487.932	2082.53 
488.367	2326.98 
488.803	2361.9  
489.238	2466.67 
489.674	2631.97 
490.109	2746.05 
490.544	2902.03 
490.979	3062.68 
491.415	3139.51 
491.85	3281.52  
492.285	3470.1  
492.72	3635.4   
493.155	3749.48 
493.59	4149.92  
494.024	4105.69 
494.459	4357.13 
494.894	4617.88 
495.329	4846.04 
495.763	5069.54 
496.198	5476.96 
496.632	5518.87 
497.067	5984.5  
497.501	6103.24 
497.936	6550.24 
498.37	6738.82  
498.804	6987.93 
499.238	7556    
499.673	7919.19 
500.107	8328.94 
500.541	8561.76 
500.975	8715.42 
501.409	9469.74 
501.843	9614.08 
502.277	10405.65
502.71	10577.93 
503.144	11325.27
503.578	11693.12
504.011	12081.92
504.445	12473.05
504.878	13099.32
505.312	13397.32
505.745	14023.59
506.179	14526.47
506.612	15262.17
507.045	15760.39
507.479	16454.18
507.912	16894.2 
508.345	17797.52
508.778	17704.39
509.211	18726.45
509.644	18924.34
510.077	18887.09
510.509	19804.38
510.942	20242.07
511.375	20870.67
511.808	21191.95
512.24	21457.36 
512.673	22027.76
513.105	22684.3 
513.538	23110.35
513.97	23452.59 
514.403	23273.32
514.835	23429.3 
515.267	23808.79
515.699	23918.21
516.131	24178.97
516.564	24134.73
516.996	24288.39
517.428	24379.19
517.859	24002.03
518.291	24090.5 
518.723	23717.99
519.155	23683.07
519.587	23627.2 
520.018	22968.33
520.45	22728.53 
520.881	22342.06
521.313	22258.25
521.744	22011.46
522.176	21385.19
522.607	21161.69
523.038	20670.45
523.47	20479.54 
523.901	19853.27
524.332	19364.36
524.763	18987.2 
525.194	18582.1 
525.625	18128.11
526.056	17574.01
526.487	17306.28
526.917	16600.85
527.348	16519.36
527.779	15671.92
528.21	15189.99 
528.64	14959.51 
529.071	14489.22
529.501	14300.64
529.932	13741.89
530.362	13523.04
530.792	13162.18
531.222	12908.41
531.653	12398.54
532.083	11867.73
532.513	11595.33
532.943	11504.54
533.373	11152.99
533.803	10997   
534.233	10531.37
534.663	9998.23 
535.092	9972.62 
535.522	9749.11 
535.952	9481.38 
536.381	8987.81 
536.811	8966.86 
537.24	8564.09  
537.67	8480.27  
538.099	8256.77 
538.529	8112.43 
538.958	7856.33 
539.387	7625.84 
539.816	7383.72 
540.245	7132.28 
540.674	7148.57 
541.103	6848.24 
541.532	6650.35 
541.961	6324.41 
542.39	6361.66  
542.819	6154.46 
543.248	6061.33 
543.676	5779.62 
544.105	5635.28 
544.534	5272.09 
544.962	5374.53 
545.391	5081.18 
545.819	5018.32 
546.247	4890.27 
546.676	4568.99 
547.104	4680.74 
547.532	4445.6  
547.96	4280.3   
548.388	4191.83 
548.816	3942.72 
549.244	3789.06 
549.672	3691.28 
550.1	3644.71   
550.528	3525.98 
550.956	3379.3  
551.383	3255.91 
551.811	3300.15 
552.238	3137.18 
552.666	2978.86 
553.094	2948.6  
553.521	2895.05 
553.948	2783.3  
554.376	2799.6  
554.803	2659.91 
555.23	2457.36  
555.657	2534.19 
556.084	2394.5  
556.511	2368.89 
556.938	2294.39 
557.365	2254.81 
557.792	2222.22 
558.219	2012.68 
558.646	1996.39 
559.072	1968.45 
559.499	1835.74 
559.926	2024.32 
560.352	1970.78 
560.779	1842.73 
561.205	1852.04 
561.632	1817.12 
562.058	1689.07 
562.484	1684.41 
562.91	1584.3   
563.337	1630.87 
563.763	1509.8  
564.189	1530.76 
564.615	1537.74 
565.041	1477.21 
565.466	1393.4  
565.892	1458.58 
566.318	1419.01 
566.744	1332.86 
567.169	1339.85 
567.595	1325.88 
568.021	1260.69 
568.446	1190.85 
568.872	1249.05 
569.297	1211.8  
569.722	1190.85 
570.148	1125.66 
570.573	1169.89 
570.998	1086.08 
571.423	1067.46 
571.848	1090.74 
572.273	1062.8  
572.698	1009.25 
573.123	948.72  
573.548	962.69  
573.973	997.61  
574.397	909.14  
574.822	836.97  
575.247	890.52  
575.671	836.97  
576.096	871.89  
576.52	850.94   
576.944	904.48  
577.369	776.44  
577.793	718.23  
578.217	701.94  
578.641	795.06  
579.065	746.17  
579.49	669.34   
579.914	694.95  
580.337	720.56  
580.761	748.5   
581.185	816.02  
581.609	676.33  
582.033	753.16  
582.456	715.91  
582.88	655.37   
583.303	627.44  
583.727	599.5   
584.15	601.83   
584.574	592.51  
584.997	608.81  
585.42	674      
585.844	660.03  
586.267	650.72  
586.69	632.09   
587.113	580.87  
587.536	534.31  
587.959	597.17  
588.382	597.17  
588.804	601.83  
589.227	632.09  
589.65	580.87   
590.073	545.95  
590.495	550.61  
590.918	566.9   
591.34	564.58   
591.763	608.81  
592.185	576.22  
592.607	564.58  
593.03	499.39   
593.452	529.65  
593.874	464.47  
594.296	550.61  
594.718	548.28  
595.14	515.68   
595.562	499.39  
595.984	490.07  
596.406	527.33  
596.827	527.33  
597.249	548.28  
597.671	450.5   
598.092	483.09  
598.514	501.72  
598.935	562.25  
599.357	494.73  
599.778	483.09  
600.199	527.33  
600.621	466.79  
601.042	478.43  
601.463	438.86  
601.884	541.29  
602.305	445.84  
602.726	485.42  
603.147	469.12  
603.568	471.45  
603.988	466.79  
604.409	527.33  
604.83	490.07   
605.25	469.12   
605.671	520.34  
606.092	466.79  
606.512	431.87  
606.932	511.03  
607.353	459.81  
607.773	476.11  
608.193	504.04  
608.613	483.09  
609.034	485.42  
609.454	380.65  
609.874	410.92  
610.293	490.07  
610.713	406.26  
611.133	448.17  
611.553	462.14  
611.973	448.17  
612.392	450.5   
612.812	413.25  
613.231	494.73  
613.651	389.96  
614.07	420.23   
614.49	366.68   
614.909	431.87  
615.328	452.82  
615.747	420.23  
616.167	485.42  
616.586	385.31  
617.005	487.75  
617.424	473.78  
617.843	462.14  
618.261	448.17  
618.68	445.84   
619.099	389.96  
619.518	434.2   
619.936	534.31  
620.355	448.17  
620.773	401.61  
621.192	471.45  
621.61	338.75   
622.029	464.47  
622.447	420.23  
622.865	452.82  
623.283	431.87  
623.701	487.75  
624.119	480.76  
624.537	434.2   
624.955	431.87  
625.373	450.5   
625.791	436.53  
626.209	459.81  
626.627	436.53  
627.044	436.53  
627.462	422.56  
627.879	485.42  
628.297	357.37  
628.714	490.07  
629.132	490.07  
629.549	352.71  
629.966	462.14  
630.383	343.4   
630.8	459.81    
631.217	464.47  
631.634	480.76  
632.051	427.21  
632.468	378.32  
632.885	450.5   
633.302	420.23  
633.719	483.09  
634.135	494.73  
634.552	362.03  
634.969	366.68  
635.385	457.48  
635.801	434.2   
636.218	401.61  
636.634	420.23  
637.05	362.03   
637.467	452.82  
637.883	436.53  
638.299	434.2   
638.715	406.26  
639.131	448.17  
639.547	403.93  
639.963	480.76  
640.378	431.87  
640.794	459.81  
641.21	471.45   
641.626	450.5   
642.041	473.78  
642.457	445.84  
642.872	413.25  
643.287	431.87  
643.703	417.9   
644.118	396.95  
644.533	392.29  
644.948	422.56  
645.364	431.87  
645.779	420.23  
646.194	459.81  
646.609	341.07  
647.023	399.28  
647.438	394.62  
647.853	448.17  
648.268	399.28  
648.682	399.28  
649.097	410.92  
649.511	450.5   
649.926	410.92  
650.34	410.92   
650.755	420.23  
651.169	303.82  
651.583	394.62  
651.997	410.92  
652.411	406.26  
652.825	420.23  
653.239	399.28  
653.653	385.31  
654.067	387.64  
654.481	380.65  
654.895	364.35  
655.309	476.11  
655.722	445.84  
656.136	427.21  
656.549	438.86  
656.963	378.32  
657.376	401.61  
657.79	452.82   
658.203	401.61  
658.616	359.7   
659.029	408.59  
659.442	355.04  
659.855	431.87  
660.268	424.89  
660.681	376     
661.094	476.11  
661.507	438.86  
661.92	385.31   
662.333	408.59  
662.745	464.47  
663.158	378.32  
663.57	410.92   
663.983	413.25  
664.395	424.89  
664.808	373.67  
665.22	334.09   
665.632	420.23  
666.044	441.18  
666.456	334.09  
666.868	387.64  
667.28	490.07   
667.692	462.14  
668.104	394.62  
668.516	345.73  
668.928	389.96  
669.34	413.25   
669.751	376     
670.163	487.75  
670.574	415.57  
670.986	382.98  
671.397	408.59  
671.809	371.34  
672.22	362.03   
672.631	464.47  
673.042	462.14  
673.453	373.67  
673.864	466.79  
674.275	443.51  
674.686	434.2   
675.097	431.87  
675.508	373.67  
675.919	387.64  
676.33	455.15   
676.74	413.25   
677.151	455.15  
677.561	462.14  
677.972	376     
678.382	382.98  
678.792	394.62  
679.203	396.95  
679.613	380.65  
680.023	403.93  
680.433	396.95  
680.843	478.43  
681.253	399.28  
681.663	382.98  
682.073	413.25  
682.483	427.21  
682.893	417.9   
683.302	429.54  
683.712	499.39  
684.122	422.56  
684.531	434.2   
684.94	392.29   
685.35	462.14   
685.759	403.93  
686.168	497.06  
686.578	385.31  
686.987	429.54  
687.396	408.59  
687.805	436.53  
688.214	417.9   
688.623	315.46  
689.032	448.17  
689.44	373.67   
689.849	415.57  
690.258	415.57  
690.666	387.64  
691.075	448.17  
691.484	420.23  
691.892	362.03  
692.3	441.18    
692.709	422.56  
693.117	378.32  
693.525	424.89  
693.933	406.26  
694.341	380.65  
694.749	427.21  
695.157	385.31  
695.565	455.15  
695.973	441.18  
696.381	341.07  
696.788	434.2   
697.196	455.15  
697.604	420.23  
698.011	343.4   
698.419	371.34  
698.826	459.81  
699.234	406.26  
699.641	424.89  
700.048	350.39  
700.455	415.57  
700.862	497.06  
701.269	329.43  
701.676	422.56  
702.083	459.81  
702.49	380.65   
702.897	380.65  
703.304	394.62  
703.71	413.25   
704.117	324.78  
704.524	438.86  
704.93	406.26   
705.337	417.9   
705.743	478.43  
706.149	434.2   
706.556	471.45  
706.962	376     
707.368	438.86  
707.774	459.81  
708.18	413.25   
708.586	441.18  
708.992	352.71  
709.398	373.67  
709.804	343.4   
710.209	436.53  
710.615	380.65  
711.021	401.61  
711.426	443.51  
711.832	443.51  
712.237	438.86  
712.642	424.89  
713.048	448.17  
713.453	357.37  
713.858	380.65  
714.263	429.54  
714.668	422.56  
715.073	382.98  
715.478	394.62  
715.883	373.67  
716.288	378.32  
716.693	417.9   
717.097	485.42  
717.502	413.25  
717.906	396.95  
718.311	413.25  
718.715	443.51  
719.12	420.23   
719.524	408.59  
719.928	427.21  
720.333	394.62  
720.737	357.37  
721.141	420.23  
721.545	401.61  
721.949	424.89  
722.353	441.18  
722.757	450.5   
723.16	457.48   
723.564	373.67  
723.968	399.28  
724.371	441.18  
724.775	413.25  
725.178	396.95  
725.582	378.32  
725.985	401.61  
726.388	408.59  
726.792	422.56  
727.195	376     
727.598	399.28  
728.001	406.26  
728.404	443.51  
728.807	338.75  
729.21	366.68   
729.612	424.89  
730.015	464.47  
730.418	385.31  
730.82	362.03   
731.223	357.37  
731.625	385.31  
732.028	387.64  
732.43	366.68   
732.833	406.26  
733.235	394.62  
733.637	431.87  
734.039	431.87  
734.441	380.65  
734.843	469.12  
735.245	366.68  
735.647	417.9   
736.049	459.81  
736.451	392.29  
736.852	334.09  
737.254	380.65  
737.655	471.45  
738.057	408.59  
738.458	364.35  
738.86	415.57   
739.261	429.54  
739.662	450.5   
740.064	443.51  
740.465	373.67  
740.866	366.68  
741.267	429.54  
741.668	417.9   
742.069	324.78  
742.469	457.48  
742.87	380.65   
743.271	396.95  
743.672	438.86  
744.072	438.86  
744.473	392.29  
744.873	382.98  
745.274	385.31  
745.674	438.86  
746.074	452.82  
746.474	387.64  
746.875	401.61  
747.275	492.4   
747.675	410.92  
748.075	389.96  
748.474	441.18  
748.874	373.67  
749.274	494.73  
749.674	410.92  
750.073	378.32  
750.473	464.47  
750.873	415.57  
751.272	429.54  
751.671	373.67  
752.071	366.68  
752.47	392.29   
752.869	445.84  
753.268	443.51  
753.668	392.29  
754.067	357.37  
754.466	410.92  
754.864	350.39  
755.263	511.03  
755.662	401.61  
756.061	366.68  
756.459	434.2   
756.858	427.21  
757.257	387.64  
757.655	373.67  
758.053	399.28  
758.452	403.93  
758.85	443.51   
759.248	417.9   
759.646	406.26  
760.045	424.89  
760.443	399.28  
760.841	436.53  
761.238	420.23  
761.636	445.84  
762.034	417.9   
762.432	355.04  
762.829	424.89  
763.227	396.95  
763.625	396.95  
764.022	415.57  
764.419	401.61  
764.817	483.09  
765.214	413.25  
765.611	455.15  
766.008	352.71  
766.406	378.32  
766.803	392.29  
767.199	399.28  
767.596	434.2   
767.993	382.98  
768.39	371.34   
768.787	382.98  
769.183	420.23  
769.58	431.87   
769.977	406.26  
770.373	448.17  
770.769	438.86  
771.166	429.54  
771.562	366.68  
771.958	441.18  
772.354	443.51  
772.75	429.54   
773.146	443.51  
773.542	487.75  
773.938	399.28  
774.334	324.78  
774.73	355.04   
775.126	427.21  
775.521	408.59  
775.917	420.23  
776.312	466.79  
776.708	401.61  
777.103	382.98  
777.499	406.26  
777.894	410.92  
778.289	434.2   
778.684	424.89  
779.079	382.98  
779.474	385.31  
779.869	452.82  
780.264	459.81  
780.659	413.25  
781.054	387.64  
781.448	394.62  
781.843	408.59  
782.238	417.9   
782.632	427.21  
783.027	394.62  
783.421	413.25  
783.815	466.79  
784.21	392.29   
784.604	373.67  
784.998	380.65  
785.392	380.65  
785.786	401.61  
786.18	359.7    
786.574	401.61  
786.968	396.95  
787.361	420.23  
787.755	317.79  
788.149	464.47  
788.542	373.67  
788.936	431.87  
789.329	522.67  
789.722	429.54  
790.116	401.61  
790.509	471.45  
790.902	441.18  
791.295	406.26  
791.688	396.95  
792.081	369.01  
792.474	427.21  
792.867	422.56  
793.26	441.18   
793.653	352.71  
794.045	343.4   
794.438	355.04  
794.83	431.87   
795.223	389.96  
795.615	443.51  
796.008	434.2   
796.4	401.61    
796.792	394.62  
797.184	401.61  
797.576	469.12  
797.968	408.59  
798.36	466.79   
798.752	394.62  
799.144	396.95  
799.536	376     
799.928	369.01  
800.319	382.98  
800.711	436.53  
801.102	403.93  
801.494	445.84  
801.885	445.84  
802.276	438.86  
802.668	387.64  
803.059	376     
803.45	322.45   
803.841	401.61  
804.232	434.2   
804.623	455.15  
805.014	408.59  
805.405	380.65  
805.795	452.82  
806.186	348.06  
806.577	359.7   
806.967	382.98  
807.358	485.42  
807.748	459.81  
808.139	478.43  
808.529	389.96  
808.919	387.64  
809.309	415.57  
809.699	427.21  
810.089	427.21  
810.479	401.61  
810.869	385.31  
811.259	348.06  
811.649	406.26  
812.039	415.57  
812.428	387.64  
812.818	464.47  
813.207	366.68  
813.597	427.21  
813.986	385.31  
814.376	431.87  
814.765	369.01  
815.154	422.56  
815.543	341.07  
815.932	431.87  
816.321	371.34  
816.71	394.62   
817.099	417.9   
817.488	417.9   
817.877	408.59  
818.265	392.29  
818.654	376     
819.043	406.26  
819.431	387.64  
819.819	443.51  
820.208	406.26  
820.596	473.78  
820.984	371.34  
821.372	431.87  
821.761	455.15  
822.149	366.68  
822.537	378.32  
822.924	420.23  
823.312	376     
823.7	392.29    
824.088	427.21  
824.475	436.53  
824.863	378.32  
825.251	352.71  
825.638	369.01  
826.025	522.67  
826.413	350.39  
826.8	371.34    
827.187	387.64  
827.574	357.37  
827.961	387.64  
828.348	464.47  
828.735	420.23  
829.122	422.56  
829.509	385.31  
829.896	389.96  
830.282	336.42  
830.669	406.26  
831.055	455.15  
831.442	445.84  
831.828	345.73  
832.215	387.64  
832.601	417.9   
832.987	424.89  
833.373	369.01  
833.759	355.04  
834.145	441.18  
834.531	341.07  
834.917	385.31  
835.303	394.62  
835.689	415.57  
836.074	399.28  
836.46	413.25   
836.846	385.31  
837.231	394.62  
837.617	343.4   
838.002	406.26  
838.387	436.53  
838.772	413.25  
839.158	371.34  
839.543	448.17  
839.928	380.65  
840.313	415.57  
840.698	422.56  
841.082	420.23  
841.467	396.95  
841.852	382.98  
842.237	352.71  
842.621	380.65  
843.006	466.79  
843.39	385.31   
843.774	261.92  
844.159	364.35  
844.543	331.76  
844.927	382.98  
845.311	399.28  
845.695	396.95  
846.079	396.95  
846.463	380.65  
846.847	434.2   
847.231	415.57  
847.615	376     
847.998	473.78  
848.382	434.2   
848.765	441.18  
849.149	413.25  
849.532	417.9   
849.916	382.98  
850.299	431.87  
850.682	352.71  
851.065	366.68  
851.448	429.54  
851.831	471.45  
852.214	408.59  
852.597	345.73  
852.98	417.9    
853.363	401.61  
853.745	408.59  
854.128	392.29  
854.51	443.51   
854.893	345.73  
855.275	457.48  
855.658	355.04  
856.04	369.01   
856.422	403.93  
856.804	438.86  
857.186	392.29  
857.568	424.89  
857.95	403.93   
858.332	431.87  
858.714	401.61  
859.096	476.11  
859.477	441.18  
859.859	441.18  
860.24	385.31   
860.622	415.57  
861.003	438.86  
861.385	431.87  
861.766	399.28  
862.147	427.21  
862.528	445.84  
862.909	406.26  
863.29	464.47   
863.671	476.11  
864.052	350.39  
864.433	406.26  
864.814	431.87  
865.194	392.29  
865.575	387.64  
865.955	408.59  
866.336	422.56  
866.716	422.56  
867.097	369.01  
867.477	422.56  
867.857	317.79  
868.237	385.31  
868.617	385.31  
868.997	417.9   
869.377	422.56  
869.757	410.92  
870.137	376     
870.517	389.96  
870.896	396.95  
871.276	431.87  
871.655	485.42  
872.035	445.84  
872.414	429.54  
872.794	431.87  
873.173	422.56  
873.552	415.57  
873.931	327.1   
874.31	350.39   
874.689	478.43  
875.068	427.21  
875.447	394.62  
875.826	420.23  
876.205	431.87  
876.583	408.59  
876.962	392.29  
877.341	408.59  
877.719	345.73  
878.097	376     
878.476	359.7   
878.854	369.01  
879.232	434.2   
879.61	438.86   
879.988	464.47  
880.366	422.56  
880.744	422.56  
881.122	385.31  
881.5	369.01    
881.878	443.51  
882.255	413.25  
882.633	380.65  
883.011	380.65  
883.388	408.59  
883.765	380.65  
884.143	385.31  
884.52	387.64   
884.897	443.51  
885.274	364.35  
885.651	396.95  
886.028	417.9   
886.405	403.93  
886.782	441.18  
887.159	322.45  
887.536	408.59  
887.912	341.07  
888.289	385.31  
888.665	445.84  
889.042	357.37  
889.418	415.57  
889.794	352.71  
890.171	315.46  
890.547	401.61  
890.923	459.81  
891.299	376     
891.675	443.51  
892.051	364.35  
892.427	462.14  
892.803	320.12  
893.178	413.25  
893.554	376     
893.929	410.92  
894.305	413.25  
894.68	413.25   
895.056	380.65  
895.431	413.25  
895.806	378.32  
896.181	389.96  
896.557	436.53  
896.932	410.92  
897.307	408.59  
897.681	408.59  
898.056	392.29  
898.431	396.95  
898.806	443.51  
899.18	359.7    
899.555	359.7   
899.929	350.39  
900.304	394.62  
900.678	455.15  
901.052	417.9   
901.427	431.87  
901.801	362.03  
902.175	310.81  
902.549	373.67  
902.923	410.92  
903.297	399.28  
903.67	410.92   
904.044	436.53  
904.418	382.98  
904.791	369.01  
905.165	396.95  
905.538	392.29  
905.912	392.29  
906.285	364.35  
906.658	394.62  
907.032	422.56  
907.405	350.39  
907.778	382.98  
908.151	327.1   
908.524	389.96  
908.896	431.87  
909.269	385.31  
909.642	336.42  
910.015	410.92  
910.387	415.57  
910.76	403.93   
911.132	380.65  
911.504	369.01  
911.877	317.79  
912.249	464.47  
912.621	389.96  
912.993	443.51  
913.365	413.25  
913.737	392.29  
914.109	369.01  
914.481	341.07  
914.853	357.37  
915.224	403.93  
915.596	387.64  
915.968	413.25  
916.339	422.56  
916.71	413.25   
917.082	413.25  
917.453	422.56  
917.824	445.84  
918.195	422.56  
918.566	427.21  
918.937	385.31  
919.308	380.65  
919.679	466.79  
920.05	366.68   
920.421	401.61  
920.791	441.18  
921.162	396.95  
921.532	396.95  
921.903	389.96  
922.273	420.23  
922.644	417.9   
923.014	422.56  
923.384	380.65  
923.754	382.98  
924.124	410.92  
924.494	438.86  
924.864	362.03  
925.234	382.98  
925.604	410.92  
925.973	387.64  
926.343	364.35  
926.712	378.32  
927.082	387.64  
927.451	443.51  
927.821	371.34  
928.19	373.67   
928.559	455.15  
928.928	441.18  
929.297	417.9   
929.666	471.45  
930.035	369.01  
930.404	434.2   
930.773	338.75  
931.142	359.7   
931.51	427.21   
931.879	436.53  
932.247	441.18  
932.616	306.15  
932.984	417.9   
933.353	401.61  
933.721	373.67  
934.089	459.81  
934.457	373.67  
934.825	378.32  
935.193	392.29  
935.561	424.89  
935.929	376     
936.296	378.32  
936.664	459.81  
937.032	350.39  
937.399	436.53  
937.767	385.31  
938.134	464.47  
938.501	422.56  
938.869	427.21  
939.236	373.67  
939.603	366.68  
939.97	424.89   
940.337	380.65  
940.704	345.73  
941.071	382.98  
941.438	431.87  
941.804	352.71  
942.171	462.14  
942.538	364.35  
942.904	452.82  
943.27	348.06   
943.637	369.01  
944.003	380.65  
944.369	434.2   
944.735	399.28  
945.102	417.9   
945.468	459.81  
945.833	429.54  
946.199	441.18  
946.565	341.07  
946.931	331.76  
947.296	389.96  
947.662	410.92  
948.028	357.37  
948.393	334.09  
948.758	376     
949.124	341.07  
949.489	406.26  
949.854	371.34  
950.219	424.89  
950.584	366.68  
950.949	469.12  
951.314	417.9   
951.679	462.14  
952.044	441.18  
952.408	399.28  
952.773	431.87  
953.137	438.86  
953.502	408.59  
953.866	473.78  
954.231	350.39  
954.595	315.46  
954.959	396.95  
955.323	406.26  
955.687	341.07  
956.051	427.21  
956.415	336.42  
956.779	366.68  
957.143	399.28  
957.506	394.62  
957.87	406.26   
958.234	345.73  
958.597	371.34  
958.961	443.51  
959.324	450.5   
959.687	427.21  
960.05	382.98   
960.413	289.85  
960.776	408.59  
961.139	441.18  
961.502	420.23  
961.865	434.2   
962.228	396.95  
962.591	429.54  
962.953	441.18  
963.316	401.61  
963.678	394.62  
964.041	413.25  
964.403	462.14  
964.765	380.65  
965.128	420.23  
965.49	394.62   
965.852	455.15  
966.214	352.71  
966.576	396.95  
966.938	401.61  
967.299	338.75  
967.661	345.73  
968.023	424.89  
968.384	422.56  
968.746	401.61  
969.107	366.68  
969.469	373.67  
969.83	366.68   
970.191	445.84  
970.552	373.67  
970.913	380.65  
971.274	350.39  
971.635	422.56  
971.996	392.29  
972.357	434.2   
972.718	443.51  
973.078	338.75  
973.439	352.71  
973.8	336.42    
974.16	343.4    
974.52	380.65   
974.881	371.34  
975.241	350.39  
975.601	396.95  
975.961	462.14  
976.321	410.92  
976.681	382.98  
977.041	408.59  
977.401	366.68  
977.76	413.25   
978.12	369.01   
978.48	336.42   
978.839	378.32  
979.199	385.31  
979.558	394.62  
979.917	399.28  
980.277	364.35  
980.636	362.03  
980.995	403.93  
981.354	403.93  
981.713	359.7   
982.072	415.57  
982.43	336.42   
982.789	389.96  
983.148	376     
983.506	348.06  
983.865	450.5   
984.223	369.01  
984.582	350.39  
984.94	394.62   
985.298	366.68  
985.656	366.68  
986.015	376     
986.373	403.93  
986.731	464.47  
987.088	445.84  
987.446	348.06  
987.804	357.37  
988.162	422.56  
988.519	359.7   
988.877	424.89  
989.234	422.56  
989.591	394.62  
989.949	343.4   
990.306	357.37  
990.663	394.62  
991.02	399.28   
991.377	329.43  
991.734	341.07  
992.091	380.65  
992.448	343.4   
992.805	364.35  
993.161	352.71  
993.518	399.28  
993.874	438.86  
994.231	429.54  
994.587	471.45  
994.943	359.7   
995.3	429.54    
995.656	378.32  
996.012	396.95  
996.368	427.21  
996.724	445.84  
997.08	420.23   
997.435	380.65  
997.791	357.37  
998.147	364.35  
998.502	345.73  
998.858	373.67  
999.213	392.29  
999.569	427.21  
999.924	327.1   
1000.279	378.32 
1000.634	387.64 
1000.989	476.11 
1001.344	476.11 
1001.699	457.48 
1002.054	408.59 
1002.409	376    
1002.764	359.7  
1003.118	466.79 
1003.473	448.17 
1003.827	364.35 
1004.182	436.53 
1004.536	329.43 
1004.89	387.64  
1005.245	429.54 
1005.599	369.01 
1005.953	438.86 
1006.307	417.9  
1006.661	422.56 
1007.015	410.92 
1007.368	352.71 
1007.722	373.67 
1008.076	313.14 
1008.429	357.37 
1008.783	345.73 
1009.136	452.82 
1009.489	313.14 
1009.843	427.21 
1010.196	431.87 
1010.549	452.82 
1010.902	315.46 
1011.255	413.25 
1011.608	406.26 
1011.961	371.34 
1012.313	413.25 
1012.666	369.01 
1013.019	380.65 
1013.371	389.96 
1013.724	387.64 
1014.076	315.46 
1014.428	389.96 
1014.781	373.67 
1015.133	382.98 
1015.485	403.93 
1015.837	434.2  
1016.189	331.76 
1016.541	327.1  
1016.893	401.61 
1017.244	399.28 
1017.596	408.59 
1017.947	436.53 
1018.299	438.86 
1018.65	401.61  
1019.002	420.23 
1019.353	401.61 
1019.704	355.04 
1020.055	410.92 
1020.407	420.23 
1020.758	401.61 
1021.108	406.26 
1021.459	429.54 
1021.81	382.98  
1022.161	401.61 
1022.511	369.01 
1022.862	436.53 
1023.213	406.26 
1023.563	406.26 
1023.913	387.64 
1024.264	441.18 
1024.614	350.39 
1024.964	459.81 
1025.314	399.28 
1025.664	315.46 
1026.014	389.96 
1026.364	380.65 
1026.713	324.78 
1027.063	429.54 
1027.413	392.29 
1027.762	289.85 
1028.112	429.54 
1028.461	336.42 
1028.81	359.7   
1029.16	401.61  
1029.509	448.17 
1029.858	424.89 
1030.207	387.64 
1030.556	389.96 
1030.905	424.89 
1031.254	401.61 
1031.602	441.18 
1031.951	389.96 
1032.3	401.61   
1032.648	380.65 
1032.996	380.65 
1033.345	380.65 