187.879	-21.97  
188.346	-21.97  
188.813	-21.97  
189.28	-124.41  
189.747	-105.79 
190.214	-80.18  
190.681	-42.93  
191.148	-54.57  
191.614	-28.96  
192.081	-75.52  
192.548	-77.85  
193.014	-21.97  
193.481	-26.63  
193.948	-33.61  
194.414	22.26   
194.881	45.54   
195.347	-5.67   
195.813	89.78   
196.28	103.75   
196.746	47.87   
197.212	138.67  
197.678	94.44   
198.145	152.64  
198.611	224.81  
199.077	220.16  
199.543	259.73  
200.009	266.72  
200.475	285.34  
200.941	271.37  
201.407	283.02  
201.873	310.95  
202.338	264.39  
202.804	357.52  
203.27	359.84   
203.735	383.13  
204.201	345.88  
204.667	373.81  
205.132	355.19  
205.598	473.92  
206.063	411.06  
206.529	364.5   
206.994	369.16  
207.459	350.53  
207.925	436.67  
208.39	397.09   
208.855	392.44  
209.32	376.14   
209.785	478.58  
210.25	422.7    
210.715	399.42  
211.18	355.19   
211.645	401.75  
212.11	383.13   
212.575	341.22  
213.04	445.99   
213.504	392.44  
213.969	415.72  
214.434	415.72  
214.899	357.52  
215.363	334.23  
215.828	420.38  
216.292	371.48  
216.757	418.05  
217.221	369.16  
217.685	478.58  
218.15	373.81   
218.614	287.67  
219.078	404.08  
219.542	329.58  
220.007	364.5   
220.471	350.53  
220.935	348.2   
221.399	387.78  
221.863	294.66  
222.327	383.13  
222.791	348.2   
223.254	383.13  
223.718	390.11  
224.182	352.86  
224.646	378.47  
225.109	369.16  
225.573	313.28  
226.037	357.52  
226.5	292.33    
226.964	371.48  
227.427	366.83  
227.89	320.27   
228.354	355.19  
228.817	397.09  
229.28	399.42   
229.744	387.78  
230.207	355.19  
230.67	373.81   
231.133	371.48  
231.596	376.14  
232.059	362.17  
232.522	415.72  
232.985	383.13  
233.448	376.14  
233.911	411.06  
234.374	394.77  
234.836	404.08  
235.299	350.53  
235.762	415.72  
236.224	336.56  
236.687	364.5   
237.149	387.78  
237.612	334.23  
238.074	390.11  
238.537	401.75  
238.999	373.81  
239.461	394.77  
239.924	366.83  
240.386	385.45  
240.848	327.25  
241.31	387.78   
241.772	322.59  
242.234	317.94  
242.696	331.91  
243.158	378.47  
243.62	441.33   
244.082	469.27  
244.544	415.72  
245.006	371.48  
245.468	394.77  
245.929	429.69  
246.391	425.03  
246.852	459.95  
247.314	399.42  
247.776	373.81  
248.237	355.19  
248.698	385.45  
249.16	411.06   
249.621	404.08  
250.082	369.16  
250.544	443.66  
251.005	341.22  
251.466	317.94  
251.927	336.56  
252.388	390.11  
252.849	390.11  
253.31	399.42   
253.771	350.53  
254.232	373.81  
254.693	380.8   
255.154	394.77  
255.615	380.8   
256.075	394.77  
256.536	406.41  
256.997	306.3   
257.457	317.94  
257.918	348.2   
258.378	369.16  
258.839	376.14  
259.299	390.11  
259.759	397.09  
260.22	392.44   
260.68	320.27   
261.14	411.06   
261.6	432.02    
262.06	469.27   
262.521	378.47  
262.981	373.81  
263.441	448.31  
263.901	406.41  
264.36	448.31   
264.82	399.42   
265.28	411.06   
265.74	420.38   
266.2	376.14    
266.659	383.13  
267.119	343.55  
267.579	434.34  
268.038	392.44  
268.498	350.53  
268.957	471.6   
269.416	404.08  
269.876	380.8   
270.335	415.72  
270.794	329.58  
271.254	366.83  
271.713	378.47  
272.172	418.05  
272.631	450.64  
273.09	359.84   
273.549	359.84  
274.008	418.05  
274.467	352.86  
274.926	392.44  
275.385	459.95  
275.843	483.24  
276.302	422.7   
276.761	390.11  
277.22	429.69   
277.678	383.13  
278.137	436.67  
278.595	322.59  
279.054	427.36  
279.512	359.84  
279.97	415.72   
280.429	380.8   
280.887	418.05  
281.345	404.08  
281.803	408.74  
282.262	348.2   
282.72	408.74   
283.178	362.17  
283.636	425.03  
284.094	413.39  
284.552	397.09  
285.01	422.7    
285.467	432.02  
285.925	492.55  
286.383	425.03  
286.841	469.27  
287.298	420.38  
287.756	322.59  
288.213	390.11  
288.671	459.95  
289.128	457.63  
289.586	387.78  
290.043	436.67  
290.5	418.05    
290.958	369.16  
291.415	439     
291.872	399.42  
292.329	478.58  
292.786	366.83  
293.243	418.05  
293.7	429.69    
294.157	376.14  
294.614	406.41  
295.071	373.81  
295.528	287.67  
295.985	415.72  
296.441	476.25  
296.898	418.05  
297.355	327.25  
297.811	380.8   
298.268	432.02  
298.724	443.66  
299.181	394.77  
299.637	387.78  
300.094	404.08  
300.55	411.06   
301.006	408.74  
301.462	420.38  
301.919	455.3   
302.375	420.38  
302.831	378.47  
303.287	427.36  
303.743	359.84  
304.199	418.05  
304.655	425.03  
305.11	418.05   
305.566	376.14  
306.022	362.17  
306.478	436.67  
306.933	380.8   
307.389	376.14  
307.845	457.63  
308.3	487.89    
308.756	376.14  
309.211	413.39  
309.666	364.5   
310.122	401.75  
310.577	415.72  
311.032	369.16  
311.487	369.16  
311.943	383.13  
312.398	364.5   
312.853	376.14  
313.308	427.36  
313.763	385.45  
314.218	397.09  
314.672	341.22  
315.127	350.53  
315.582	385.45  
316.037	350.53  
316.492	343.55  
316.946	376.14  
317.401	422.7   
317.855	448.31  
318.31	441.33   
318.764	455.3   
319.219	397.09  
319.673	397.09  
320.127	443.66  
320.582	355.19  
321.036	450.64  
321.49	432.02   
321.944	385.45  
322.398	422.7   
322.852	383.13  
323.306	392.44  
323.76	397.09   
324.214	429.69  
324.668	425.03  
325.122	383.13  
325.575	401.75  
326.029	445.99  
326.483	462.28  
326.936	380.8   
327.39	364.5    
327.843	355.19  
328.297	464.61  
328.75	441.33   
329.204	404.08  
329.657	420.38  
330.11	406.41   
330.564	469.27  
331.017	485.56  
331.47	317.94   
331.923	359.84  
332.376	399.42  
332.829	425.03  
333.282	359.84  
333.735	439     
334.188	408.74  
334.641	413.39  
335.093	385.45  
335.546	436.67  
335.999	415.72  
336.451	376.14  
336.904	401.75  
337.356	466.94  
337.809	432.02  
338.261	455.3   
338.714	397.09  
339.166	397.09  
339.618	457.63  
340.07	466.94   
340.523	436.67  
340.975	501.86  
341.427	497.2   
341.879	411.06  
342.331	411.06  
342.783	357.52  
343.235	380.8   
343.687	429.69  
344.138	415.72  
344.59	411.06   
345.042	406.41  
345.494	492.55  
345.945	373.81  
346.397	464.61  
346.848	411.06  
347.3	366.83    
347.751	427.36  
348.203	439     
348.654	469.27  
349.105	383.13  
349.556	392.44  
350.008	432.02  
350.459	452.97  
350.91	401.75   
351.361	397.09  
351.812	355.19  
352.263	401.75  
352.714	418.05  
353.165	392.44  
353.615	380.8   
354.066	336.56  
354.517	448.31  
354.968	450.64  
355.418	369.16  
355.869	445.99  
356.319	443.66  
356.77	429.69   
357.22	415.72   
357.671	464.61  
358.121	427.36  
358.571	445.99  
359.021	448.31  
359.472	427.36  
359.922	399.42  
360.372	376.14  
360.822	436.67  
361.272	411.06  
361.722	404.08  
362.172	464.61  
362.622	462.28  
363.071	427.36  
363.521	411.06  
363.971	457.63  
364.42	408.74   
364.87	413.39   
365.32	469.27   
365.769	420.38  
366.219	504.19  
366.668	422.7   
367.117	452.97  
367.567	443.66  
368.016	383.13  
368.465	378.47  
368.914	401.75  
369.363	408.74  
369.812	455.3   
370.261	452.97  
370.71	399.42   
371.159	439     
371.608	408.74  
372.057	352.86  
372.506	450.64  
372.955	422.7   
373.403	392.44  
373.852	450.64  
374.301	427.36  
374.749	443.66  
375.198	425.03  
375.646	355.19  
376.094	322.59  
376.543	436.67  
376.991	432.02  
377.439	394.77  
377.887	294.66  
378.336	501.86  
378.784	497.2   
379.232	439     
379.68	462.28   
380.128	385.45  
380.576	436.67  
381.023	401.75  
381.471	434.34  
381.919	455.3   
382.367	378.47  
382.814	376.14  
383.262	411.06  
383.71	473.92   
384.157	422.7   
384.605	404.08  
385.052	401.75  
385.499	448.31  
385.947	399.42  
386.394	350.53  
386.841	452.97  
387.288	420.38  
387.735	434.34  
388.182	404.08  
388.63	399.42   
389.076	376.14  
389.523	462.28  
389.97	408.74   
390.417	355.19  
390.864	394.77  
391.311	345.88  
391.757	473.92  
392.204	413.39  
392.651	373.81  
393.097	429.69  
393.544	425.03  
393.99	408.74   
394.436	425.03  
394.883	485.56  
395.329	443.66  
395.775	413.39  
396.221	441.33  
396.668	376.14  
397.114	355.19  
397.56	455.3    
398.006	392.44  
398.452	373.81  
398.897	513.5   
399.343	373.81  
399.789	371.48  
400.235	350.53  
400.681	383.13  
401.126	420.38  
401.572	439     
402.017	418.05  
402.463	436.67  
402.908	429.69  
403.354	401.75  
403.799	448.31  
404.244	459.95  
404.689	394.77  
405.135	452.97  
405.58	373.81   
406.025	378.47  
406.47	466.94   
406.915	471.6   
407.36	348.2    
407.805	434.34  
408.25	427.36   
408.694	392.44  
409.139	473.92  
409.584	429.69  
410.029	450.64  
410.473	343.55  
410.918	420.38  
411.362	366.83  
411.807	494.88  
412.251	457.63  
412.695	427.36  
413.14	420.38   
413.584	420.38  
414.028	425.03  
414.472	443.66  
414.916	385.45  
415.36	434.34   
415.804	439     
416.248	432.02  
416.692	441.33  
417.136	466.94  
417.58	404.08   
418.024	425.03  
418.467	378.47  
418.911	425.03  
419.355	401.75  
419.798	452.97  
420.242	380.8   
420.685	380.8   
421.128	464.61  
421.572	411.06  
422.015	362.17  
422.458	450.64  
422.902	408.74  
423.345	343.55  
423.788	387.78  
424.231	394.77  
424.674	452.97  
425.117	483.24  
425.56	413.39   
426.003	408.74  
426.445	401.75  
426.888	390.11  
427.331	464.61  
427.773	383.13  
428.216	478.58  
428.659	448.31  
429.101	404.08  
429.543	445.99  
429.986	397.09  
430.428	439     
430.87	425.03   
431.313	457.63  
431.755	483.24  
432.197	394.77  
432.639	439     
433.081	399.42  
433.523	411.06  
433.965	366.83  
434.407	397.09  
434.849	341.22  
435.291	427.36  
435.732	425.03  
436.174	448.31  
436.616	506.52  
437.057	445.99  
437.499	418.05  
437.94	469.27   
438.382	429.69  
438.823	434.34  
439.264	450.64  
439.706	385.45  
440.147	443.66  
440.588	378.47  
441.029	404.08  
441.47	429.69   
441.911	429.69  
442.352	529.8   
442.793	324.92  
443.234	452.97  
443.675	480.91  
444.116	434.34  
444.556	478.58  
444.997	459.95  
445.438	436.67  
445.878	376.14  
446.319	422.7   
446.759	331.91  
447.199	513.5   
447.64	408.74   
448.08	401.75   
448.52	452.97   
448.961	436.67  
449.401	480.91  
449.841	427.36  
450.281	448.31  
450.721	371.48  
451.161	413.39  
451.601	385.45  
452.041	497.2   
452.48	364.5    
452.92	497.2    
453.36	415.72   
453.799	406.41  
454.239	373.81  
454.679	448.31  
455.118	480.91  
455.557	464.61  
455.997	445.99  
456.436	397.09  
456.875	425.03  
457.315	441.33  
457.754	450.64  
458.193	404.08  
458.632	473.92  
459.071	404.08  
459.51	508.85   
459.949	429.69  
460.388	415.72  
460.827	478.58  
461.265	378.47  
461.704	525.14  
462.143	425.03  
462.581	399.42  
463.02	466.94   
463.458	487.89  
463.897	452.97  
464.335	450.64  
464.774	464.61  
465.212	466.94  
465.65	466.94   
466.088	445.99  
466.527	443.66  
466.965	515.83  
467.403	485.56  
467.841	457.63  
468.279	450.64  
468.716	539.11  
469.154	550.75  
469.592	494.88  
470.03	513.5    
470.467	578.69  
470.905	534.46  
471.343	560.06  
471.78	569.38   
472.218	555.41  
472.655	611.28  
473.092	578.69  
473.53	639.22   
473.967	564.72  
474.404	581.02  
474.841	590.33  
475.278	611.28  
475.716	576.36  
476.153	664.83  
476.589	704.41  
477.026	718.38  
477.463	692.77  
477.9	818.49    
478.337	895.32  
478.773	827.8   
479.21	974.47   
479.647	960.51  
480.083	930.24  
480.52	1002.41  
480.956	892.99  
481.392	1023.37 
481.829	1053.63 
482.265	1139.77 
482.701	1218.93 
483.137	1200.31 
483.574	1339.99 
484.01	1319.04  
484.446	1407.51 
484.882	1516.93 
485.317	1614.72 
485.753	1665.93 
486.189	1740.44 
486.625	1835.89 
487.061	1936    
487.496	1989.55 
487.932	2150.19 
488.367	2220.03 
488.803	2250.3  
489.238	2466.82 
489.674	2578.57 
490.109	2727.57 
490.544	2823.02 
490.979	2979.01 
491.415	3086.1  
491.85	3197.85  
492.285	3379.45 
492.72	3717.03  
493.155	3821.8  
493.59	3945.19  
494.024	4164.04 
494.459	4357.27 
494.894	4685.54 
495.329	4964.92 
495.763	5214.03 
496.198	5267.58 
496.632	5772.79 
497.067	5807.71 
497.501	6110.37 
497.936	6438.64 
498.37	6750.61  
498.804	7057.92 
499.238	7248.83 
499.673	7754.04 
500.107	8149.82 
500.541	8464.12 
500.975	8999.6  
501.409	9346.49 
501.843	9991.39 
502.277	10110.12
502.71	10447.7  
503.144	11330.07
503.578	11425.53
504.011	12110   
504.445	12584.94
504.878	13111.1 
505.312	13669.86
505.745	14158.77
506.179	14594.13
506.612	15213.42
507.045	15592.91
507.479	16254.1 
507.912	16684.81
508.345	17304.1 
508.778	17897.77
509.211	18556.64
509.644	18961.74
510.077	19401.76
510.509	19986.12
510.942	20137.45
511.375	20710.17
511.808	21187.44
512.24	21732.23 
512.673	22253.74
513.105	22188.55
513.538	22847.41
513.97	23049.96 
514.403	23382.89
514.835	23275.79
515.267	23811.27
515.699	23813.59
516.131	24106.94
516.564	24239.64
516.996	24079   
517.428	24286.21
517.859	24451.51
518.291	24048.74
518.723	23736.76
519.155	23988.2 
519.587	23331.67
520.018	23340.98
520.45	22700.74 
520.881	22623.91
521.313	22377.13
521.744	22155.95
522.176	21704.29
522.607	21413.27
523.038	20777.69
523.47	20351.64 
523.901	20149.09
524.332	19667.16
524.763	18896.55
525.194	18673.05
525.625	18095.67
526.056	17841.9 
526.487	17082.92
526.917	16805.87
527.348	16414.74
527.779	15730.27
528.21	15122.62 
528.64	14934.04 
529.071	14377.62
529.501	13944.58
529.932	13984.16
530.362	13446.36
530.792	12985.38
531.222	12780.51
531.653	12526.74
532.083	11961   
532.513	11453.46
532.943	11409.23
533.373	11157.79
533.803	10906.35
534.233	10380.19
534.663	10266.11
535.092	10170.65
535.522	9574.65 
535.952	9383.74 
536.381	9102.03 
536.811	8908.8  
537.24	8862.24  
537.67	8284.86  
538.099	8361.68 
538.529	8168.45 
538.958	7677.21 
539.387	7579.43 
539.816	7616.68 
540.245	7225.55 
540.674	7050.94 
541.103	6808.81 
541.532	6592.29 
541.961	6475.89 
542.39	6210.48  
542.819	6087.08 
543.248	5756.49 
543.676	5702.94 
544.105	5677.33 
544.534	5288.53 
544.962	5162.81 
545.391	4955.61 
545.819	4932.32 
546.247	4687.87 
546.676	4608.71 
547.104	4527.23 
547.532	4354.94 
547.96	4166.36  
548.388	4061.6  
548.816	3975.46 
549.244	3875.35 
549.672	3747.3  
550.1	3698.41   
550.528	3540.09 
550.956	3360.83 
551.383	3302.62 
551.811	3297.97 
552.238	3032.56 
552.666	2948.74 
553.094	2909.16 
553.521	2932.45 
553.948	2878.9  
554.376	2699.63 
554.803	2592.54 
555.23	2548.3   
555.657	2420.25 
556.084	2506.4  
556.511	2378.35 
556.938	2338.77 
557.365	2275.91 
557.792	2178.13 
558.219	2091.99 
558.646	2110.61 
559.072	2008.17 
559.499	1956.95 
559.926	1898.75 
560.352	1856.84 
560.779	1810.28 
561.205	1814.94 
561.632	1803.3  
562.058	1721.81 
562.484	1644.98 
562.91	1682.23  
563.337	1577.46 
563.763	1624.03 
564.189	1577.46 
564.615	1493.65 
565.041	1442.43 
565.466	1430.79 
565.892	1351.63 
566.318	1463.39 
566.744	1346.98 
567.169	1363.28 
567.595	1363.28 
568.021	1323.7  
568.446	1319.04 
568.872	1251.52 
569.297	1225.91 
569.722	1109.51 
570.148	1076.91 
570.573	1107.18 
570.998	1118.82 
571.423	1065.27 
571.848	1086.23 
572.273	1097.87 
572.698	962.83  
573.123	960.51  
573.548	979.13  
573.973	967.49  
574.397	860.4   
574.822	895.32  
575.247	927.91  
575.671	876.69  
576.096	846.43  
576.52	797.54   
576.944	862.72  
577.369	813.83  
577.793	792.88  
578.217	827.8   
578.641	832.46  
579.065	776.58  
579.49	718.38   
579.914	750.97  
580.337	725.36  
580.761	746.32  
581.185	723.04  
581.609	755.63  
582.033	734.68  
582.456	711.39  
582.88	643.88   
583.303	674.14  
583.727	629.91  
584.15	660.18   
584.574	648.53  
584.997	629.91  
585.42	643.88   
585.844	576.36  
586.267	646.21  
586.69	562.39   
587.113	608.96  
587.536	657.85  
587.959	576.36  
588.382	527.47  
588.804	532.13  
589.227	662.5   
589.65	599.64   
590.073	483.24  
590.495	632.24  
590.918	541.44  
591.34	550.75   
591.763	513.5   
592.185	464.61  
592.607	525.14  
593.03	532.13   
593.452	550.75  
593.874	494.88  
594.296	557.74  
594.718	625.25  
595.14	583.35   
595.562	485.56  
595.984	443.66  
596.406	525.14  
596.827	485.56  
597.249	534.46  
597.671	522.81  
598.092	459.95  
598.514	550.75  
598.935	513.5   
599.357	485.56  
599.778	494.88  
600.199	443.66  
600.621	494.88  
601.042	560.06  
601.463	494.88  
601.884	499.53  
602.305	520.49  
602.726	485.56  
603.147	471.6   
603.568	457.63  
603.988	567.05  
604.409	441.33  
604.83	504.19   
605.25	450.64   
605.671	504.19  
606.092	464.61  
606.512	522.81  
606.932	452.97  
607.353	527.47  
607.773	471.6   
608.193	520.49  
608.613	415.72  
609.034	445.99  
609.454	497.2   
609.874	511.17  
610.293	464.61  
610.713	394.77  
611.133	469.27  
611.553	392.44  
611.973	436.67  
612.392	427.36  
612.812	373.81  
613.231	466.94  
613.651	485.56  
614.07	399.42   
614.49	394.77   
614.909	508.85  
615.328	439     
615.747	490.22  
616.167	506.52  
616.586	452.97  
617.005	394.77  
617.424	406.41  
617.843	427.36  
618.261	425.03  
618.68	422.7    
619.099	425.03  
619.518	445.99  
619.936	455.3   
620.355	394.77  
620.773	541.44  
621.192	432.02  
621.61	394.77   
622.029	371.48  
622.447	457.63  
622.865	355.19  
623.283	476.25  
623.701	387.78  
624.119	450.64  
624.537	392.44  
624.955	457.63  
625.373	439     
625.791	376.14  
626.209	439     
626.627	457.63  
627.044	406.41  
627.462	466.94  
627.879	439     
628.297	425.03  
628.714	387.78  
629.132	422.7   
629.549	429.69  
629.966	439     
630.383	394.77  
630.8	418.05    
631.217	411.06  
631.634	443.66  
632.051	415.72  
632.468	345.88  
632.885	413.39  
633.302	406.41  
633.719	352.86  
634.135	404.08  
634.552	303.97  
634.969	499.53  
635.385	455.3   
635.801	445.99  
636.218	448.31  
636.634	427.36  
637.05	455.3    
637.467	418.05  
637.883	413.39  
638.299	415.72  
638.715	404.08  
639.131	394.77  
639.547	445.99  
639.963	392.44  
640.378	455.3   
640.794	411.06  
641.21	331.91   
641.626	380.8   
642.041	420.38  
642.457	464.61  
642.872	373.81  
643.287	371.48  
643.703	362.17  
644.118	397.09  
644.533	404.08  
644.948	350.53  
645.364	432.02  
645.779	399.42  
646.194	362.17  
646.609	411.06  
647.023	441.33  
647.438	443.66  
647.853	441.33  
648.268	436.67  
648.682	406.41  
649.097	434.34  
649.511	385.45  
649.926	420.38  
650.34	385.45   
650.755	399.42  
651.169	390.11  
651.583	434.34  
651.997	392.44  
652.411	429.69  
652.825	390.11  
653.239	394.77  
653.653	413.39  
654.067	443.66  
654.481	448.31  
654.895	432.02  
655.309	359.84  
655.722	397.09  
656.136	413.39  
656.549	387.78  
656.963	425.03  
657.376	413.39  
657.79	371.48   
658.203	439     
658.616	459.95  
659.029	385.45  
659.442	364.5   
659.855	450.64  
660.268	383.13  
660.681	355.19  
661.094	383.13  
661.507	411.06  
661.92	452.97   
662.333	387.78  
662.745	387.78  
663.158	415.72  
663.57	443.66   
663.983	399.42  
664.395	492.55  
664.808	376.14  
665.22	418.05   
665.632	380.8   
666.044	371.48  
666.456	399.42  
666.868	415.72  
667.28	441.33   
667.692	390.11  
668.104	441.33  
668.516	436.67  
668.928	343.55  
669.34	378.47   
669.751	418.05  
670.163	425.03  
670.574	408.74  
670.986	450.64  
671.397	413.39  
671.809	413.39  
672.22	380.8    
672.631	464.61  
673.042	341.22  
673.453	415.72  
673.864	401.75  
674.275	427.36  
674.686	445.99  
675.097	469.27  
675.508	427.36  
675.919	415.72  
676.33	450.64   
676.74	445.99   
677.151	439     
677.561	338.89  
677.972	399.42  
678.382	420.38  
678.792	418.05  
679.203	378.47  
679.613	415.72  
680.023	348.2   
680.433	364.5   
680.843	469.27  
681.253	432.02  
681.663	404.08  
682.073	429.69  
682.483	452.97  
682.893	448.31  
683.302	452.97  
683.712	425.03  
684.122	425.03  
684.531	399.42  
684.94	434.34   
685.35	436.67   
685.759	436.67  
686.168	432.02  
686.578	408.74  
686.987	445.99  
687.396	399.42  
687.805	422.7   
688.214	471.6   
688.623	432.02  
689.032	357.52  
689.44	338.89   
689.849	373.81  
690.258	380.8   
690.666	425.03  
691.075	387.78  
691.484	373.81  
691.892	397.09  
692.3	404.08    
692.709	399.42  
693.117	376.14  
693.525	359.84  
693.933	408.74  
694.341	443.66  
694.749	427.36  
695.157	429.69  
695.565	371.48  
695.973	399.42  
696.381	432.02  
696.788	385.45  
697.196	443.66  
697.604	385.45  
698.011	399.42  
698.419	373.81  
698.826	397.09  
699.234	394.77  
699.641	439     
700.048	348.2   
700.455	392.44  
700.862	473.92  
701.269	439     
701.676	364.5   
702.083	448.31  
702.49	383.13   
702.897	408.74  
703.304	429.69  
703.71	359.84   
704.117	392.44  
704.524	443.66  
704.93	390.11   
705.337	443.66  
705.743	376.14  
706.149	387.78  
706.556	464.61  
706.962	394.77  
707.368	301.64  
707.774	327.25  
708.18	422.7    
708.586	427.36  
708.992	364.5   
709.398	425.03  
709.804	485.56  
710.209	443.66  
710.615	436.67  
711.021	401.75  
711.426	334.23  
711.832	429.69  
712.237	380.8   
712.642	376.14  
713.048	392.44  
713.453	422.7   
713.858	452.97  
714.263	404.08  
714.668	383.13  
715.073	406.41  
715.478	397.09  
715.883	436.67  
716.288	383.13  
716.693	429.69  
717.097	418.05  
717.502	413.39  
717.906	390.11  
718.311	373.81  
718.715	485.56  
719.12	422.7    
719.524	359.84  
719.928	436.67  
720.333	425.03  
720.737	401.75  
721.141	429.69  
721.545	376.14  
721.949	408.74  
722.353	394.77  
722.757	355.19  
723.16	387.78   
723.564	415.72  
723.968	418.05  
724.371	364.5   
724.775	392.44  
725.178	357.52  
725.582	348.2   
725.985	418.05  
726.388	331.91  
726.792	383.13  
727.195	411.06  
727.598	369.16  
728.001	394.77  
728.404	385.45  
728.807	411.06  
729.21	327.25   
729.612	385.45  
730.015	392.44  
730.418	429.69  
730.82	457.63   
731.223	471.6   
731.625	387.78  
732.028	462.28  
732.43	401.75   
732.833	420.38  
733.235	394.77  
733.637	413.39  
734.039	413.39  
734.441	415.72  
734.843	401.75  
735.245	392.44  
735.647	452.97  
736.049	429.69  
736.451	445.99  
736.852	378.47  
737.254	387.78  
737.655	413.39  
738.057	350.53  
738.458	436.67  
738.86	418.05   
739.261	362.17  
739.662	406.41  
740.064	404.08  
740.465	422.7   
740.866	413.39  
741.267	385.45  
741.668	404.08  
742.069	411.06  
742.469	406.41  
742.87	415.72   
743.271	401.75  
743.672	369.16  
744.072	425.03  
744.473	380.8   
744.873	362.17  
745.274	401.75  
745.674	455.3   
746.074	450.64  
746.474	404.08  
746.875	408.74  
747.275	294.66  
747.675	459.95  
748.075	415.72  
748.474	369.16  
748.874	404.08  
749.274	487.89  
749.674	448.31  
750.073	399.42  
750.473	455.3   
750.873	415.72  
751.272	345.88  
751.671	401.75  
752.071	380.8   
752.47	408.74   
752.869	371.48  
753.268	485.56  
753.668	406.41  
754.067	478.58  
754.466	473.92  
754.864	450.64  
755.263	397.09  
755.662	427.36  
756.061	392.44  
756.459	418.05  
756.858	406.41  
757.257	436.67  
757.655	399.42  
758.053	420.38  
758.452	394.77  
758.85	376.14   
759.248	450.64  
759.646	432.02  
760.045	439     
760.443	383.13  
760.841	387.78  
761.238	485.56  
761.636	392.44  
762.034	429.69  
762.432	406.41  
762.829	432.02  
763.227	383.13  
763.625	373.81  
764.022	355.19  
764.419	362.17  
764.817	397.09  
765.214	359.84  
765.611	387.78  
766.008	383.13  
766.406	408.74  
766.803	385.45  
767.199	459.95  
767.596	413.39  
767.993	415.72  
768.39	399.42   
768.787	425.03  
769.183	462.28  
769.58	429.69   
769.977	390.11  
770.373	380.8   
770.769	478.58  
771.166	413.39  
771.562	480.91  
771.958	380.8   
772.354	413.39  
772.75	359.84   
773.146	401.75  
773.542	459.95  
773.938	487.89  
774.334	397.09  
774.73	441.33   
775.126	341.22  
775.521	355.19  
775.917	378.47  
776.312	394.77  
776.708	411.06  
777.103	376.14  
777.499	401.75  
777.894	390.11  
778.289	411.06  
778.684	415.72  
779.079	443.66  
779.474	406.41  
779.869	385.45  
780.264	341.22  
780.659	487.89  
781.054	371.48  
781.448	390.11  
781.843	411.06  
782.238	427.36  
782.632	429.69  
783.027	366.83  
783.421	464.61  
783.815	317.94  
784.21	441.33   
784.604	327.25  
784.998	364.5   
785.392	445.99  
785.786	383.13  
786.18	425.03   
786.574	355.19  
786.968	387.78  
787.361	459.95  
787.755	378.47  
788.149	357.52  
788.542	364.5   
788.936	418.05  
789.329	336.56  
789.722	376.14  
790.116	406.41  
790.509	415.72  
790.902	464.61  
791.295	420.38  
791.688	425.03  
792.081	390.11  
792.474	371.48  
792.867	399.42  
793.26	411.06   
793.653	408.74  
794.045	376.14  
794.438	380.8   
794.83	385.45   
795.223	392.44  
795.615	432.02  
796.008	439     
796.4	422.7     
796.792	364.5   
797.184	397.09  
797.576	378.47  
797.968	452.97  
798.36	415.72   
798.752	369.16  
799.144	404.08  
799.536	366.83  
799.928	432.02  
800.319	324.92  
800.711	399.42  
801.102	373.81  
801.494	331.91  
801.885	383.13  
802.276	390.11  
802.668	329.58  
803.059	299.31  
803.45	394.77   
803.841	406.41  
804.232	413.39  
804.623	397.09  
805.014	415.72  
805.405	425.03  
805.795	376.14  
806.186	336.56  
806.577	432.02  
806.967	408.74  
807.358	390.11  
807.748	373.81  
808.139	439     
808.529	383.13  
808.919	459.95  
809.309	394.77  
809.699	434.34  
810.089	434.34  
810.479	411.06  
810.869	392.44  
811.259	476.25  
811.649	427.36  
812.039	366.83  
812.428	392.44  
812.818	425.03  
813.207	392.44  
813.597	418.05  
813.986	392.44  
814.376	485.56  
814.765	366.83  
815.154	383.13  
815.543	348.2   
815.932	364.5   
816.321	443.66  
816.71	401.75   
817.099	420.38  
817.488	397.09  
817.877	369.16  
818.265	376.14  
818.654	411.06  
819.043	322.59  
819.431	385.45  
819.819	357.52  
820.208	401.75  
820.596	462.28  
820.984	362.17  
821.372	443.66  
821.761	434.34  
822.149	504.19  
822.537	376.14  
822.924	445.99  
823.312	422.7   
823.7	380.8     
824.088	387.78  
824.475	397.09  
824.863	450.64  
825.251	350.53  
825.638	408.74  
826.025	418.05  
826.413	320.27  
826.8	415.72    
827.187	459.95  
827.574	399.42  
827.961	324.92  
828.348	406.41  
828.735	394.77  
829.122	429.69  
829.509	376.14  
829.896	366.83  
830.282	399.42  
830.669	364.5   
831.055	420.38  
831.442	452.97  
831.828	369.16  
832.215	338.89  
832.601	341.22  
832.987	392.44  
833.373	413.39  
833.759	399.42  
834.145	369.16  
834.531	320.27  
834.917	355.19  
835.303	322.59  
835.689	366.83  
836.074	422.7   
836.46	341.22   
836.846	411.06  
837.231	376.14  
837.617	411.06  
838.002	392.44  
838.387	380.8   
838.772	420.38  
839.158	406.41  
839.543	387.78  
839.928	378.47  
840.313	432.02  
840.698	415.72  
841.082	408.74  
841.467	432.02  
841.852	399.42  
842.237	443.66  
842.621	441.33  
843.006	455.3   
843.39	411.06   
843.774	371.48  
844.159	352.86  
844.543	406.41  
844.927	380.8   
845.311	425.03  
845.695	436.67  
846.079	394.77  
846.463	492.55  
846.847	366.83  
847.231	445.99  
847.615	441.33  
847.998	378.47  
848.382	376.14  
848.765	383.13  
849.149	408.74  
849.532	406.41  
849.916	390.11  
850.299	341.22  
850.682	397.09  
851.065	427.36  
851.448	399.42  
851.831	376.14  
852.214	497.2   
852.597	334.23  
852.98	450.64   
853.363	399.42  
853.745	341.22  
854.128	397.09  
854.51	432.02   
854.893	359.84  
855.275	320.27  
855.658	404.08  
856.04	394.77   
856.422	299.31  
856.804	450.64  
857.186	415.72  
857.568	387.78  
857.95	327.25   
858.332	383.13  
858.714	359.84  
859.096	408.74  
859.477	408.74  
859.859	397.09  
860.24	383.13   
860.622	376.14  
861.003	362.17  
861.385	408.74  
861.766	459.95  
862.147	378.47  
862.528	364.5   
862.909	432.02  
863.29	390.11   
863.671	420.38  
864.052	418.05  
864.433	392.44  
864.814	397.09  
865.194	399.42  
865.575	401.75  
865.955	469.27  
866.336	471.6   
866.716	469.27  
867.097	362.17  
867.477	364.5   
867.857	383.13  
868.237	399.42  
868.617	364.5   
868.997	441.33  
869.377	397.09  
869.757	364.5   
870.137	306.3   
870.517	406.41  
870.896	327.25  
871.276	380.8   
871.655	350.53  
872.035	418.05  
872.414	394.77  
872.794	373.81  
873.173	329.58  
873.552	427.36  
873.931	380.8   
874.31	355.19   
874.689	387.78  
875.068	443.66  
875.447	385.45  
875.826	376.14  
876.205	359.84  
876.583	324.92  
876.962	352.86  
877.341	434.34  
877.719	452.97  
878.097	436.67  
878.476	441.33  
878.854	390.11  
879.232	380.8   
879.61	380.8    
879.988	408.74  
880.366	439     
880.744	459.95  
881.122	441.33  
881.5	385.45    
881.878	404.08  
882.255	364.5   
882.633	443.66  
883.011	397.09  
883.388	415.72  
883.765	397.09  
884.143	401.75  
884.52	418.05   
884.897	394.77  
885.274	404.08  
885.651	399.42  
886.028	462.28  
886.405	418.05  
886.782	411.06  
887.159	359.84  
887.536	408.74  
887.912	394.77  
888.289	390.11  
888.665	448.31  
889.042	432.02  
889.418	441.33  
889.794	341.22  
890.171	399.42  
890.547	341.22  
890.923	355.19  
891.299	429.69  
891.675	394.77  
892.051	418.05  
892.427	441.33  
892.803	387.78  
893.178	420.38  
893.554	350.53  
893.929	380.8   
894.305	373.81  
894.68	450.64   
895.056	439     
895.431	371.48  
895.806	343.55  
896.181	434.34  
896.557	378.47  
896.932	355.19  
897.307	427.36  
897.681	338.89  
898.056	469.27  
898.431	357.52  
898.806	401.75  
899.18	459.95   
899.555	401.75  
899.929	383.13  
900.304	373.81  
900.678	359.84  
901.052	411.06  
901.427	364.5   
901.801	373.81  
902.175	462.28  
902.549	380.8   
902.923	392.44  
903.297	429.69  
903.67	373.81   
904.044	357.52  
904.418	292.33  
904.791	415.72  
905.165	383.13  
905.538	397.09  
905.912	401.75  
906.285	415.72  
906.658	413.39  
907.032	369.16  
907.405	380.8   
907.778	341.22  
908.151	445.99  
908.524	425.03  
908.896	357.52  
909.269	408.74  
909.642	390.11  
910.015	441.33  
910.387	404.08  
910.76	355.19   
911.132	455.3   
911.504	432.02  
911.877	392.44  
912.249	387.78  
912.621	434.34  
912.993	404.08  
913.365	406.41  
913.737	411.06  
914.109	366.83  
914.481	376.14  
914.853	466.94  
915.224	357.52  
915.596	369.16  
915.968	448.31  
916.339	425.03  
916.71	434.34   
917.082	411.06  
917.453	371.48  
917.824	350.53  
918.195	418.05  
918.566	450.64  
918.937	411.06  
919.308	469.27  
919.679	408.74  
920.05	473.92   
920.421	415.72  
920.791	420.38  
921.162	397.09  
921.532	418.05  
921.903	422.7   
922.273	371.48  
922.644	392.44  
923.014	399.42  
923.384	371.48  
923.754	327.25  
924.124	483.24  
924.494	411.06  
924.864	418.05  
925.234	445.99  
925.604	359.84  
925.973	408.74  
926.343	392.44  
926.712	432.02  
927.082	394.77  
927.451	413.39  
927.821	385.45  
928.19	336.56   
928.559	392.44  
928.928	401.75  
929.297	406.41  
929.666	406.41  
930.035	406.41  
930.404	378.47  
930.773	364.5   
931.142	338.89  
931.51	362.17   
931.879	408.74  
932.247	362.17  
932.616	466.94  
932.984	327.25  
933.353	464.61  
933.721	357.52  
934.089	418.05  
934.457	383.13  
934.825	392.44  
935.193	413.39  
935.561	443.66  
935.929	352.86  
936.296	322.59  
936.664	415.72  
937.032	397.09  
937.399	459.95  
937.767	441.33  
938.134	441.33  
938.501	371.48  
938.869	357.52  
939.236	355.19  
939.603	406.41  
939.97	383.13   
940.337	385.45  
940.704	401.75  
941.071	364.5   
941.438	408.74  
941.804	387.78  
942.171	364.5   
942.538	345.88  
942.904	452.97  
943.27	432.02   
943.637	404.08  
944.003	392.44  
944.369	345.88  
944.735	380.8   
945.102	387.78  
945.468	373.81  
945.833	383.13  
946.199	383.13  
946.565	404.08  
946.931	418.05  
947.296	341.22  
947.662	434.34  
948.028	425.03  
948.393	425.03  
948.758	432.02  
949.124	352.86  
949.489	404.08  
949.854	310.95  
950.219	380.8   
950.584	392.44  
950.949	436.67  
951.314	369.16  
951.679	425.03  
952.044	357.52  
952.408	397.09  
952.773	366.83  
953.137	376.14  
953.502	352.86  
953.866	355.19  
954.231	366.83  
954.595	443.66  
954.959	383.13  
955.323	459.95  
955.687	355.19  
956.051	425.03  
956.415	371.48  
956.779	373.81  
957.143	434.34  
957.506	401.75  
957.87	362.17   
958.234	390.11  
958.597	350.53  
958.961	404.08  
959.324	406.41  
959.687	357.52  
960.05	404.08   
960.413	352.86  
960.776	392.44  
961.139	352.86  
961.502	350.53  
961.865	369.16  
962.228	436.67  
962.591	387.78  
962.953	455.3   
963.316	362.17  
963.678	394.77  
964.041	422.7   
964.403	422.7   
964.765	418.05  
965.128	334.23  
965.49	336.56   
965.852	420.38  
966.214	331.91  
966.576	413.39  
966.938	432.02  
967.299	387.78  
967.661	494.88  
968.023	352.86  
968.384	378.47  
968.746	331.91  
969.107	394.77  
969.469	397.09  
969.83	404.08   
970.191	343.55  
970.552	362.17  
970.913	397.09  
971.274	296.98  
971.635	345.88  
971.996	376.14  
972.357	413.39  
972.718	357.52  
973.078	366.83  
973.439	415.72  
973.8	411.06    
974.16	425.03   
974.52	369.16   
974.881	425.03  
975.241	408.74  
975.601	359.84  
975.961	441.33  
976.321	362.17  
976.681	357.52  
977.041	366.83  
977.401	390.11  
977.76	355.19   
978.12	404.08   
978.48	406.41   
978.839	336.56  
979.199	380.8   
979.558	355.19  
979.917	345.88  
980.277	329.58  
980.636	406.41  
980.995	427.36  
981.354	411.06  
981.713	397.09  
982.072	392.44  
982.43	352.86   
982.789	404.08  
983.148	425.03  
983.506	390.11  
983.865	336.56  
984.223	436.67  
984.582	411.06  
984.94	352.86   
985.298	380.8   
985.656	434.34  
986.015	343.55  
986.373	378.47  
986.731	278.36  
987.088	413.39  
987.446	394.77  
987.804	380.8   
988.162	366.83  
988.519	376.14  
988.877	420.38  
989.234	397.09  
989.591	473.92  
989.949	411.06  
990.306	345.88  
990.663	401.75  
991.02	320.27   
991.377	427.36  
991.734	387.78  
992.091	397.09  
992.448	392.44  
992.805	383.13  
993.161	390.11  
993.518	413.39  
993.874	362.17  
994.231	397.09  
994.587	397.09  
994.943	376.14  
995.3	429.69    
995.656	408.74  
996.012	436.67  
996.368	390.11  
996.724	345.88  
997.08	439      
997.435	459.95  
997.791	455.3   
998.147	394.77  
998.502	373.81  
998.858	359.84  
999.213	383.13  
999.569	413.39  
999.924	411.06  
1000.279	457.63 
1000.634	357.52 
1000.989	415.72 
1001.344	387.78 
1001.699	476.25 
1002.054	397.09 
1002.409	448.31 
1002.764	432.02 
1003.118	404.08 
1003.473	359.84 
1003.827	413.39 
1004.182	420.38 
1004.536	345.88 
1004.89	429.69  
1005.245	366.83 
1005.599	383.13 
1005.953	406.41 
1006.307	397.09 
1006.661	350.53 
1007.015	359.84 
1007.368	387.78 
1007.722	320.27 
1008.076	352.86 
1008.429	390.11 
1008.783	441.33 
1009.136	413.39 
1009.489	387.78 
1009.843	371.48 
1010.196	478.58 
1010.549	369.16 
1010.902	401.75 
1011.255	394.77 
1011.608	445.99 
1011.961	406.41 
1012.313	459.95 
1012.666	387.78 
1013.019	369.16 
1013.371	408.74 
1013.724	487.89 
1014.076	411.06 
1014.428	385.45 
1014.781	399.42 
1015.133	352.86 
1015.485	401.75 
1015.837	350.53 
1016.189	378.47 
1016.541	390.11 
1016.893	422.7  
1017.244	462.28 
1017.596	376.14 
1017.947	371.48 
1018.299	427.36 
1018.65	383.13  
1019.002	352.86 
1019.353	480.91 
1019.704	376.14 
1020.055	408.74 
1020.407	378.47 
1020.758	408.74 
1021.108	366.83 
1021.459	383.13 
1021.81	376.14  
1022.161	394.77 
1022.511	404.08 
1022.862	392.44 
1023.213	378.47 
1023.563	462.28 
1023.913	406.41 
1024.264	364.5  
1024.614	392.44 
1024.964	343.55 
1025.314	422.7  
1025.664	404.08 
1026.014	387.78 
1026.364	378.47 
1026.713	343.55 
1027.063	369.16 
1027.413	434.34 
1027.762	380.8  
1028.112	408.74 
1028.461	394.77 
1028.81	385.45  
1029.16	404.08  
1029.509	422.7  
1029.858	324.92 
1030.207	331.91 
1030.556	387.78 
1030.905	336.56 
1031.254	373.81 
1031.602	338.89 
1031.951	310.95 
1032.3	422.7    
1032.648	415.72 
1032.996	415.72 
1033.345	415.72 