187.879	-144.2  
188.346	-144.2  
188.813	-144.2  
189.28	-90.65   
189.747	-60.39  
190.214	-118.59 
190.681	-53.4   
191.148	-174.47 
191.614	-13.82  
192.081	-99.96  
192.548	0.15    
193.014	-60.39  
193.481	23.43   
193.948	-72.03  
194.414	60.68   
194.881	79.3    
195.347	21.1    
195.813	67.66   
196.28	107.24   
196.746	100.26  
197.212	132.85  
197.678	97.93   
198.145	144.49  
198.611	212.01  
199.077	309.79  
199.543	307.46  
200.009	212.01  
200.475	263.23  
200.941	342.38  
201.407	400.59  
201.873	391.27  
202.338	333.07  
202.804	367.99  
203.27	379.63   
203.735	400.59  
204.201	321.43  
204.667	407.57  
205.132	361.01  
205.598	407.57  
206.063	409.9   
206.529	398.26  
206.994	374.98  
207.459	361.01  
207.925	435.51  
208.39	451.81   
208.855	374.98  
209.32	335.4    
209.785	458.79  
210.25	426.2    
210.715	407.57  
211.18	391.27   
211.645	400.59  
212.11	395.93   
212.575	388.95  
213.04	384.29   
213.504	344.71  
213.969	372.65  
214.434	407.57  
214.899	398.26  
215.363	400.59  
215.828	367.99  
216.292	354.02  
216.757	407.57  
217.221	402.91  
217.685	437.84  
218.15	388.95   
218.614	372.65  
219.078	393.6   
219.542	316.77  
220.007	326.09  
220.471	440.17  
220.935	419.21  
221.399	358.68  
221.863	354.02  
222.327	302.8   
222.791	372.65  
223.254	358.68  
223.718	412.23  
224.182	363.34  
224.646	384.29  
225.109	391.27  
225.573	286.51  
226.037	405.24  
226.5	335.4     
226.964	372.65  
227.427	391.27  
227.89	333.07   
228.354	323.76  
228.817	340.05  
229.28	284.18   
229.744	354.02  
230.207	388.95  
230.67	398.26   
231.133	305.13  
231.596	402.91  
232.059	330.74  
232.522	402.91  
232.985	412.23  
233.448	337.73  
233.911	288.84  
234.374	388.95  
234.836	354.02  
235.299	405.24  
235.762	363.34  
236.224	335.4   
236.687	323.76  
237.149	326.09  
237.612	365.66  
238.074	437.84  
238.537	335.4   
238.999	374.98  
239.461	312.12  
239.924	381.96  
240.386	284.18  
240.848	377.31  
241.31	372.65   
241.772	412.23  
242.234	386.62  
242.696	347.04  
243.158	379.63  
243.62	372.65   
244.082	395.93  
244.544	421.54  
245.006	377.31  
245.468	356.35  
245.929	447.15  
246.391	398.26  
246.852	349.37  
247.314	361.01  
247.776	395.93  
248.237	400.59  
248.698	398.26  
249.16	407.57   
249.621	347.04  
250.082	361.01  
250.544	447.15  
251.005	277.19  
251.466	351.7   
251.927	400.59  
252.388	407.57  
252.849	340.05  
253.31	421.54   
253.771	430.85  
254.232	409.9   
254.693	412.23  
255.154	356.35  
255.615	419.21  
256.075	442.49  
256.536	470.43  
256.997	363.34  
257.457	409.9   
257.918	405.24  
258.378	440.17  
258.839	388.95  
259.299	395.93  
259.759	414.56  
260.22	472.76   
260.68	400.59   
261.14	374.98   
261.6	398.26    
262.06	416.88   
262.521	370.32  
262.981	405.24  
263.441	423.87  
263.901	337.73  
264.36	374.98   
264.82	370.32   
265.28	351.7    
265.74	454.13   
266.2	400.59    
266.659	326.09  
267.119	379.63  
267.579	440.17  
268.038	463.45  
268.498	358.68  
268.957	344.71  
269.416	351.7   
269.876	419.21  
270.335	351.7   
270.794	412.23  
271.254	372.65  
271.713	407.57  
272.172	400.59  
272.631	421.54  
273.09	395.93   
273.549	367.99  
274.008	374.98  
274.467	372.65  
274.926	423.87  
275.385	402.91  
275.843	365.66  
276.302	354.02  
276.761	419.21  
277.22	528.63   
277.678	423.87  
278.137	372.65  
278.595	423.87  
279.054	433.18  
279.512	407.57  
279.97	440.17   
280.429	400.59  
280.887	356.35  
281.345	435.51  
281.803	426.2   
282.262	386.62  
282.72	414.56   
283.178	349.37  
283.636	365.66  
284.094	361.01  
284.552	412.23  
285.01	444.82   
285.467	416.88  
285.925	367.99  
286.383	393.6   
286.841	395.93  
287.298	402.91  
287.756	319.1   
288.213	426.2   
288.671	358.68  
289.128	398.26  
289.586	391.27  
290.043	419.21  
290.5	347.04    
290.958	347.04  
291.415	393.6   
291.872	391.27  
292.329	335.4   
292.786	414.56  
293.243	386.62  
293.7	335.4     
294.157	461.12  
294.614	400.59  
295.071	412.23  
295.528	379.63  
295.985	391.27  
296.441	337.73  
296.898	451.81  
297.355	428.52  
297.811	398.26  
298.268	414.56  
298.724	372.65  
299.181	384.29  
299.637	419.21  
300.094	374.98  
300.55	374.98   
301.006	386.62  
301.462	423.87  
301.919	451.81  
302.375	433.18  
302.831	419.21  
303.287	421.54  
303.743	351.7   
304.199	463.45  
304.655	468.1   
305.11	395.93   
305.566	470.43  
306.022	342.38  
306.478	454.13  
306.933	377.31  
307.389	407.57  
307.845	440.17  
308.3	435.51    
308.756	398.26  
309.211	356.35  
309.666	393.6   
310.122	451.81  
310.577	361.01  
311.032	468.1   
311.487	419.21  
311.943	381.96  
312.398	370.32  
312.853	458.79  
313.308	409.9   
313.763	405.24  
314.218	428.52  
314.672	388.95  
315.127	489.06  
315.582	367.99  
316.037	384.29  
316.492	451.81  
316.946	472.76  
317.401	454.13  
317.855	374.98  
318.31	395.93   
318.764	407.57  
319.219	416.88  
319.673	393.6   
320.127	386.62  
320.582	430.85  
321.036	444.82  
321.49	402.91   
321.944	409.9   
322.398	458.79  
322.852	395.93  
323.306	398.26  
323.76	423.87   
324.214	498.37  
324.668	428.52  
325.122	416.88  
325.575	374.98  
326.029	421.54  
326.483	500.7   
326.936	451.81  
327.39	412.23   
327.843	409.9   
328.297	377.31  
328.75	435.51   
329.204	430.85  
329.657	437.84  
330.11	414.56   
330.564	421.54  
331.017	430.85  
331.47	391.27   
331.923	423.87  
332.376	458.79  
332.829	409.9   
333.282	391.27  
333.735	437.84  
334.188	416.88  
334.641	372.65  
335.093	367.99  
335.546	428.52  
335.999	470.43  
336.451	435.51  
336.904	381.96  
337.356	398.26  
337.809	475.09  
338.261	444.82  
338.714	430.85  
339.166	358.68  
339.618	458.79  
340.07	414.56   
340.523	444.82  
340.975	461.12  
341.427	430.85  
341.879	409.9   
342.331	454.13  
342.783	426.2   
343.235	384.29  
343.687	386.62  
344.138	475.09  
344.59	407.57   
345.042	402.91  
345.494	354.02  
345.945	402.91  
346.397	386.62  
346.848	370.32  
347.3	442.49    
347.751	437.84  
348.203	381.96  
348.654	449.48  
349.105	412.23  
349.556	430.85  
350.008	475.09  
350.459	395.93  
350.91	363.34   
351.361	391.27  
351.812	428.52  
352.263	405.24  
352.714	449.48  
353.165	377.31  
353.615	377.31  
354.066	335.4   
354.517	402.91  
354.968	447.15  
355.418	398.26  
355.869	365.66  
356.319	493.71  
356.77	409.9    
357.22	456.46   
357.671	393.6   
358.121	447.15  
358.571	456.46  
359.021	405.24  
359.472	461.12  
359.922	498.37  
360.372	400.59  
360.822	395.93  
361.272	435.51  
361.722	384.29  
362.172	412.23  
362.622	451.81  
363.071	365.66  
363.521	361.01  
363.971	451.81  
364.42	391.27   
364.87	402.91   
365.32	437.84   
365.769	398.26  
366.219	472.76  
366.668	372.65  
367.117	405.24  
367.567	433.18  
368.016	351.7   
368.465	426.2   
368.914	335.4   
369.363	505.35  
369.812	421.54  
370.261	430.85  
370.71	472.76   
371.159	423.87  
371.608	563.56  
372.057	465.77  
372.506	349.37  
372.955	472.76  
373.403	393.6   
373.852	370.32  
374.301	386.62  
374.749	449.48  
375.198	412.23  
375.646	475.09  
376.094	384.29  
376.543	361.01  
376.991	442.49  
377.439	423.87  
377.887	428.52  
378.336	433.18  
378.784	374.98  
379.232	356.35  
379.68	449.48   
380.128	330.74  
380.576	384.29  
381.023	400.59  
381.471	447.15  
381.919	335.4   
382.367	407.57  
382.814	451.81  
383.262	414.56  
383.71	377.31   
384.157	461.12  
384.605	379.63  
385.052	374.98  
385.499	319.1   
385.947	426.2   
386.394	486.73  
386.841	440.17  
387.288	400.59  
387.735	363.34  
388.182	370.32  
388.63	391.27   
389.076	433.18  
389.523	456.46  
389.97	437.84   
390.417	500.7   
390.864	479.74  
391.311	402.91  
391.757	442.49  
392.204	465.77  
392.651	458.79  
393.097	412.23  
393.544	414.56  
393.99	426.2    
394.436	433.18  
394.883	437.84  
395.329	428.52  
395.775	407.57  
396.221	454.13  
396.668	370.32  
397.114	475.09  
397.56	405.24   
398.006	468.1   
398.452	435.51  
398.897	468.1   
399.343	437.84  
399.789	426.2   
400.235	442.49  
400.681	402.91  
401.126	405.24  
401.572	423.87  
402.017	402.91  
402.463	398.26  
402.908	400.59  
403.354	412.23  
403.799	412.23  
404.244	344.71  
404.689	449.48  
405.135	447.15  
405.58	433.18   
406.025	363.34  
406.47	400.59   
406.915	409.9   
407.36	414.56   
407.805	421.54  
408.25	437.84   
408.694	447.15  
409.139	340.05  
409.584	416.88  
410.029	372.65  
410.473	367.99  
410.918	377.31  
411.362	416.88  
411.807	342.38  
412.251	423.87  
412.695	440.17  
413.14	426.2    
413.584	365.66  
414.028	379.63  
414.472	398.26  
414.916	405.24  
415.36	319.1    
415.804	442.49  
416.248	482.07  
416.692	393.6   
417.136	440.17  
417.58	405.24   
418.024	426.2   
418.467	468.1   
418.911	400.59  
419.355	400.59  
419.798	463.45  
420.242	416.88  
420.685	451.81  
421.128	372.65  
421.572	405.24  
422.015	426.2   
422.458	458.79  
422.902	444.82  
423.345	465.77  
423.788	365.66  
424.231	398.26  
424.674	419.21  
425.117	393.6   
425.56	405.24   
426.003	423.87  
426.445	407.57  
426.888	409.9   
427.331	414.56  
427.773	412.23  
428.216	398.26  
428.659	365.66  
429.101	456.46  
429.543	421.54  
429.986	409.9   
430.428	374.98  
430.87	419.21   
431.313	358.68  
431.755	340.05  
432.197	442.49  
432.639	395.93  
433.081	400.59  
433.523	491.38  
433.965	463.45  
434.407	454.13  
434.849	444.82  
435.291	461.12  
435.732	468.1   
436.174	468.1   
436.616	374.98  
437.057	426.2   
437.499	468.1   
437.94	437.84   
438.382	456.46  
438.823	377.31  
439.264	449.48  
439.706	442.49  
440.147	433.18  
440.588	433.18  
441.029	384.29  
441.47	326.09   
441.911	384.29  
442.352	472.76  
442.793	458.79  
443.234	470.43  
443.675	423.87  
444.116	419.21  
444.556	472.76  
444.997	377.31  
445.438	393.6   
445.878	440.17  
446.319	409.9   
446.759	393.6   
447.199	407.57  
447.64	423.87   
448.08	400.59   
448.52	400.59   
448.961	386.62  
449.401	412.23  
449.841	398.26  
450.281	344.71  
450.721	391.27  
451.161	449.48  
451.601	428.52  
452.041	430.85  
452.48	423.87   
452.92	475.09   
453.36	461.12   
453.799	386.62  
454.239	414.56  
454.679	398.26  
455.118	395.93  
455.557	468.1   
455.997	412.23  
456.436	370.32  
456.875	430.85  
457.315	468.1   
457.754	461.12  
458.193	437.84  
458.632	454.13  
459.071	433.18  
459.51	391.27   
459.949	486.73  
460.388	395.93  
460.827	402.91  
461.265	472.76  
461.704	433.18  
462.143	354.02  
462.581	435.51  
463.02	419.21   
463.458	463.45  
463.897	421.54  
464.335	386.62  
464.774	463.45  
465.212	363.34  
465.65	374.98   
466.088	321.43  
466.527	361.01  
466.965	398.26  
467.403	349.37  
467.841	330.74  
468.279	412.23  
468.716	426.2   
469.154	407.57  
469.592	402.91  
470.03	370.32   
470.467	451.81  
470.905	365.66  
471.343	454.13  
471.78	377.31   
472.218	463.45  
472.655	421.54  
473.092	465.77  
473.53	421.54   
473.967	496.04  
474.404	454.13  
474.841	433.18  
475.278	484.4   
475.716	405.24  
476.153	428.52  
476.589	440.17  
477.026	426.2   
477.463	386.62  
477.9	365.66    
478.337	386.62  
478.773	405.24  
479.21	435.51   
479.647	482.07  
480.083	405.24  
480.52	398.26   
480.956	426.2   
481.392	407.57  
481.829	384.29  
482.265	440.17  
482.701	449.48  
483.137	430.85  
483.574	398.26  
484.01	456.46   
484.446	428.52  
484.882	405.24  
485.317	507.68  
485.753	421.54  
486.189	423.87  
486.625	386.62  
487.061	402.91  
487.496	463.45  
487.932	414.56  
488.367	426.2   
488.803	458.79  
489.238	386.62  
489.674	444.82  
490.109	426.2   
490.544	398.26  
490.979	461.12  
491.415	430.85  
491.85	374.98   
492.285	328.41  
492.72	435.51   
493.155	393.6   
493.59	405.24   
494.024	414.56  
494.459	414.56  
494.894	384.29  
495.329	386.62  
495.763	426.2   
496.198	333.07  
496.632	444.82  
497.067	451.81  
497.501	370.32  
497.936	393.6   
498.37	402.91   
498.804	482.07  
499.238	398.26  
499.673	440.17  
500.107	433.18  
500.541	395.93  
500.975	412.23  
501.409	384.29  
501.843	381.96  
502.277	402.91  
502.71	379.63   
503.144	428.52  
503.578	377.31  
504.011	372.65  
504.445	409.9   
504.878	407.57  
505.312	414.56  
505.745	384.29  
506.179	433.18  
506.612	386.62  
507.045	416.88  
507.479	449.48  
507.912	400.59  
508.345	416.88  
508.778	402.91  
509.211	398.26  
509.644	367.99  
510.077	405.24  
510.509	407.57  
510.942	437.84  
511.375	468.1   
511.808	426.2   
512.24	477.42   
512.673	398.26  
513.105	363.34  
513.538	465.77  
513.97	388.95   
514.403	442.49  
514.835	421.54  
515.267	470.43  
515.699	377.31  
516.131	379.63  
516.564	458.79  
516.996	447.15  
517.428	468.1   
517.859	472.76  
518.291	444.82  
518.723	456.46  
519.155	442.49  
519.587	428.52  
520.018	463.45  
520.45	458.79   
520.881	447.15  
521.313	435.51  
521.744	451.81  
522.176	421.54  
522.607	372.65  
523.038	433.18  
523.47	482.07   
523.901	365.66  
524.332	386.62  
524.763	489.06  
525.194	463.45  
525.625	356.35  
526.056	447.15  
526.487	430.85  
526.917	356.35  
527.348	402.91  
527.779	447.15  
528.21	414.56   
528.64	423.87   
529.071	437.84  
529.501	400.59  
529.932	437.84  
530.362	528.63  
530.792	472.76  
531.222	391.27  
531.653	498.37  
532.083	456.46  
532.513	379.63  
532.943	449.48  
533.373	414.56  
533.803	463.45  
534.233	349.37  
534.663	412.23  
535.092	456.46  
535.522	468.1   
535.952	486.73  
536.381	398.26  
536.811	442.49  
537.24	442.49   
537.67	372.65   
538.099	409.9   
538.529	379.63  
538.958	384.29  
539.387	412.23  
539.816	456.46  
540.245	400.59  
540.674	416.88  
541.103	414.56  
541.532	391.27  
541.961	465.77  
542.39	419.21   
542.819	412.23  
543.248	472.76  
543.676	372.65  
544.105	428.52  
544.534	344.71  
544.962	409.9   
545.391	435.51  
545.819	447.15  
546.247	419.21  
546.676	437.84  
547.104	437.84  
547.532	384.29  
547.96	451.81   
548.388	442.49  
548.816	451.81  
549.244	447.15  
549.672	358.68  
550.1	505.35    
550.528	402.91  
550.956	407.57  
551.383	475.09  
551.811	458.79  
552.238	405.24  
552.666	409.9   
553.094	370.32  
553.521	395.93  
553.948	447.15  
554.376	398.26  
554.803	484.4   
555.23	379.63   
555.657	463.45  
556.084	447.15  
556.511	407.57  
556.938	377.31  
557.365	430.85  
557.792	486.73  
558.219	419.21  
558.646	421.54  
559.072	435.51  
559.499	484.4   
559.926	479.74  
560.352	433.18  
560.779	405.24  
561.205	416.88  
561.632	470.43  
562.058	472.76  
562.484	374.98  
562.91	435.51   
563.337	407.57  
563.763	407.57  
564.189	514.67  
564.615	428.52  
565.041	454.13  
565.466	444.82  
565.892	463.45  
566.318	442.49  
566.744	414.56  
567.169	477.42  
567.595	533.29  
568.021	454.13  
568.446	505.35  
568.872	435.51  
569.297	475.09  
569.722	470.43  
570.148	496.04  
570.573	489.06  
570.998	519.32  
571.423	405.24  
571.848	458.79  
572.273	544.93  
572.698	528.63  
573.123	486.73  
573.548	496.04  
573.973	521.65  
574.397	463.45  
574.822	496.04  
575.247	568.21  
575.671	516.99  
576.096	544.93  
576.52	598.48   
576.944	624.09  
577.369	600.81  
577.793	528.63  
578.217	645.04  
578.641	530.96  
579.065	586.84  
579.49	514.67   
579.914	626.42  
580.337	600.81  
580.761	614.78  
581.185	624.09  
581.609	675.31  
582.033	666     
582.456	659.01  
582.88	726.53   
583.303	679.96  
583.727	766.11  
584.15	733.51   
584.574	659.01  
584.997	815     
585.42	791.72   
585.844	824.31  
586.267	831.29  
586.69	891.83   
587.113	859.23  
587.536	852.25  
587.959	887.17  
588.382	977.97  
588.804	919.76  
589.227	880.18  
589.65	1036.17  
590.073	973.31  
590.495	1075.75 
590.918	1106.02 
591.34	1064.11  
591.763	1192.16 
592.185	1241.05 
592.607	1175.86 
593.03	1222.42  
593.452	1238.72 
593.874	1369.1  
594.296	1331.85 
594.718	1434.28 
595.14	1476.19  
595.562	1546.03 
595.984	1583.29 
596.406	1648.47 
596.827	1816.1  
597.249	1706.68 
597.671	1839.38 
598.092	1839.38 
598.514	1844.04 
598.935	1904.57 
599.357	2072.2  
599.778	2139.71 
600.199	2302.68 
600.621	2430.73 
601.042	2535.5  
601.463	2740.37 
601.884	2670.53 
602.305	2724.08 
602.726	2705.45 
603.147	2873.08 
603.568	2863.77 
603.988	2931.28 
604.409	3159.44 
604.83	3285.16  
605.25	3303.79  
605.671	3671.63 
606.092	3834.6  
606.512	4093.03 
606.932	4249.01 
607.353	4267.64 
607.773	4474.84 
608.193	4346.8  
608.613	4421.3  
609.034	4572.63 
609.454	4656.44 
609.874	4900.89 
610.293	5143.02 
610.713	5212.87 
611.133	5755.32 
611.553	6137.14 
611.973	6509.64 
612.392	6821.62 
612.812	7419.95 
613.231	7529.37 
613.651	7636.47 
614.07	7575.93  
614.49	7913.52  
614.909	7960.08 
615.328	8192.89 
615.747	8656.19 
616.167	9124.15 
616.586	9613.06 
617.005	10660.73
617.424	11643.21
617.843	12127.46
618.261	13095.97
618.68	13624.46 
619.099	13794.41
619.518	14243.75
619.936	13969.03
620.355	14327.56
620.773	14439.31
621.192	14620.91
621.61	15275.12 
622.029	16222.67
622.447	17091.07
622.865	18543.83
623.283	20045.49
623.701	21740.38
624.119	22350.35
624.537	23053.45
624.955	23547.02
625.373	23754.23
625.791	23395.69
626.209	22951.02
626.627	22846.25
627.044	23148.91
627.462	23293.25
627.879	24012.65
628.297	25449.12
628.714	26960.08
629.132	28503.64
629.549	30489.55
629.966	31790.99
630.383	33113.38
630.8	33739.65  
631.217	33322.91
631.634	32924.8 
632.051	31967.93
632.468	31199.64
632.885	29809.74
633.302	28436.13
633.719	27618.95
634.135	27265.07
634.552	27118.4 
634.969	27202.21
635.385	26585.25
635.801	27223.16
636.218	27074.16
636.634	26373.39
637.05	25209.32 
637.467	23726.29
637.883	22057.01
638.299	20054.8 
638.715	18215.56
639.131	16380.99
639.547	14814.14
639.963	13435.88
640.378	12080.9 
640.794	11245.09
641.21	10439.56 
641.626	10055.41
642.041	9249.87 
642.457	8721.38 
642.872	8309.3  
643.287	7813.41 
643.703	7117.29 
644.118	6621.39 
644.533	5948.56 
644.948	5191.91 
645.364	4763.53 
645.779	4460.87 
646.194	3971.96 
646.609	3680.95 
647.023	3550.57 
647.438	3206    
647.853	2933.61 
648.268	2917.31 
648.682	2714.76 
649.097	2691.48 
649.511	2500.58 
649.926	2370.2  
650.34	2142.04  
650.755	2051.24 
651.169	1806.79 
651.583	1678.74 
651.997	1594.93 
652.411	1541.38 
652.825	1443.6  
653.239	1289.94 
653.653	1266.66 
654.067	1192.16 
654.481	1175.86 
654.895	1164.22 
655.309	1040.83 
655.722	1061.78 
656.136	1001.25 
656.549	875.53  
656.963	936.06  
657.376	854.58  
657.79	810.34   
658.203	808.01  
658.616	763.78  
659.029	733.51  
659.442	789.39  
659.855	698.59  
660.268	663.67  
660.681	638.06  
661.094	603.14  
661.507	626.42  
661.92	684.62   
662.333	586.84  
662.745	617.1   
663.158	584.51  
663.57	605.46   
663.983	612.45  
664.395	605.46  
664.808	535.62  
665.22	514.67   
665.632	530.96  
666.044	570.54  
666.456	526.31  
666.868	575.2   
667.28	516.99   
667.692	493.71  
668.104	475.09  
668.516	537.95  
668.928	454.13  
669.34	486.73   
669.751	498.37  
670.163	493.71  
670.574	528.63  
670.986	519.32  
671.397	475.09  
671.809	416.88  
672.22	442.49   
672.631	472.76  
673.042	523.98  
673.453	484.4   
673.864	430.85  
674.275	365.66  
674.686	407.57  
675.097	400.59  
675.508	437.84  
675.919	391.27  
676.33	372.65   
676.74	430.85   
677.151	391.27  
677.561	433.18  
677.972	447.15  
678.382	433.18  
678.792	433.18  
679.203	363.34  
679.613	374.98  
680.023	442.49  
680.433	482.07  
680.843	416.88  
681.253	442.49  
681.663	428.52  
682.073	430.85  
682.483	477.42  
682.893	440.17  
683.302	454.13  
683.712	428.52  
684.122	442.49  
684.531	507.68  
684.94	381.96   
685.35	370.32   
685.759	442.49  
686.168	454.13  
686.578	505.35  
686.987	433.18  
687.396	402.91  
687.805	398.26  
688.214	444.82  
688.623	335.4   
689.032	426.2   
689.44	428.52   
689.849	337.73  
690.258	426.2   
690.666	381.96  
691.075	421.54  
691.484	381.96  
691.892	442.49  
692.3	421.54    
692.709	405.24  
693.117	447.15  
693.525	414.56  
693.933	388.95  
694.341	377.31  
694.749	351.7   
695.157	400.59  
695.565	505.35  
695.973	426.2   
696.381	412.23  
696.788	384.29  
697.196	358.68  
697.604	414.56  
698.011	472.76  
698.419	428.52  
698.826	358.68  
699.234	370.32  
699.641	323.76  
700.048	407.57  
700.455	372.65  
700.862	412.23  
701.269	379.63  
701.676	412.23  
702.083	430.85  
702.49	354.02   
702.897	358.68  
703.304	384.29  
703.71	395.93   
704.117	363.34  
704.524	475.09  
704.93	388.95   
705.337	358.68  
705.743	388.95  
706.149	479.74  
706.556	475.09  
706.962	440.17  
707.368	356.35  
707.774	416.88  
708.18	388.95   
708.586	437.84  
708.992	461.12  
709.398	391.27  
709.804	421.54  
710.209	463.45  
710.615	405.24  
711.021	388.95  
711.426	419.21  
711.832	428.52  
712.237	398.26  
712.642	421.54  
713.048	393.6   
713.453	321.43  
713.858	377.31  
714.263	421.54  
714.668	437.84  
715.073	479.74  
715.478	430.85  
715.883	440.17  
716.288	456.46  
716.693	428.52  
717.097	430.85  
717.502	386.62  
717.906	433.18  
718.311	354.02  
718.715	405.24  
719.12	377.31   
719.524	347.04  
719.928	356.35  
720.333	391.27  
720.737	384.29  
721.141	444.82  
721.545	423.87  
721.949	367.99  
722.353	405.24  
722.757	475.09  
723.16	361.01   
723.564	393.6   
723.968	454.13  
724.371	388.95  
724.775	414.56  
725.178	402.91  
725.582	433.18  
725.985	454.13  
726.388	430.85  
726.792	402.91  
727.195	312.12  
727.598	416.88  
728.001	361.01  
728.404	442.49  
728.807	400.59  
729.21	430.85   
729.612	361.01  
730.015	393.6   
730.418	412.23  
730.82	437.84   
731.223	414.56  
731.625	374.98  
732.028	405.24  
732.43	354.02   
732.833	354.02  
733.235	416.88  
733.637	419.21  
734.039	402.91  
734.441	423.87  
734.843	414.56  
735.245	379.63  
735.647	456.46  
736.049	470.43  
736.451	412.23  
736.852	440.17  
737.254	351.7   
737.655	484.4   
738.057	412.23  
738.458	414.56  
738.86	470.43   
739.261	379.63  
739.662	419.21  
740.064	363.34  
740.465	407.57  
740.866	402.91  
741.267	440.17  
741.668	423.87  
742.069	377.31  
742.469	379.63  
742.87	442.49   
743.271	395.93  
743.672	402.91  
744.072	393.6   
744.473	477.42  
744.873	398.26  
745.274	430.85  
745.674	423.87  
746.074	414.56  
746.474	405.24  
746.875	482.07  
747.275	377.31  
747.675	365.66  
748.075	430.85  
748.474	374.98  
748.874	430.85  
749.274	370.32  
749.674	414.56  
750.073	395.93  
750.473	433.18  
750.873	391.27  
751.272	449.48  
751.671	416.88  
752.071	379.63  
752.47	402.91   
752.869	409.9   
753.268	409.9   
753.668	384.29  
754.067	342.38  
754.466	400.59  
754.864	442.49  
755.263	400.59  
755.662	414.56  
756.061	444.82  
756.459	400.59  
756.858	402.91  
757.257	475.09  
757.655	426.2   
758.053	374.98  
758.452	400.59  
758.85	400.59   
759.248	423.87  
759.646	477.42  
760.045	437.84  
760.443	423.87  
760.841	447.15  
761.238	407.57  
761.636	400.59  
762.034	391.27  
762.432	361.01  
762.829	391.27  
763.227	388.95  
763.625	447.15  
764.022	363.34  
764.419	384.29  
764.817	433.18  
765.214	435.51  
765.611	409.9   
766.008	400.59  
766.406	409.9   
766.803	463.45  
767.199	491.38  
767.596	381.96  
767.993	447.15  
768.39	367.99   
768.787	491.38  
769.183	426.2   
769.58	405.24   
769.977	363.34  
770.373	365.66  
770.769	435.51  
771.166	379.63  
771.562	435.51  
771.958	400.59  
772.354	409.9   
772.75	398.26   
773.146	319.1   
773.542	421.54  
773.938	400.59  
774.334	405.24  
774.73	402.91   
775.126	409.9   
775.521	409.9   
775.917	391.27  
776.312	454.13  
776.708	419.21  
777.103	395.93  
777.499	400.59  
777.894	381.96  
778.289	472.76  
778.684	326.09  
779.079	374.98  
779.474	386.62  
779.869	372.65  
780.264	356.35  
780.659	428.52  
781.054	381.96  
781.448	463.45  
781.843	395.93  
782.238	470.43  
782.632	428.52  
783.027	372.65  
783.421	407.57  
783.815	361.01  
784.21	393.6    
784.604	349.37  
784.998	465.77  
785.392	388.95  
785.786	449.48  
786.18	456.46   
786.574	370.32  
786.968	395.93  
787.361	398.26  
787.755	386.62  
788.149	442.49  
788.542	426.2   
788.936	435.51  
789.329	374.98  
789.722	407.57  
790.116	356.35  
790.509	421.54  
790.902	430.85  
791.295	428.52  
791.688	421.54  
792.081	386.62  
792.474	391.27  
792.867	395.93  
793.26	395.93   
793.653	372.65  
794.045	421.54  
794.438	475.09  
794.83	444.82   
795.223	398.26  
795.615	428.52  
796.008	400.59  
796.4	442.49    
796.792	416.88  
797.184	388.95  
797.576	451.81  
797.968	400.59  
798.36	407.57   
798.752	393.6   
799.144	398.26  
799.536	477.42  
799.928	451.81  
800.319	491.38  
800.711	503.03  
801.102	454.13  
801.494	419.21  
801.885	435.51  
802.276	444.82  
802.668	475.09  
803.059	449.48  
803.45	419.21   
803.841	374.98  
804.232	416.88  
804.623	419.21  
805.014	489.06  
805.405	456.46  
805.795	363.34  
806.186	491.38  
806.577	400.59  
806.967	407.57  
807.358	428.52  
807.748	437.84  
808.139	421.54  
808.529	447.15  
808.919	426.2   
809.309	461.12  
809.699	423.87  
810.089	400.59  
810.479	428.52  
810.869	426.2   
811.259	472.76  
811.649	356.35  
812.039	391.27  
812.428	395.93  
812.818	468.1   
813.207	454.13  
813.597	381.96  
813.986	428.52  
814.376	416.88  
814.765	423.87  
815.154	426.2   
815.543	428.52  
815.932	456.46  
816.321	463.45  
816.71	412.23   
817.099	435.51  
817.488	521.65  
817.877	419.21  
818.265	458.79  
818.654	409.9   
819.043	393.6   
819.431	377.31  
819.819	419.21  
820.208	461.12  
820.596	381.96  
820.984	367.99  
821.372	351.7   
821.761	456.46  
822.149	505.35  
822.537	423.87  
822.924	388.95  
823.312	468.1   
823.7	409.9     
824.088	456.46  
824.475	477.42  
824.863	361.01  
825.251	451.81  
825.638	400.59  
826.025	381.96  
826.413	395.93  
826.8	430.85    
827.187	426.2   
827.574	395.93  
827.961	391.27  
828.348	407.57  
828.735	372.65  
829.122	412.23  
829.509	365.66  
829.896	442.49  
830.282	444.82  
830.669	419.21  
831.055	340.05  
831.442	391.27  
831.828	454.13  
832.215	393.6   
832.601	409.9   
832.987	388.95  
833.373	391.27  
833.759	412.23  
834.145	386.62  
834.531	344.71  
834.917	454.13  
835.303	395.93  
835.689	456.46  
836.074	463.45  
836.46	349.37   
836.846	407.57  
837.231	468.1   
837.617	442.49  
838.002	430.85  
838.387	486.73  
838.772	458.79  
839.158	377.31  
839.543	482.07  
839.928	428.52  
840.313	503.03  
840.698	298.15  
841.082	454.13  
841.467	416.88  
841.852	442.49  
842.237	433.18  
842.621	526.31  
843.006	426.2   
843.39	440.17   
843.774	426.2   
844.159	426.2   
844.543	500.7   
844.927	388.95  
845.311	400.59  
845.695	449.48  
846.079	444.82  
846.463	402.91  
846.847	435.51  
847.231	400.59  
847.615	372.65  
847.998	374.98  
848.382	386.62  
848.765	468.1   
849.149	381.96  
849.532	437.84  
849.916	381.96  
850.299	477.42  
850.682	340.05  
851.065	367.99  
851.448	423.87  
851.831	372.65  
852.214	451.81  
852.597	463.45  
852.98	374.98   
853.363	426.2   
853.745	316.77  
854.128	393.6   
854.51	388.95   
854.893	405.24  
855.275	402.91  
855.658	456.46  
856.04	489.06   
856.422	430.85  
856.804	440.17  
857.186	451.81  
857.568	433.18  
857.95	393.6    
858.332	414.56  
858.714	349.37  
859.096	477.42  
859.477	458.79  
859.859	372.65  
860.24	533.29   
860.622	398.26  
861.003	442.49  
861.385	405.24  
861.766	451.81  
862.147	465.77  
862.528	388.95  
862.909	379.63  
863.29	365.66   
863.671	426.2   
864.052	363.34  
864.433	388.95  
864.814	444.82  
865.194	423.87  
865.575	379.63  
865.955	437.84  
866.336	398.26  
866.716	482.07  
867.097	472.76  
867.477	426.2   
867.857	409.9   
868.237	365.66  
868.617	435.51  
868.997	486.73  
869.377	421.54  
869.757	354.02  
870.137	442.49  
870.517	402.91  
870.896	470.43  
871.276	414.56  
871.655	358.68  
872.035	351.7   
872.414	437.84  
872.794	412.23  
873.173	407.57  
873.552	365.66  
873.931	416.88  
874.31	437.84   
874.689	470.43  
875.068	398.26  
875.447	419.21  
875.826	398.26  
876.205	409.9   
876.583	458.79  
876.962	426.2   
877.341	340.05  
877.719	379.63  
878.097	391.27  
878.476	428.52  
878.854	444.82  
879.232	505.35  
879.61	398.26   
879.988	381.96  
880.366	367.99  
880.744	430.85  
881.122	493.71  
881.5	472.76    
881.878	377.31  
882.255	430.85  
882.633	465.77  
883.011	372.65  
883.388	426.2   
883.765	407.57  
884.143	470.43  
884.52	419.21   
884.897	423.87  
885.274	435.51  
885.651	402.91  
886.028	496.04  
886.405	503.03  
886.782	365.66  
887.159	407.57  
887.536	367.99  
887.912	381.96  
888.289	372.65  
888.665	447.15  
889.042	421.54  
889.418	426.2   
889.794	367.99  
890.171	484.4   
890.547	433.18  
890.923	381.96  
891.299	356.35  
891.675	347.04  
892.051	484.4   
892.427	412.23  
892.803	409.9   
893.178	451.81  
893.554	386.62  
893.929	433.18  
894.305	437.84  
894.68	381.96   
895.056	351.7   
895.431	421.54  
895.806	356.35  
896.181	461.12  
896.557	419.21  
896.932	440.17  
897.307	414.56  
897.681	409.9   
898.056	421.54  
898.431	340.05  
898.806	386.62  
899.18	458.79   
899.555	405.24  
899.929	447.15  
900.304	361.01  
900.678	388.95  
901.052	433.18  
901.427	347.04  
901.801	335.4   
902.175	449.48  
902.549	347.04  
902.923	402.91  
903.297	442.49  
903.67	442.49   
904.044	377.31  
904.418	405.24  
904.791	451.81  
905.165	416.88  
905.538	388.95  
905.912	426.2   
906.285	388.95  
906.658	426.2   
907.032	337.73  
907.405	435.51  
907.778	398.26  
908.151	393.6   
908.524	523.98  
908.896	423.87  
909.269	458.79  
909.642	393.6   
910.015	428.52  
910.387	409.9   
910.76	388.95   
911.132	470.43  
911.504	428.52  
911.877	419.21  
912.249	447.15  
912.621	388.95  
912.993	388.95  
913.365	433.18  
913.737	414.56  
914.109	386.62  
914.481	379.63  
914.853	407.57  
915.224	374.98  
915.596	426.2   
915.968	388.95  
916.339	379.63  
916.71	384.29   
917.082	386.62  
917.453	407.57  
917.824	463.45  
918.195	337.73  
918.566	442.49  
918.937	486.73  
919.308	486.73  
919.679	435.51  
920.05	400.59   
920.421	328.41  
920.791	419.21  
921.162	381.96  
921.532	402.91  
921.903	451.81  
922.273	442.49  
922.644	405.24  
923.014	423.87  
923.384	381.96  
923.754	454.13  
924.124	370.32  
924.494	421.54  
924.864	402.91  
925.234	470.43  
925.604	351.7   
925.973	393.6   
926.343	409.9   
926.712	451.81  
927.082	440.17  
927.451	333.07  
927.821	461.12  
928.19	433.18   
928.559	388.95  
928.928	409.9   
929.297	388.95  
929.666	379.63  
930.035	384.29  
930.404	374.98  
930.773	363.34  
931.142	351.7   
931.51	412.23   
931.879	451.81  
932.247	330.74  
932.616	386.62  
932.984	356.35  
933.353	358.68  
933.721	384.29  
934.089	351.7   
934.457	356.35  
934.825	367.99  
935.193	379.63  
935.561	381.96  
935.929	416.88  
936.296	326.09  
936.664	295.82  
937.032	356.35  
937.399	367.99  
937.767	370.32  
938.134	442.49  
938.501	421.54  
938.869	381.96  
939.236	328.41  
939.603	500.7   
939.97	393.6    
940.337	395.93  
940.704	335.4   
941.071	419.21  
941.438	416.88  
941.804	400.59  
942.171	440.17  
942.538	456.46  
942.904	447.15  
943.27	398.26   
943.637	395.93  
944.003	386.62  
944.369	391.27  
944.735	381.96  
945.102	309.79  
945.468	421.54  
945.833	398.26  
946.199	428.52  
946.565	409.9   
946.931	298.15  
947.296	428.52  
947.662	412.23  
948.028	461.12  
948.393	409.9   
948.758	400.59  
949.124	367.99  
949.489	367.99  
949.854	426.2   
950.219	377.31  
950.584	381.96  
950.949	398.26  
951.314	393.6   
951.679	468.1   
952.044	374.98  
952.408	409.9   
952.773	412.23  
953.137	428.52  
953.502	423.87  
953.866	381.96  
954.231	377.31  
954.595	395.93  
954.959	344.71  
955.323	351.7   
955.687	414.56  
956.051	412.23  
956.415	416.88  
956.779	433.18  
957.143	426.2   
957.506	440.17  
957.87	381.96   
958.234	398.26  
958.597	430.85  
958.961	379.63  
959.324	400.59  
959.687	423.87  
960.05	374.98   
960.413	414.56  
960.776	398.26  
961.139	498.37  
961.502	374.98  
961.865	367.99  
962.228	393.6   
962.591	370.32  
962.953	370.32  
963.316	405.24  
963.678	398.26  
964.041	423.87  
964.403	388.95  
964.765	379.63  
965.128	430.85  
965.49	402.91   
965.852	384.29  
966.214	426.2   
966.576	416.88  
966.938	400.59  
967.299	391.27  
967.661	381.96  
968.023	440.17  
968.384	468.1   
968.746	386.62  
969.107	381.96  
969.469	326.09  
969.83	433.18   
970.191	381.96  
970.552	421.54  
970.913	358.68  
971.274	391.27  
971.635	379.63  
971.996	461.12  
972.357	358.68  
972.718	361.01  
973.078	400.59  
973.439	440.17  
973.8	319.1     
974.16	374.98   
974.52	430.85   
974.881	423.87  
975.241	363.34  
975.601	372.65  
975.961	433.18  
976.321	377.31  
976.681	365.66  
977.041	386.62  
977.401	377.31  
977.76	407.57   
978.12	388.95   
978.48	395.93   
978.839	388.95  
979.199	416.88  
979.558	402.91  
979.917	379.63  
980.277	384.29  
980.636	407.57  
980.995	449.48  
981.354	354.02  
981.713	384.29  
982.072	442.49  
982.43	361.01   
982.789	475.09  
983.148	377.31  
983.506	386.62  
983.865	398.26  
984.223	430.85  
984.582	367.99  
984.94	444.82   
985.298	388.95  
985.656	412.23  
986.015	405.24  
986.373	370.32  
986.731	361.01  
987.088	388.95  
987.446	428.52  
987.804	379.63  
988.162	440.17  
988.519	402.91  
988.877	347.04  
989.234	451.81  
989.591	356.35  
989.949	391.27  
990.306	391.27  
990.663	414.56  
991.02	407.57   
991.377	405.24  
991.734	409.9   
992.091	400.59  
992.448	454.13  
992.805	351.7   
993.161	365.66  
993.518	372.65  
993.874	386.62  
994.231	388.95  
994.587	421.54  
994.943	386.62  
995.3	400.59    
995.656	342.38  
996.012	356.35  
996.368	386.62  
996.724	430.85  
997.08	456.46   
997.435	454.13  
997.791	340.05  
998.147	430.85  
998.502	437.84  
998.858	354.02  
999.213	440.17  
999.569	384.29  
999.924	363.34  
1000.279	386.62 
1000.634	419.21 
1000.989	349.37 
1001.344	391.27 
1001.699	312.12 
1002.054	412.23 
1002.409	367.99 
1002.764	444.82 
1003.118	400.59 
1003.473	440.17 
1003.827	372.65 
1004.182	402.91 
1004.536	356.35 
1004.89	442.49  
1005.245	414.56 
1005.599	354.02 
1005.953	395.93 
1006.307	391.27 
1006.661	412.23 
1007.015	426.2  
1007.368	386.62 
1007.722	351.7  
1008.076	437.84 
1008.429	442.49 
1008.783	449.48 
1009.136	421.54 
1009.489	440.17 
1009.843	363.34 
1010.196	393.6  
1010.549	395.93 
1010.902	405.24 
1011.255	475.09 
1011.608	381.96 
1011.961	433.18 
1012.313	361.01 
1012.666	421.54 
1013.019	437.84 
1013.371	414.56 
1013.724	379.63 
1014.076	347.04 
1014.428	405.24 
1014.781	433.18 
1015.133	356.35 
1015.485	421.54 
1015.837	354.02 
1016.189	379.63 
1016.541	402.91 
1016.893	433.18 
1017.244	400.59 
1017.596	405.24 
1017.947	435.51 
1018.299	456.46 
1018.65	374.98  
1019.002	377.31 
1019.353	347.04 
1019.704	342.38 
1020.055	381.96 
1020.407	395.93 
1020.758	440.17 
1021.108	405.24 
1021.459	384.29 
1021.81	405.24  
1022.161	388.95 
1022.511	395.93 
1022.862	388.95 
1023.213	428.52 
1023.563	421.54 
1023.913	412.23 
1024.264	361.01 
1024.614	412.23 
1024.964	465.77 
1025.314	381.96 
1025.664	358.68 
1026.014	388.95 
1026.364	400.59 
1026.713	442.49 
1027.063	386.62 
1027.413	430.85 
1027.762	412.23 
1028.112	391.27 
1028.461	384.29 
1028.81	412.23  
1029.16	326.09  
1029.509	326.09 
1029.858	405.24 
1030.207	419.21 
1030.556	414.56 
1030.905	456.46 
1031.254	419.21 
1031.602	393.6  
1031.951	400.59 
1032.3	416.88   
1032.648	340.05 
1032.996	340.05 
1033.345	340.05 