187.879	-0.87   
188.346	-0.87   
188.813	-0.87   
189.28	-77.7    
189.747	-54.42  
190.214	-100.98 
190.681	-49.76  
191.148	-105.64 
191.614	-68.39  
192.081	-42.78  
192.548	-56.75  
193.014	-7.86   
193.481	-54.42  
193.948	-68.39  
194.414	-19.5   
194.881	1.46    
195.347	45.69   
195.813	50.35   
196.28	150.46   
196.746	187.71  
197.212	138.82  
197.678	187.71  
198.145	101.57  
198.611	255.22  
199.077	236.6   
199.543	206.33  
200.009	231.94  
200.475	294.8   
200.941	273.85  
201.407	343.69  
201.873	325.07  
202.338	220.3   
202.804	411.21  
203.27	418.19   
203.735	346.02  
204.201	401.9   
204.667	387.93  
205.132	413.54  
205.598	318.08  
206.063	380.94  
206.529	394.91  
206.994	406.55  
207.459	390.26  
207.925	432.16  
208.39	462.43   
208.855	474.07  
209.32	439.15   
209.785	397.24  
210.25	418.19   
210.715	462.43  
211.18	411.21   
211.645	357.66  
212.11	476.4    
212.575	453.12  
213.04	397.24   
213.504	404.22  
213.969	353.01  
214.434	385.6   
214.899	420.52  
215.363	373.96  
215.828	394.91  
216.292	429.83  
216.757	357.66  
217.221	390.26  
217.685	450.79  
218.15	422.85   
218.614	404.22  
219.078	385.6   
219.542	392.58  
220.007	385.6   
220.471	339.04  
220.935	343.69  
221.399	408.88  
221.863	343.69  
222.327	380.94  
222.791	325.07  
223.254	332.05  
223.718	373.96  
224.182	457.77  
224.646	434.49  
225.109	364.65  
225.573	406.55  
226.037	432.16  
226.5	404.22    
226.964	411.21  
227.427	399.57  
227.89	308.77   
228.354	329.72  
228.817	353.01  
229.28	394.91   
229.744	401.9   
230.207	348.35  
230.67	404.22   
231.133	415.87  
231.596	436.82  
232.059	353.01  
232.522	366.97  
232.985	376.29  
233.448	299.46  
233.911	406.55  
234.374	378.61  
234.836	413.54  
235.299	301.79  
235.762	418.19  
236.224	378.61  
236.687	373.96  
237.149	408.88  
237.612	380.94  
238.074	411.21  
238.537	392.58  
238.999	422.85  
239.461	439.15  
239.924	392.58  
240.386	399.57  
240.848	357.66  
241.31	408.88   
241.772	408.88  
242.234	371.63  
242.696	434.49  
243.158	408.88  
243.62	434.49   
244.082	415.87  
244.544	406.55  
245.006	383.27  
245.468	378.61  
245.929	336.71  
246.391	369.3   
246.852	355.33  
247.314	329.72  
247.776	392.58  
248.237	339.04  
248.698	415.87  
249.16	418.19   
249.621	404.22  
250.082	450.79  
250.544	436.82  
251.005	392.58  
251.466	443.8   
251.927	441.47  
252.388	353.01  
252.849	429.83  
253.31	432.16   
253.771	327.4   
254.232	394.91  
254.693	411.21  
255.154	399.57  
255.615	376.29  
256.075	399.57  
256.536	427.51  
256.997	334.38  
257.457	355.33  
257.918	380.94  
258.378	373.96  
258.839	425.18  
259.299	378.61  
259.759	422.85  
260.22	359.99   
260.68	357.66   
261.14	457.77   
261.6	415.87    
262.06	408.88   
262.521	359.99  
262.981	390.26  
263.441	413.54  
263.901	406.55  
264.36	346.02   
264.82	364.65   
265.28	359.99   
265.74	422.85   
266.2	453.12    
266.659	422.85  
267.119	427.51  
267.579	434.49  
268.038	385.6   
268.498	378.61  
268.957	399.57  
269.416	429.83  
269.876	411.21  
270.335	329.72  
270.794	425.18  
271.254	364.65  
271.713	385.6   
272.172	418.19  
272.631	418.19  
273.09	364.65   
273.549	436.82  
274.008	432.16  
274.467	369.3   
274.926	401.9   
275.385	394.91  
275.843	429.83  
276.302	380.94  
276.761	406.55  
277.22	446.13   
277.678	357.66  
278.137	441.47  
278.595	401.9   
279.054	355.33  
279.512	448.46  
279.97	455.44   
280.429	464.76  
280.887	418.19  
281.345	413.54  
281.803	404.22  
282.262	411.21  
282.72	359.99   
283.178	401.9   
283.636	460.1   
284.094	390.26  
284.552	408.88  
285.01	387.93   
285.467	348.35  
285.925	446.13  
286.383	406.55  
286.841	378.61  
287.298	443.8   
287.756	408.88  
288.213	387.93  
288.671	397.24  
289.128	411.21  
289.586	439.15  
290.043	397.24  
290.5	453.12    
290.958	415.87  
291.415	418.19  
291.872	427.51  
292.329	481.05  
292.786	378.61  
293.243	420.52  
293.7	346.02    
294.157	392.58  
294.614	443.8   
295.071	425.18  
295.528	436.82  
295.985	422.85  
296.441	450.79  
296.898	387.93  
297.355	383.27  
297.811	448.46  
298.268	525.29  
298.724	441.47  
299.181	471.74  
299.637	446.13  
300.094	450.79  
300.55	380.94   
301.006	427.51  
301.462	439.15  
301.919	504.33  
302.375	450.79  
302.831	401.9   
303.287	397.24  
303.743	362.32  
304.199	390.26  
304.655	380.94  
305.11	427.51   
305.566	397.24  
306.022	406.55  
306.478	462.43  
306.933	457.77  
307.389	476.4   
307.845	420.52  
308.3	434.49    
308.756	485.71  
309.211	427.51  
309.666	399.57  
310.122	450.79  
310.577	355.33  
311.032	357.66  
311.487	392.58  
311.943	387.93  
312.398	529.94  
312.853	450.79  
313.308	418.19  
313.763	362.32  
314.218	425.18  
314.672	429.83  
315.127	450.79  
315.582	308.77  
316.037	439.15  
316.492	411.21  
316.946	399.57  
317.401	408.88  
317.855	446.13  
318.31	390.26   
318.764	348.35  
319.219	425.18  
319.673	448.46  
320.127	373.96  
320.582	350.68  
321.036	390.26  
321.49	401.9    
321.944	408.88  
322.398	380.94  
322.852	346.02  
323.306	429.83  
323.76	404.22   
324.214	434.49  
324.668	425.18  
325.122	455.44  
325.575	418.19  
326.029	478.73  
326.483	504.33  
326.936	415.87  
327.39	387.93   
327.843	443.8   
328.297	413.54  
328.75	436.82   
329.204	420.52  
329.657	471.74  
330.11	392.58   
330.564	478.73  
331.017	406.55  
331.47	413.54   
331.923	327.4   
332.376	413.54  
332.829	366.97  
333.282	406.55  
333.735	371.63  
334.188	455.44  
334.641	446.13  
335.093	399.57  
335.546	420.52  
335.999	434.49  
336.451	378.61  
336.904	429.83  
337.356	434.49  
337.809	474.07  
338.261	397.24  
338.714	457.77  
339.166	492.69  
339.618	471.74  
340.07	415.87   
340.523	383.27  
340.975	478.73  
341.427	429.83  
341.879	420.52  
342.331	406.55  
342.783	376.29  
343.235	343.69  
343.687	455.44  
344.138	474.07  
344.59	392.58   
345.042	450.79  
345.494	499.68  
345.945	439.15  
346.397	411.21  
346.848	366.97  
347.3	366.97    
347.751	373.96  
348.203	362.32  
348.654	371.63  
349.105	478.73  
349.556	413.54  
350.008	455.44  
350.459	406.55  
350.91	387.93   
351.361	380.94  
351.812	450.79  
352.263	425.18  
352.714	420.52  
353.165	415.87  
353.615	439.15  
354.066	446.13  
354.517	453.12  
354.968	399.57  
355.418	420.52  
355.869	432.16  
356.319	373.96  
356.77	434.49   
357.22	401.9    
357.671	422.85  
358.121	474.07  
358.571	483.38  
359.021	429.83  
359.472	399.57  
359.922	488.04  
360.372	406.55  
360.822	434.49  
361.272	366.97  
361.722	443.8   
362.172	376.29  
362.622	387.93  
363.071	378.61  
363.521	427.51  
363.971	453.12  
364.42	404.22   
364.87	425.18   
365.32	453.12   
365.769	425.18  
366.219	415.87  
366.668	353.01  
367.117	513.65  
367.567	373.96  
368.016	364.65  
368.465	387.93  
368.914	476.4   
369.363	404.22  
369.812	371.63  
370.261	464.76  
370.71	401.9    
371.159	469.41  
371.608	385.6   
372.057	490.37  
372.506	425.18  
372.955	413.54  
373.403	436.82  
373.852	460.1   
374.301	332.05  
374.749	420.52  
375.198	469.41  
375.646	415.87  
376.094	469.41  
376.543	392.58  
376.991	436.82  
377.439	446.13  
377.887	453.12  
378.336	427.51  
378.784	404.22  
379.232	467.08  
379.68	448.46   
380.128	350.68  
380.576	448.46  
381.023	436.82  
381.471	362.32  
381.919	455.44  
382.367	462.43  
382.814	404.22  
383.262	457.77  
383.71	425.18   
384.157	369.3   
384.605	443.8   
385.052	441.47  
385.499	376.29  
385.947	439.15  
386.394	439.15  
386.841	411.21  
387.288	464.76  
387.735	436.82  
388.182	422.85  
388.63	436.82   
389.076	436.82  
389.523	359.99  
389.97	369.3    
390.417	376.29  
390.864	443.8   
391.311	401.9   
391.757	397.24  
392.204	383.27  
392.651	474.07  
393.097	397.24  
393.544	404.22  
393.99	406.55   
394.436	436.82  
394.883	397.24  
395.329	462.43  
395.775	418.19  
396.221	401.9   
396.668	467.08  
397.114	425.18  
397.56	359.99   
398.006	383.27  
398.452	404.22  
398.897	385.6   
399.343	453.12  
399.789	457.77  
400.235	390.26  
400.681	422.85  
401.126	455.44  
401.572	453.12  
402.017	408.88  
402.463	434.49  
402.908	339.04  
403.354	448.46  
403.799	448.46  
404.244	411.21  
404.689	462.43  
405.135	385.6   
405.58	460.1    
406.025	436.82  
406.47	418.19   
406.915	392.58  
407.36	408.88   
407.805	478.73  
408.25	406.55   
408.694	415.87  
409.139	418.19  
409.584	383.27  
410.029	474.07  
410.473	443.8   
410.918	415.87  
411.362	495.02  
411.807	464.76  
412.251	401.9   
412.695	425.18  
413.14	434.49   
413.584	436.82  
414.028	476.4   
414.472	399.57  
414.916	429.83  
415.36	448.46   
415.804	411.21  
416.248	455.44  
416.692	383.27  
417.136	422.85  
417.58	408.88   
418.024	436.82  
418.467	504.33  
418.911	436.82  
419.355	399.57  
419.798	355.33  
420.242	457.77  
420.685	436.82  
421.128	406.55  
421.572	439.15  
422.015	474.07  
422.458	418.19  
422.902	457.77  
423.345	490.37  
423.788	380.94  
424.231	448.46  
424.674	434.49  
425.117	413.54  
425.56	462.43   
426.003	443.8   
426.445	413.54  
426.888	467.08  
427.331	404.22  
427.773	359.99  
428.216	420.52  
428.659	404.22  
429.101	488.04  
429.543	339.04  
429.986	397.24  
430.428	422.85  
430.87	399.57   
431.313	441.47  
431.755	394.91  
432.197	439.15  
432.639	497.35  
433.081	401.9   
433.523	460.1   
433.965	366.97  
434.407	422.85  
434.849	418.19  
435.291	399.57  
435.732	422.85  
436.174	413.54  
436.616	464.76  
437.057	406.55  
437.499	425.18  
437.94	432.16   
438.382	450.79  
438.823	406.55  
439.264	457.77  
439.706	425.18  
440.147	469.41  
440.588	399.57  
441.029	387.93  
441.47	394.91   
441.911	434.49  
442.352	432.16  
442.793	429.83  
443.234	392.58  
443.675	432.16  
444.116	420.52  
444.556	390.26  
444.997	408.88  
445.438	450.79  
445.878	408.88  
446.319	376.29  
446.759	359.99  
447.199	387.93  
447.64	464.76   
448.08	481.05   
448.52	441.47   
448.961	401.9   
449.401	425.18  
449.841	443.8   
450.281	415.87  
450.721	432.16  
451.161	385.6   
451.601	346.02  
452.041	378.61  
452.48	401.9    
452.92	399.57   
453.36	432.16   
453.799	441.47  
454.239	443.8   
454.679	446.13  
455.118	401.9   
455.557	385.6   
455.997	380.94  
456.436	481.05  
456.875	467.08  
457.315	418.19  
457.754	450.79  
458.193	434.49  
458.632	471.74  
459.071	422.85  
459.51	341.36   
459.949	483.38  
460.388	434.49  
460.827	443.8   
461.265	446.13  
461.704	453.12  
462.143	373.96  
462.581	415.87  
463.02	378.61   
463.458	392.58  
463.897	429.83  
464.335	390.26  
464.774	448.46  
465.212	481.05  
465.65	460.1    
466.088	408.88  
466.527	439.15  
466.965	376.29  
467.403	406.55  
467.841	418.19  
468.279	401.9   
468.716	376.29  
469.154	478.73  
469.592	448.46  
470.03	499.68   
470.467	432.16  
470.905	469.41  
471.343	320.41  
471.78	474.07   
472.218	411.21  
472.655	404.22  
473.092	376.29  
473.53	380.94   
473.967	373.96  
474.404	441.47  
474.841	362.32  
475.278	380.94  
475.716	434.49  
476.153	408.88  
476.589	348.35  
477.026	392.58  
477.463	425.18  
477.9	467.08    
478.337	434.49  
478.773	371.63  
479.21	339.04   
479.647	481.05  
480.083	441.47  
480.52	439.15   
480.956	415.87  
481.392	371.63  
481.829	383.27  
482.265	404.22  
482.701	464.76  
483.137	415.87  
483.574	401.9   
484.01	339.04   
484.446	376.29  
484.882	406.55  
485.317	406.55  
485.753	488.04  
486.189	427.51  
486.625	446.13  
487.061	401.9   
487.496	476.4   
487.932	390.26  
488.367	429.83  
488.803	392.58  
489.238	432.16  
489.674	427.51  
490.109	439.15  
490.544	441.47  
490.979	474.07  
491.415	441.47  
491.85	406.55   
492.285	348.35  
492.72	408.88   
493.155	504.33  
493.59	418.19   
494.024	434.49  
494.459	464.76  
494.894	490.37  
495.329	357.66  
495.763	327.4   
496.198	420.52  
496.632	373.96  
497.067	397.24  
497.501	422.85  
497.936	422.85  
498.37	450.79   
498.804	418.19  
499.238	462.43  
499.673	469.41  
500.107	441.47  
500.541	441.47  
500.975	420.52  
501.409	443.8   
501.843	380.94  
502.277	390.26  
502.71	474.07   
503.144	427.51  
503.578	439.15  
504.011	415.87  
504.445	467.08  
504.878	471.74  
505.312	378.61  
505.745	408.88  
506.179	429.83  
506.612	399.57  
507.045	327.4   
507.479	439.15  
507.912	415.87  
508.345	399.57  
508.778	341.36  
509.211	432.16  
509.644	408.88  
510.077	443.8   
510.509	467.08  
510.942	415.87  
511.375	418.19  
511.808	350.68  
512.24	392.58   
512.673	450.79  
513.105	499.68  
513.538	420.52  
513.97	434.49   
514.403	464.76  
514.835	413.54  
515.267	462.43  
515.699	408.88  
516.131	448.46  
516.564	378.61  
516.996	450.79  
517.428	476.4   
517.859	471.74  
518.291	408.88  
518.723	387.93  
519.155	394.91  
519.587	432.16  
520.018	429.83  
520.45	383.27   
520.881	457.77  
521.313	455.44  
521.744	399.57  
522.176	474.07  
522.607	432.16  
523.038	441.47  
523.47	471.74   
523.901	429.83  
524.332	355.33  
524.763	450.79  
525.194	404.22  
525.625	439.15  
526.056	413.54  
526.487	446.13  
526.917	497.35  
527.348	376.29  
527.779	492.69  
528.21	511.32   
528.64	462.43   
529.071	418.19  
529.501	380.94  
529.932	420.52  
530.362	457.77  
530.792	471.74  
531.222	453.12  
531.653	471.74  
532.083	464.76  
532.513	418.19  
532.943	392.58  
533.373	429.83  
533.803	429.83  
534.233	471.74  
534.663	467.08  
535.092	404.22  
535.522	422.85  
535.952	436.82  
536.381	467.08  
536.811	404.22  
537.24	450.79   
537.67	418.19   
538.099	406.55  
538.529	394.91  
538.958	422.85  
539.387	380.94  
539.816	434.49  
540.245	420.52  
540.674	483.38  
541.103	455.44  
541.532	392.58  
541.961	439.15  
542.39	436.82   
542.819	471.74  
543.248	471.74  
543.676	427.51  
544.105	506.66  
544.534	495.02  
544.962	406.55  
545.391	425.18  
545.819	439.15  
546.247	469.41  
546.676	455.44  
547.104	443.8   
547.532	443.8   
547.96	404.22   
548.388	492.69  
548.816	467.08  
549.244	425.18  
549.672	401.9   
550.1	497.35    
550.528	420.52  
550.956	469.41  
551.383	415.87  
551.811	432.16  
552.238	446.13  
552.666	427.51  
553.094	413.54  
553.521	406.55  
553.948	380.94  
554.376	429.83  
554.803	443.8   
555.23	450.79   
555.657	462.43  
556.084	383.27  
556.511	427.51  
556.938	415.87  
557.365	418.19  
557.792	420.52  
558.219	483.38  
558.646	425.18  
559.072	425.18  
559.499	504.33  
559.926	371.63  
560.352	448.46  
560.779	508.99  
561.205	420.52  
561.632	418.19  
562.058	429.83  
562.484	497.35  
562.91	457.77   
563.337	488.04  
563.763	420.52  
564.189	506.66  
564.615	427.51  
565.041	436.82  
565.466	408.88  
565.892	502.01  
566.318	450.79  
566.744	415.87  
567.169	453.12  
567.595	467.08  
568.021	495.02  
568.446	436.82  
568.872	499.68  
569.297	504.33  
569.722	548.57  
570.148	455.44  
570.573	499.68  
570.998	471.74  
571.423	529.94  
571.848	429.83  
572.273	564.87  
572.698	578.84  
573.123	504.33  
573.548	541.59  
573.973	557.88  
574.397	583.49  
574.822	483.38  
575.247	441.47  
575.671	520.63  
576.096	467.08  
576.52	560.21   
576.944	522.96  
577.369	632.38  
577.793	588.15  
578.217	613.76  
578.641	599.79  
579.065	543.91  
579.49	625.4    
579.914	604.45  
580.337	588.15  
580.761	618.41  
581.185	725.51  
581.609	730.16  
582.033	723.18  
582.456	627.73  
582.88	716.2    
583.303	713.87  
583.727	734.82  
584.15	704.56   
584.574	716.2   
584.997	774.4   
585.42	779.06   
585.844	820.96  
586.267	890.81  
586.69	937.37   
587.113	813.98  
587.536	834.93  
587.959	883.82  
588.382	830.28  
588.804	1030.5  
589.227	1004.89 
589.65	997.9    
590.073	988.59  
590.495	1111.98 
590.918	1063.09 
591.34	1123.62  
591.763	1153.89 
592.185	1209.76 
592.607	1205.11 
593.03	1228.39  
593.452	1286.59 
593.874	1323.84 
594.296	1403    
594.718	1456.55 
595.14	1486.81  
595.562	1535.7  
595.984	1717.3  
596.406	1826.72 
596.827	1670.74 
597.249	1761.53 
597.671	1845.35 
598.092	1773.17 
598.514	1912.86 
598.935	1847.68 
599.357	2010.65 
599.778	2047.9  
600.199	2173.62 
600.621	2364.52 
601.042	2494.9  
601.463	2576.39 
601.884	2669.51 
602.305	2760.31 
602.726	2725.39 
603.147	2804.54 
603.568	2981.48 
603.988	2953.55 
604.409	3100.22 
604.83	3279.49  
605.25	3412.19  
605.671	3649.66 
606.092	3873.16 
606.512	4071.06 
606.932	4268.95 
607.353	4362.07 
607.773	4499.43 
608.193	4369.06 
608.613	4338.79 
609.034	4608.86 
609.454	4576.26 
609.874	4874.27 
610.293	4920.83 
610.713	5379.47 
611.133	5747.32 
611.553	6145.43 
611.973	6643.66 
612.392	7002.19 
612.812	7516.71 
613.231	7663.39 
613.651	7539.99 
614.07	7668.04  
614.49	7824.03  
614.909	7956.73 
615.328	8210.5  
615.747	8550.41 
616.167	9050.96 
616.586	9712.15 
617.005	10722.57
617.424	11586.31
617.843	12189.3 
618.261	13080.98
618.68	13746.83 
619.099	14051.82
619.518	14172.88
619.936	14077.43
620.355	14268.34
620.773	14685.08
621.192	14654.81
621.61	15427.75 
622.029	16219.32
622.447	17404.35
622.865	18524.19
623.283	19958.33
623.701	21574.06
624.119	22849.89
624.537	23334.14
624.955	23695   
625.373	23876.6 
625.791	23385.36
626.209	23152.55
626.627	23101.33
627.044	23201.44
627.462	23315.52
627.879	24132.7 
628.297	25594.77
628.714	26840.33
629.132	28495.64
629.549	30234.77
629.966	32271.9 
630.383	33557.03
630.8	33831.75  
631.217	33452.27
631.634	32642.07
632.051	31810.92
632.468	31019.35
632.885	29727.23
633.302	28355.95
633.719	27406.07
634.135	27282.68
634.552	26505.08
634.969	26763.5 
635.385	26914.83
635.801	27091.77
636.218	26709.95
636.634	26446.87
637.05	25373.6  
637.467	23806.75
637.883	22125.83
638.299	20179.5 
638.715	18258.78
639.131	16391.61
639.547	14722.33
639.963	13551.27
640.378	12182.32
640.794	11092.75
641.21	10461.82 
641.626	9840.2  
642.041	9344.31 
642.457	8804.18 
642.872	8440.99 
643.287	7626.14 
643.703	7055.74 
644.118	6494.66 
644.533	5866.06 
644.948	5330.58 
645.364	4802.09 
645.779	4271.28 
646.194	3956.98 
646.609	3717.18 
647.023	3542.57 
647.438	3242.24 
647.853	3069.95 
648.268	2799.89 
648.682	2695.12 
649.097	2560.09 
649.511	2434.37 
649.926	2297.01 
650.34	2161.98  
650.755	2029.27 
651.169	1891.91 
651.583	1680.05 
651.997	1710.31 
652.411	1461.2  
652.825	1421.62 
653.239	1242.36 
653.653	1270.3  
654.067	1198.12 
654.481	1132.93 
654.895	1053.78 
655.309	1032.82 
655.722	986.26  
656.136	1011.87 
656.549	844.24  
656.963	818.63  
657.376	834.93  
657.79	820.96   
658.203	811.65  
658.616	751.12  
659.029	713.87  
659.442	760.43  
659.855	697.57  
660.268	669.63  
660.681	634.71  
661.094	690.59  
661.507	676.62  
661.92	648.68   
662.333	704.56  
662.745	604.45  
663.158	664.98  
663.57	583.49   
663.983	606.77  
664.395	588.15  
664.808	671.96  
665.22	511.32   
665.632	550.9   
666.044	581.16  
666.456	515.98  
666.868	539.26  
667.28	536.93   
667.692	497.35  
668.104	464.76  
668.516	474.07  
668.928	476.4   
669.34	522.96   
669.751	511.32  
670.163	443.8   
670.574	457.77  
670.986	511.32  
671.397	474.07  
671.809	411.21  
672.22	471.74   
672.631	413.54  
673.042	359.99  
673.453	485.71  
673.864	502.01  
674.275	415.87  
674.686	450.79  
675.097	439.15  
675.508	492.69  
675.919	462.43  
676.33	341.36   
676.74	404.22   
677.151	413.54  
677.561	373.96  
677.972	383.27  
678.382	415.87  
678.792	394.91  
679.203	455.44  
679.613	450.79  
680.023	441.47  
680.433	495.02  
680.843	460.1   
681.253	401.9   
681.663	408.88  
682.073	483.38  
682.483	455.44  
682.893	474.07  
683.302	478.73  
683.712	429.83  
684.122	350.68  
684.531	420.52  
684.94	481.05   
685.35	502.01   
685.759	446.13  
686.168	462.43  
686.578	455.44  
686.987	420.52  
687.396	443.8   
687.805	429.83  
688.214	378.61  
688.623	415.87  
689.032	497.35  
689.44	443.8    
689.849	357.66  
690.258	467.08  
690.666	434.49  
691.075	418.19  
691.484	406.55  
691.892	404.22  
692.3	371.63    
692.709	387.93  
693.117	448.46  
693.525	448.46  
693.933	464.76  
694.341	392.58  
694.749	415.87  
695.157	394.91  
695.565	422.85  
695.973	341.36  
696.381	422.85  
696.788	406.55  
697.196	408.88  
697.604	376.29  
698.011	401.9   
698.419	460.1   
698.826	397.24  
699.234	364.65  
699.641	450.79  
700.048	353.01  
700.455	380.94  
700.862	434.49  
701.269	422.85  
701.676	366.97  
702.083	383.27  
702.49	443.8    
702.897	485.71  
703.304	450.79  
703.71	399.57   
704.117	483.38  
704.524	346.02  
704.93	404.22   
705.337	413.54  
705.743	415.87  
706.149	439.15  
706.556	413.54  
706.962	371.63  
707.368	436.82  
707.774	406.55  
708.18	460.1    
708.586	404.22  
708.992	429.83  
709.398	508.99  
709.804	425.18  
710.209	418.19  
710.615	380.94  
711.021	427.51  
711.426	359.99  
711.832	411.21  
712.237	467.08  
712.642	355.33  
713.048	425.18  
713.453	373.96  
713.858	455.44  
714.263	427.51  
714.668	408.88  
715.073	485.71  
715.478	432.16  
715.883	411.21  
716.288	322.74  
716.693	387.93  
717.097	408.88  
717.502	427.51  
717.906	390.26  
718.311	378.61  
718.715	406.55  
719.12	387.93   
719.524	373.96  
719.928	411.21  
720.333	429.83  
720.737	369.3   
721.141	462.43  
721.545	390.26  
721.949	408.88  
722.353	422.85  
722.757	471.74  
723.16	383.27   
723.564	378.61  
723.968	397.24  
724.371	390.26  
724.775	406.55  
725.178	408.88  
725.582	443.8   
725.985	415.87  
726.388	420.52  
726.792	411.21  
727.195	439.15  
727.598	411.21  
728.001	411.21  
728.404	408.88  
728.807	353.01  
729.21	371.63   
729.612	446.13  
730.015	418.19  
730.418	434.49  
730.82	467.08   
731.223	378.61  
731.625	429.83  
732.028	415.87  
732.43	453.12   
732.833	413.54  
733.235	490.37  
733.637	366.97  
734.039	411.21  
734.441	429.83  
734.843	357.66  
735.245	425.18  
735.647	380.94  
736.049	436.82  
736.451	432.16  
736.852	404.22  
737.254	378.61  
737.655	350.68  
738.057	481.05  
738.458	432.16  
738.86	441.47   
739.261	439.15  
739.662	397.24  
740.064	392.58  
740.465	418.19  
740.866	436.82  
741.267	413.54  
741.668	467.08  
742.069	385.6   
742.469	397.24  
742.87	448.46   
743.271	371.63  
743.672	394.91  
744.072	436.82  
744.473	527.62  
744.873	371.63  
745.274	359.99  
745.674	399.57  
746.074	401.9   
746.474	471.74  
746.875	397.24  
747.275	378.61  
747.675	453.12  
748.075	446.13  
748.474	341.36  
748.874	383.27  
749.274	341.36  
749.674	392.58  
750.073	411.21  
750.473	415.87  
750.873	446.13  
751.272	425.18  
751.671	366.97  
752.071	483.38  
752.47	453.12   
752.869	425.18  
753.268	401.9   
753.668	418.19  
754.067	401.9   
754.466	383.27  
754.864	369.3   
755.263	422.85  
755.662	373.96  
756.061	408.88  
756.459	413.54  
756.858	420.52  
757.257	422.85  
757.655	380.94  
758.053	411.21  
758.452	427.51  
758.85	385.6    
759.248	422.85  
759.646	425.18  
760.045	380.94  
760.443	415.87  
760.841	460.1   
761.238	366.97  
761.636	443.8   
762.034	397.24  
762.432	392.58  
762.829	399.57  
763.227	422.85  
763.625	392.58  
764.022	383.27  
764.419	404.22  
764.817	411.21  
765.214	441.47  
765.611	385.6   
766.008	492.69  
766.406	408.88  
766.803	394.91  
767.199	418.19  
767.596	418.19  
767.993	373.96  
768.39	392.58   
768.787	390.26  
769.183	332.05  
769.58	406.55   
769.977	408.88  
770.373	422.85  
770.769	378.61  
771.166	401.9   
771.562	429.83  
771.958	341.36  
772.354	404.22  
772.75	453.12   
773.146	404.22  
773.542	432.16  
773.938	439.15  
774.334	385.6   
774.73	462.43   
775.126	492.69  
775.521	404.22  
775.917	348.35  
776.312	404.22  
776.708	420.52  
777.103	434.49  
777.499	404.22  
777.894	427.51  
778.289	446.13  
778.684	385.6   
779.079	425.18  
779.474	478.73  
779.869	425.18  
780.264	401.9   
780.659	413.54  
781.054	411.21  
781.448	399.57  
781.843	406.55  
782.238	366.97  
782.632	418.19  
783.027	404.22  
783.421	443.8   
783.815	425.18  
784.21	348.35   
784.604	471.74  
784.998	399.57  
785.392	383.27  
785.786	378.61  
786.18	385.6    
786.574	369.3   
786.968	457.77  
787.361	404.22  
787.755	429.83  
788.149	399.57  
788.542	425.18  
788.936	390.26  
789.329	348.35  
789.722	418.19  
790.116	378.61  
790.509	443.8   
790.902	439.15  
791.295	422.85  
791.688	425.18  
792.081	453.12  
792.474	495.02  
792.867	441.47  
793.26	376.29   
793.653	439.15  
794.045	383.27  
794.438	450.79  
794.83	380.94   
795.223	474.07  
795.615	353.01  
796.008	404.22  
796.4	408.88    
796.792	415.87  
797.184	462.43  
797.576	397.24  
797.968	418.19  
798.36	420.52   
798.752	383.27  
799.144	406.55  
799.536	425.18  
799.928	453.12  
800.319	460.1   
800.711	455.44  
801.102	495.02  
801.494	406.55  
801.885	397.24  
802.276	422.85  
802.668	401.9   
803.059	376.29  
803.45	397.24   
803.841	425.18  
804.232	390.26  
804.623	474.07  
805.014	422.85  
805.405	495.02  
805.795	453.12  
806.186	336.71  
806.577	439.15  
806.967	474.07  
807.358	455.44  
807.748	420.52  
808.139	483.38  
808.529	427.51  
808.919	434.49  
809.309	522.96  
809.699	436.82  
810.089	481.05  
810.479	485.71  
810.869	457.77  
811.259	408.88  
811.649	443.8   
812.039	378.61  
812.428	483.38  
812.818	408.88  
813.207	411.21  
813.597	499.68  
813.986	378.61  
814.376	401.9   
814.765	420.52  
815.154	441.47  
815.543	457.77  
815.932	425.18  
816.321	348.35  
816.71	404.22   
817.099	404.22  
817.488	418.19  
817.877	443.8   
818.265	450.79  
818.654	460.1   
819.043	441.47  
819.431	453.12  
819.819	364.65  
820.208	399.57  
820.596	408.88  
820.984	413.54  
821.372	383.27  
821.761	408.88  
822.149	401.9   
822.537	420.52  
822.924	441.47  
823.312	483.38  
823.7	397.24    
824.088	450.79  
824.475	408.88  
824.863	450.79  
825.251	401.9   
825.638	434.49  
826.025	418.19  
826.413	378.61  
826.8	413.54    
827.187	418.19  
827.574	471.74  
827.961	387.93  
828.348	429.83  
828.735	380.94  
829.122	401.9   
829.509	439.15  
829.896	387.93  
830.282	441.47  
830.669	373.96  
831.055	422.85  
831.442	418.19  
831.828	369.3   
832.215	436.82  
832.601	394.91  
832.987	348.35  
833.373	415.87  
833.759	355.33  
834.145	429.83  
834.531	390.26  
834.917	464.76  
835.303	341.36  
835.689	422.85  
836.074	441.47  
836.46	453.12   
836.846	406.55  
837.231	439.15  
837.617	483.38  
838.002	366.97  
838.387	429.83  
838.772	401.9   
839.158	432.16  
839.543	369.3   
839.928	380.94  
840.313	436.82  
840.698	380.94  
841.082	390.26  
841.467	490.37  
841.852	439.15  
842.237	411.21  
842.621	392.58  
843.006	429.83  
843.39	564.87   
843.774	399.57  
844.159	427.51  
844.543	455.44  
844.927	432.16  
845.311	425.18  
845.695	504.33  
846.079	364.65  
846.463	406.55  
846.847	357.66  
847.231	490.37  
847.615	413.54  
847.998	418.19  
848.382	359.99  
848.765	446.13  
849.149	401.9   
849.532	413.54  
849.916	504.33  
850.299	443.8   
850.682	387.93  
851.065	427.51  
851.448	432.16  
851.831	418.19  
852.214	434.49  
852.597	443.8   
852.98	401.9    
853.363	455.44  
853.745	457.77  
854.128	387.93  
854.51	429.83   
854.893	366.97  
855.275	495.02  
855.658	390.26  
856.04	369.3    
856.422	334.38  
856.804	422.85  
857.186	455.44  
857.568	387.93  
857.95	434.49   
858.332	453.12  
858.714	418.19  
859.096	434.49  
859.477	434.49  
859.859	443.8   
860.24	457.77   
860.622	411.21  
861.003	462.43  
861.385	471.74  
861.766	485.71  
862.147	464.76  
862.528	483.38  
862.909	443.8   
863.29	467.08   
863.671	427.51  
864.052	434.49  
864.433	443.8   
864.814	378.61  
865.194	436.82  
865.575	383.27  
865.955	457.77  
866.336	471.74  
866.716	429.83  
867.097	457.77  
867.477	376.29  
867.857	478.73  
868.237	467.08  
868.617	455.44  
868.997	362.32  
869.377	320.41  
869.757	380.94  
870.137	450.79  
870.517	476.4   
870.896	364.65  
871.276	399.57  
871.655	434.49  
872.035	376.29  
872.414	422.85  
872.794	399.57  
873.173	457.77  
873.552	383.27  
873.931	418.19  
874.31	427.51   
874.689	429.83  
875.068	404.22  
875.447	460.1   
875.826	434.49  
876.205	439.15  
876.583	441.47  
876.962	362.32  
877.341	408.88  
877.719	485.71  
878.097	413.54  
878.476	427.51  
878.854	448.46  
879.232	434.49  
879.61	446.13   
879.988	446.13  
880.366	401.9   
880.744	427.51  
881.122	457.77  
881.5	401.9     
881.878	336.71  
882.255	404.22  
882.633	481.05  
883.011	497.35  
883.388	399.57  
883.765	408.88  
884.143	436.82  
884.52	429.83   
884.897	413.54  
885.274	411.21  
885.651	387.93  
886.028	383.27  
886.405	399.57  
886.782	348.35  
887.159	422.85  
887.536	359.99  
887.912	460.1   
888.289	471.74  
888.665	380.94  
889.042	357.66  
889.418	415.87  
889.794	394.91  
890.171	397.24  
890.547	392.58  
890.923	390.26  
891.299	439.15  
891.675	446.13  
892.051	411.21  
892.427	343.69  
892.803	397.24  
893.178	353.01  
893.554	415.87  
893.929	427.51  
894.305	420.52  
894.68	341.36   
895.056	425.18  
895.431	355.33  
895.806	355.33  
896.181	394.91  
896.557	350.68  
896.932	392.58  
897.307	422.85  
897.681	441.47  
898.056	380.94  
898.431	406.55  
898.806	399.57  
899.18	390.26   
899.555	446.13  
899.929	415.87  
900.304	415.87  
900.678	471.74  
901.052	373.96  
901.427	397.24  
901.801	420.52  
902.175	383.27  
902.549	332.05  
902.923	404.22  
903.297	373.96  
903.67	422.85   
904.044	483.38  
904.418	415.87  
904.791	427.51  
905.165	385.6   
905.538	385.6   
905.912	453.12  
906.285	499.68  
906.658	415.87  
907.032	399.57  
907.405	404.22  
907.778	308.77  
908.151	429.83  
908.524	364.65  
908.896	439.15  
909.269	418.19  
909.642	385.6   
910.015	427.51  
910.387	385.6   
910.76	404.22   
911.132	383.27  
911.504	450.79  
911.877	415.87  
912.249	446.13  
912.621	399.57  
912.993	353.01  
913.365	483.38  
913.737	443.8   
914.109	420.52  
914.481	350.68  
914.853	425.18  
915.224	373.96  
915.596	462.43  
915.968	446.13  
916.339	387.93  
916.71	373.96   
917.082	432.16  
917.453	369.3   
917.824	420.52  
918.195	443.8   
918.566	380.94  
918.937	366.97  
919.308	434.49  
919.679	385.6   
920.05	425.18   
920.421	434.49  
920.791	418.19  
921.162	364.65  
921.532	394.91  
921.903	457.77  
922.273	434.49  
922.644	411.21  
923.014	394.91  
923.384	404.22  
923.754	366.97  
924.124	476.4   
924.494	371.63  
924.864	399.57  
925.234	427.51  
925.604	404.22  
925.973	441.47  
926.343	406.55  
926.712	411.21  
927.082	392.58  
927.451	385.6   
927.821	474.07  
928.19	434.49   
928.559	441.47  
928.928	474.07  
929.297	408.88  
929.666	434.49  
930.035	387.93  
930.404	427.51  
930.773	420.52  
931.142	373.96  
931.51	434.49   
931.879	373.96  
932.247	457.77  
932.616	371.63  
932.984	446.13  
933.353	378.61  
933.721	446.13  
934.089	390.26  
934.457	411.21  
934.825	346.02  
935.193	383.27  
935.561	453.12  
935.929	397.24  
936.296	427.51  
936.664	422.85  
937.032	394.91  
937.399	336.71  
937.767	425.18  
938.134	411.21  
938.501	404.22  
938.869	399.57  
939.236	399.57  
939.603	401.9   
939.97	376.29   
940.337	394.91  
940.704	457.77  
941.071	434.49  
941.438	427.51  
941.804	404.22  
942.171	432.16  
942.538	371.63  
942.904	378.61  
943.27	387.93   
943.637	343.69  
944.003	390.26  
944.369	359.99  
944.735	453.12  
945.102	387.93  
945.468	332.05  
945.833	369.3   
946.199	439.15  
946.565	373.96  
946.931	392.58  
947.296	369.3   
947.662	448.46  
948.028	353.01  
948.393	399.57  
948.758	394.91  
949.124	471.74  
949.489	334.38  
949.854	401.9   
950.219	434.49  
950.584	366.97  
950.949	462.43  
951.314	369.3   
951.679	422.85  
952.044	392.58  
952.408	441.47  
952.773	346.02  
953.137	411.21  
953.502	404.22  
953.866	366.97  
954.231	390.26  
954.595	371.63  
954.959	427.51  
955.323	399.57  
955.687	394.91  
956.051	369.3   
956.415	495.02  
956.779	383.27  
957.143	373.96  
957.506	348.35  
957.87	355.33   
958.234	366.97  
958.597	399.57  
958.961	436.82  
959.324	366.97  
959.687	348.35  
960.05	390.26   
960.413	462.43  
960.776	392.58  
961.139	320.41  
961.502	404.22  
961.865	383.27  
962.228	415.87  
962.591	297.13  
962.953	464.76  
963.316	441.47  
963.678	399.57  
964.041	476.4   
964.403	443.8   
964.765	467.08  
965.128	408.88  
965.49	373.96   
965.852	404.22  
966.214	485.71  
966.576	353.01  
966.938	369.3   
967.299	376.29  
967.661	427.51  
968.023	450.79  
968.384	332.05  
968.746	383.27  
969.107	418.19  
969.469	406.55  
969.83	385.6    
970.191	453.12  
970.552	390.26  
970.913	350.68  
971.274	378.61  
971.635	394.91  
971.996	425.18  
972.357	453.12  
972.718	453.12  
973.078	443.8   
973.439	399.57  
973.8	308.77    
974.16	406.55   
974.52	425.18   
974.881	415.87  
975.241	290.15  
975.601	357.66  
975.961	425.18  
976.321	387.93  
976.681	425.18  
977.041	315.75  
977.401	422.85  
977.76	420.52   
978.12	327.4    
978.48	411.21   
978.839	369.3   
979.199	394.91  
979.558	427.51  
979.917	366.97  
980.277	506.66  
980.636	425.18  
980.995	441.47  
981.354	392.58  
981.713	436.82  
982.072	422.85  
982.43	392.58   
982.789	418.19  
983.148	427.51  
983.506	341.36  
983.865	394.91  
984.223	436.82  
984.582	481.05  
984.94	411.21   
985.298	397.24  
985.656	390.26  
986.015	387.93  
986.373	383.27  
986.731	418.19  
987.088	392.58  
987.446	443.8   
987.804	415.87  
988.162	506.66  
988.519	401.9   
988.877	422.85  
989.234	401.9   
989.591	401.9   
989.949	366.97  
990.306	478.73  
990.663	413.54  
991.02	418.19   
991.377	455.44  
991.734	353.01  
992.091	441.47  
992.448	422.85  
992.805	401.9   
993.161	392.58  
993.518	401.9   
993.874	427.51  
994.231	436.82  
994.587	488.04  
994.943	427.51  
995.3	390.26    
995.656	383.27  
996.012	457.77  
996.368	390.26  
996.724	397.24  
997.08	392.58   
997.435	394.91  
997.791	301.79  
998.147	448.46  
998.502	429.83  
998.858	455.44  
999.213	446.13  
999.569	436.82  
999.924	418.19  
1000.279	446.13 
1000.634	425.18 
1000.989	401.9  
1001.344	439.15 
1001.699	378.61 
1002.054	434.49 
1002.409	401.9  
1002.764	357.66 
1003.118	357.66 
1003.473	346.02 
1003.827	406.55 
1004.182	460.1  
1004.536	455.44 
1004.89	404.22  
1005.245	418.19 
1005.599	332.05 
1005.953	404.22 
1006.307	346.02 
1006.661	446.13 
1007.015	397.24 
1007.368	425.18 
1007.722	432.16 
1008.076	376.29 
1008.429	383.27 
1008.783	406.55 
1009.136	378.61 
1009.489	339.04 
1009.843	371.63 
1010.196	376.29 
1010.549	387.93 
1010.902	387.93 
1011.255	441.47 
1011.608	425.18 
1011.961	432.16 
1012.313	397.24 
1012.666	481.05 
1013.019	446.13 
1013.371	401.9  
1013.724	394.91 
1014.076	397.24 
1014.428	420.52 
1014.781	378.61 
1015.133	343.69 
1015.485	362.32 
1015.837	434.49 
1016.189	446.13 
1016.541	406.55 
1016.893	397.24 
1017.244	364.65 
1017.596	364.65 
1017.947	406.55 
1018.299	359.99 
1018.65	439.15  
1019.002	348.35 
1019.353	394.91 
1019.704	443.8  
1020.055	350.68 
1020.407	385.6  
1020.758	455.44 
1021.108	380.94 
1021.459	397.24 
1021.81	429.83  
1022.161	478.73 
1022.511	369.3  
1022.862	392.58 
1023.213	425.18 
1023.563	320.41 
1023.913	413.54 
1024.264	364.65 
1024.614	366.97 
1024.964	378.61 
1025.314	427.51 
1025.664	413.54 
1026.014	390.26 
1026.364	385.6  
1026.713	425.18 
1027.063	341.36 
1027.413	362.32 
1027.762	443.8  
1028.112	366.97 
1028.461	439.15 
1028.81	392.58  
1029.16	434.49  
1029.509	332.05 
1029.858	418.19 
1030.207	366.97 
1030.556	385.6  
1030.905	387.93 
1031.254	406.55 
1031.602	401.9  
1031.951	362.32 
1032.3	348.35   
1032.648	443.8  
1032.996	443.8  
1033.345	443.8  