187.879	-4.07   
188.346	-4.07   
188.813	-4.07   
189.28	-141.43  
189.747	-97.2   
190.214	7.57    
190.681	-55.29  
191.148	-169.37 
191.614	-50.64  
192.081	-94.87  
192.548	-50.64  
193.014	-120.48 
193.481	-22.7   
193.948	-25.03  
194.414	51.8    
194.881	63.44   
195.347	-36.67  
195.813	105.35  
196.28	114.66   
196.746	165.88  
197.212	116.99  
197.678	140.27  
198.145	217.1   
198.611	226.41  
199.077	238.05  
199.543	300.91  
200.009	256.68  
200.475	263.66  
200.941	333.51  
201.407	282.29  
201.873	319.54  
202.338	352.13  
202.804	356.79  
203.27	321.87   
203.735	375.41  
204.201	324.19  
204.667	433.62  
205.132	310.23  
205.598	356.79  
206.063	463.88  
206.529	442.93  
206.994	389.38  
207.459	426.63  
207.925	403.35  
208.39	452.24   
208.855	389.38  
209.32	424.3    
209.785	419.65  
210.25	389.38   
210.715	370.76  
211.18	387.05   
211.645	352.13  
212.11	391.71   
212.575	391.71  
213.04	447.59   
213.504	380.07  
213.969	368.43  
214.434	368.43  
214.899	373.09  
215.363	382.4   
215.828	424.3   
216.292	375.41  
216.757	380.07  
217.221	303.24  
217.685	410.34  
218.15	380.07   
218.614	431.29  
219.078	419.65  
219.542	389.38  
220.007	396.37  
220.471	373.09  
220.935	347.48  
221.399	349.8   
221.863	419.65  
222.327	408.01  
222.791	312.55  
223.254	370.76  
223.718	361.44  
224.182	424.3   
224.646	331.18  
225.109	333.51  
225.573	368.43  
226.037	363.77  
226.5	468.54    
226.964	389.38  
227.427	382.4   
227.89	431.29   
228.354	382.4   
228.817	408.01  
229.28	391.71   
229.744	363.77  
230.207	352.13  
230.67	382.4    
231.133	331.18  
231.596	354.46  
232.059	419.65  
232.522	321.87  
232.985	354.46  
233.448	398.7   
233.911	373.09  
234.374	345.15  
234.836	384.73  
235.299	345.15  
235.762	391.71  
236.224	424.3   
236.687	396.37  
237.149	338.16  
237.612	373.09  
238.074	391.71  
238.537	445.26  
238.999	408.01  
239.461	375.41  
239.924	289.27  
240.386	373.09  
240.848	419.65  
241.31	387.05   
241.772	426.63  
242.234	363.77  
242.696	428.96  
243.158	354.46  
243.62	370.76   
244.082	396.37  
244.544	382.4   
245.006	414.99  
245.468	391.71  
245.929	373.09  
246.391	361.44  
246.852	387.05  
247.314	375.41  
247.776	414.99  
248.237	452.24  
248.698	312.55  
249.16	333.51   
249.621	356.79  
250.082	426.63  
250.544	398.7   
251.005	431.29  
251.466	387.05  
251.927	408.01  
252.388	428.96  
252.849	349.8   
253.31	342.82   
253.771	370.76  
254.232	368.43  
254.693	354.46  
255.154	449.91  
255.615	368.43  
256.075	419.65  
256.536	431.29  
256.997	405.68  
257.457	356.79  
257.918	412.66  
258.378	410.34  
258.839	398.7   
259.299	394.04  
259.759	426.63  
260.22	356.79   
260.68	410.34   
261.14	363.77   
261.6	459.23    
262.06	363.77   
262.521	431.29  
262.981	326.52  
263.441	326.52  
263.901	426.63  
264.36	382.4    
264.82	370.76   
265.28	405.68   
265.74	438.27   
266.2	391.71    
266.659	447.59  
267.119	363.77  
267.579	440.6   
268.038	373.09  
268.498	387.05  
268.957	331.18  
269.416	438.27  
269.876	361.44  
270.335	387.05  
270.794	421.98  
271.254	398.7   
271.713	410.34  
272.172	391.71  
272.631	468.54  
273.09	421.98   
273.549	401.02  
274.008	340.49  
274.467	391.71  
274.926	417.32  
275.385	449.91  
275.843	382.4   
276.302	398.7   
276.761	470.87  
277.22	382.4    
277.678	449.91  
278.137	438.27  
278.595	359.12  
279.054	398.7   
279.512	382.4   
279.97	421.98   
280.429	494.15  
280.887	515.1   
281.345	438.27  
281.803	331.18  
282.262	412.66  
282.72	424.3    
283.178	515.1   
283.636	401.02  
284.094	454.57  
284.552	449.91  
285.01	435.95   
285.467	435.95  
285.925	345.15  
286.383	410.34  
286.841	342.82  
287.298	419.65  
287.756	349.8   
288.213	442.93  
288.671	424.3   
289.128	424.3   
289.586	419.65  
290.043	380.07  
290.5	473.2     
290.958	394.04  
291.415	459.23  
291.872	396.37  
292.329	391.71  
292.786	359.12  
293.243	408.01  
293.7	440.6     
294.157	459.23  
294.614	428.96  
295.071	408.01  
295.528	438.27  
295.985	366.1   
296.441	408.01  
296.898	466.21  
297.355	391.71  
297.811	442.93  
298.268	431.29  
298.724	359.12  
299.181	298.58  
299.637	414.99  
300.094	421.98  
300.55	366.1    
301.006	421.98  
301.462	405.68  
301.919	384.73  
302.375	421.98  
302.831	426.63  
303.287	449.91  
303.743	431.29  
304.199	417.32  
304.655	454.57  
305.11	414.99   
305.566	375.41  
306.022	412.66  
306.478	428.96  
306.933	382.4   
307.389	384.73  
307.845	421.98  
308.3	440.6     
308.756	414.99  
309.211	396.37  
309.666	417.32  
310.122	417.32  
310.577	412.66  
311.032	417.32  
311.487	482.51  
311.943	419.65  
312.398	419.65  
312.853	319.54  
313.308	419.65  
313.763	401.02  
314.218	456.9   
314.672	405.68  
315.127	408.01  
315.582	396.37  
316.037	396.37  
316.492	442.93  
316.946	384.73  
317.401	456.9   
317.855	421.98  
318.31	394.04   
318.764	426.63  
319.219	435.95  
319.673	433.62  
320.127	421.98  
320.582	370.76  
321.036	410.34  
321.49	447.59   
321.944	459.23  
322.398	408.01  
322.852	470.87  
323.306	382.4   
323.76	401.02   
324.214	533.73  
324.668	396.37  
325.122	426.63  
325.575	461.56  
326.029	466.21  
326.483	347.48  
326.936	398.7   
327.39	387.05   
327.843	408.01  
328.297	428.96  
328.75	408.01   
329.204	414.99  
329.657	435.95  
330.11	424.3    
330.564	428.96  
331.017	359.12  
331.47	338.16   
331.923	452.24  
332.376	380.07  
332.829	387.05  
333.282	394.04  
333.735	408.01  
334.188	473.2   
334.641	489.49  
335.093	426.63  
335.546	342.82  
335.999	433.62  
336.451	368.43  
336.904	468.54  
337.356	470.87  
337.809	340.49  
338.261	398.7   
338.714	375.41  
339.166	477.85  
339.618	389.38  
340.07	449.91   
340.523	396.37  
340.975	421.98  
341.427	389.38  
341.879	377.74  
342.331	431.29  
342.783	454.57  
343.235	408.01  
343.687	382.4   
344.138	421.98  
344.59	491.82   
345.042	475.52  
345.494	447.59  
345.945	382.4   
346.397	421.98  
346.848	405.68  
347.3	438.27    
347.751	456.9   
348.203	387.05  
348.654	445.26  
349.105	435.95  
349.556	484.84  
350.008	456.9   
350.459	435.95  
350.91	433.62   
351.361	414.99  
351.812	466.21  
352.263	419.65  
352.714	335.84  
353.165	366.1   
353.615	440.6   
354.066	480.18  
354.517	428.96  
354.968	419.65  
355.418	403.35  
355.869	342.82  
356.319	431.29  
356.77	526.74   
357.22	522.09   
357.671	468.54  
358.121	428.96  
358.571	426.63  
359.021	454.57  
359.472	442.93  
359.922	435.95  
360.372	354.46  
360.822	349.8   
361.272	442.93  
361.722	408.01  
362.172	414.99  
362.622	368.43  
363.071	440.6   
363.521	366.1   
363.971	396.37  
364.42	394.04   
364.87	440.6    
365.32	398.7    
365.769	463.88  
366.219	477.85  
366.668	426.63  
367.117	482.51  
367.567	419.65  
368.016	396.37  
368.465	408.01  
368.914	442.93  
369.363	387.05  
369.812	354.46  
370.261	398.7   
370.71	401.02   
371.159	459.23  
371.608	473.2   
372.057	410.34  
372.506	466.21  
372.955	470.87  
373.403	417.32  
373.852	289.27  
374.301	382.4   
374.749	401.02  
375.198	477.85  
375.646	405.68  
376.094	354.46  
376.543	382.4   
376.991	456.9   
377.439	459.23  
377.887	403.35  
378.336	410.34  
378.784	470.87  
379.232	373.09  
379.68	454.57   
380.128	440.6   
380.576	414.99  
381.023	375.41  
381.471	401.02  
381.919	484.84  
382.367	394.04  
382.814	431.29  
383.262	435.95  
383.71	447.59   
384.157	405.68  
384.605	352.13  
385.052	384.73  
385.499	424.3   
385.947	410.34  
386.394	412.66  
386.841	470.87  
387.288	459.23  
387.735	384.73  
388.182	447.59  
388.63	435.95   
389.076	459.23  
389.523	408.01  
389.97	389.38   
390.417	452.24  
390.864	433.62  
391.311	421.98  
391.757	349.8   
392.204	484.84  
392.651	477.85  
393.097	417.32  
393.544	449.91  
393.99	398.7    
394.436	419.65  
394.883	403.35  
395.329	419.65  
395.775	361.44  
396.221	401.02  
396.668	438.27  
397.114	347.48  
397.56	503.46   
398.006	498.81  
398.452	461.56  
398.897	391.71  
399.343	445.26  
399.789	410.34  
400.235	398.7   
400.681	487.16  
401.126	442.93  
401.572	438.27  
402.017	442.93  
402.463	373.09  
402.908	440.6   
403.354	384.73  
403.799	387.05  
404.244	426.63  
404.689	456.9   
405.135	454.57  
405.58	491.82   
406.025	449.91  
406.47	401.02   
406.915	424.3   
407.36	363.77   
407.805	433.62  
408.25	408.01   
408.694	438.27  
409.139	375.41  
409.584	387.05  
410.029	435.95  
410.473	442.93  
410.918	461.56  
411.362	482.51  
411.807	454.57  
412.251	470.87  
412.695	394.04  
413.14	426.63   
413.584	414.99  
414.028	340.49  
414.472	375.41  
414.916	477.85  
415.36	466.21   
415.804	403.35  
416.248	417.32  
416.692	449.91  
417.136	394.04  
417.58	414.99   
418.024	384.73  
418.467	373.09  
418.911	491.82  
419.355	356.79  
419.798	445.26  
420.242	445.26  
420.685	438.27  
421.128	401.02  
421.572	477.85  
422.015	466.21  
422.458	414.99  
422.902	494.15  
423.345	484.84  
423.788	482.51  
424.231	442.93  
424.674	454.57  
425.117	461.56  
425.56	382.4    
426.003	480.18  
426.445	412.66  
426.888	438.27  
427.331	421.98  
427.773	382.4   
428.216	431.29  
428.659	412.66  
429.101	428.96  
429.543	352.13  
429.986	401.02  
430.428	421.98  
430.87	426.63   
431.313	405.68  
431.755	428.96  
432.197	414.99  
432.639	384.73  
433.081	438.27  
433.523	431.29  
433.965	461.56  
434.407	426.63  
434.849	403.35  
435.291	489.49  
435.732	375.41  
436.174	417.32  
436.616	475.52  
437.057	454.57  
437.499	384.73  
437.94	384.73   
438.382	456.9   
438.823	438.27  
439.264	387.05  
439.706	449.91  
440.147	468.54  
440.588	410.34  
441.029	414.99  
441.47	431.29   
441.911	375.41  
442.352	408.01  
442.793	419.65  
443.234	380.07  
443.675	398.7   
444.116	380.07  
444.556	456.9   
444.997	391.71  
445.438	359.12  
445.878	405.68  
446.319	340.49  
446.759	517.43  
447.199	461.56  
447.64	384.73   
448.08	445.26   
448.52	440.6    
448.961	398.7   
449.401	403.35  
449.841	459.23  
450.281	349.8   
450.721	380.07  
451.161	391.71  
451.601	375.41  
452.041	459.23  
452.48	431.29   
452.92	498.81   
453.36	484.84   
453.799	389.38  
454.239	445.26  
454.679	435.95  
455.118	459.23  
455.557	452.24  
455.997	433.62  
456.436	475.52  
456.875	382.4   
457.315	408.01  
457.754	384.73  
458.193	445.26  
458.632	377.74  
459.071	452.24  
459.51	419.65   
459.949	449.91  
460.388	433.62  
460.827	431.29  
461.265	389.38  
461.704	433.62  
462.143	394.04  
462.581	352.13  
463.02	421.98   
463.458	396.37  
463.897	403.35  
464.335	435.95  
464.774	387.05  
465.212	477.85  
465.65	412.66   
466.088	412.66  
466.527	414.99  
466.965	477.85  
467.403	394.04  
467.841	445.26  
468.279	394.04  
468.716	408.01  
469.154	445.26  
469.592	389.38  
470.03	345.15   
470.467	384.73  
470.905	424.3   
471.343	401.02  
471.78	419.65   
472.218	419.65  
472.655	454.57  
473.092	454.57  
473.53	424.3    
473.967	424.3   
474.404	410.34  
474.841	466.21  
475.278	387.05  
475.716	361.44  
476.153	426.63  
476.589	373.09  
477.026	410.34  
477.463	394.04  
477.9	438.27    
478.337	340.49  
478.773	447.59  
479.21	405.68   
479.647	389.38  
480.083	508.12  
480.52	468.54   
480.956	428.96  
481.392	412.66  
481.829	368.43  
482.265	398.7   
482.701	417.32  
483.137	452.24  
483.574	431.29  
484.01	463.88   
484.446	452.24  
484.882	354.46  
485.317	389.38  
485.753	398.7   
486.189	470.87  
486.625	389.38  
487.061	340.49  
487.496	484.84  
487.932	470.87  
488.367	477.85  
488.803	396.37  
489.238	421.98  
489.674	414.99  
490.109	417.32  
490.544	417.32  
490.979	445.26  
491.415	408.01  
491.85	389.38   
492.285	405.68  
492.72	391.71   
493.155	396.37  
493.59	456.9    
494.024	438.27  
494.459	366.1   
494.894	335.84  
495.329	477.85  
495.763	405.68  
496.198	466.21  
496.632	412.66  
497.067	461.56  
497.501	403.35  
497.936	380.07  
498.37	387.05   
498.804	389.38  
499.238	482.51  
499.673	394.04  
500.107	387.05  
500.541	468.54  
500.975	503.46  
501.409	484.84  
501.843	394.04  
502.277	463.88  
502.71	394.04   
503.144	414.99  
503.578	391.71  
504.011	435.95  
504.445	410.34  
504.878	487.16  
505.312	454.57  
505.745	401.02  
506.179	345.15  
506.612	466.21  
507.045	459.23  
507.479	470.87  
507.912	317.21  
508.345	414.99  
508.778	382.4   
509.211	482.51  
509.644	431.29  
510.077	461.56  
510.509	431.29  
510.942	349.8   
511.375	466.21  
511.808	463.88  
512.24	468.54   
512.673	473.2   
513.105	426.63  
513.538	377.74  
513.97	359.12   
514.403	412.66  
514.835	475.52  
515.267	428.96  
515.699	440.6   
516.131	445.26  
516.564	449.91  
516.996	405.68  
517.428	419.65  
517.859	426.63  
518.291	461.56  
518.723	370.76  
519.155	435.95  
519.587	387.05  
520.018	424.3   
520.45	426.63   
520.881	480.18  
521.313	424.3   
521.744	389.38  
522.176	445.26  
522.607	428.96  
523.038	398.7   
523.47	375.41   
523.901	405.68  
524.332	377.74  
524.763	433.62  
525.194	438.27  
525.625	408.01  
526.056	431.29  
526.487	389.38  
526.917	408.01  
527.348	480.18  
527.779	345.15  
528.21	445.26   
528.64	447.59   
529.071	382.4   
529.501	440.6   
529.932	410.34  
530.362	494.15  
530.792	401.02  
531.222	438.27  
531.653	431.29  
532.083	396.37  
532.513	438.27  
532.943	405.68  
533.373	424.3   
533.803	403.35  
534.233	482.51  
534.663	442.93  
535.092	394.04  
535.522	408.01  
535.952	408.01  
536.381	475.52  
536.811	398.7   
537.24	463.88   
537.67	447.59   
538.099	489.49  
538.529	391.71  
538.958	461.56  
539.387	419.65  
539.816	419.65  
540.245	459.23  
540.674	456.9   
541.103	505.79  
541.532	424.3   
541.961	410.34  
542.39	435.95   
542.819	419.65  
543.248	505.79  
543.676	412.66  
544.105	401.02  
544.534	419.65  
544.962	428.96  
545.391	375.41  
545.819	449.91  
546.247	428.96  
546.676	494.15  
547.104	382.4   
547.532	394.04  
547.96	482.51   
548.388	414.99  
548.816	414.99  
549.244	410.34  
549.672	454.57  
550.1	494.15    
550.528	412.66  
550.956	389.38  
551.383	419.65  
551.811	396.37  
552.238	414.99  
552.666	403.35  
553.094	470.87  
553.521	373.09  
553.948	421.98  
554.376	477.85  
554.803	440.6   
555.23	431.29   
555.657	428.96  
556.084	356.79  
556.511	440.6   
556.938	505.79  
557.365	417.32  
557.792	442.93  
558.219	435.95  
558.646	408.01  
559.072	440.6   
559.499	489.49  
559.926	356.79  
560.352	494.15  
560.779	447.59  
561.205	454.57  
561.632	496.48  
562.058	524.42  
562.484	401.02  
562.91	461.56   
563.337	401.02  
563.763	426.63  
564.189	375.41  
564.615	373.09  
565.041	459.23  
565.466	456.9   
565.892	456.9   
566.318	487.16  
566.744	442.93  
567.169	454.57  
567.595	480.18  
568.021	550.02  
568.446	529.07  
568.872	533.73  
569.297	461.56  
569.722	459.23  
570.148	452.24  
570.573	498.81  
570.998	505.79  
571.423	431.29  
571.848	510.45  
572.273	557.01  
572.698	477.85  
573.123	463.88  
573.548	473.2   
573.973	475.52  
574.397	508.12  
574.822	533.73  
575.247	456.9   
575.671	503.46  
576.096	526.74  
576.52	584.95   
576.944	529.07  
577.369	619.87  
577.793	559.34  
578.217	687.39  
578.641	629.18  
579.065	619.87  
579.49	668.76   
579.914	615.21  
580.337	624.53  
580.761	547.7   
581.185	664.1   
581.609	731.62  
582.033	652.46  
582.456	699.03  
582.88	699.03   
583.303	673.42  
583.727	719.98  
584.15	685.06   
584.574	717.65  
584.997	778.18  
585.42	808.45   
585.844	845.7   
586.267	882.95  
586.69	931.84   
587.113	929.51  
587.536	866.65  
587.959	829.4   
588.382	852.68  
588.804	941.15  
589.227	899.25  
589.65	1020.31  
590.073	1015.65 
590.495	1008.67 
590.918	1066.87 
591.34	1199.58  
591.763	1120.42 
592.185	1141.37 
592.607	1185.61 
593.03	1250.8   
593.452	1309    
593.874	1260.11 
594.296	1376.52 
594.718	1409.11 
595.14	1572.08  
595.562	1520.86 
595.984	1600.02 
596.406	1667.54 
596.827	1786.27 
597.249	1825.85 
597.671	1790.93 
598.092	1825.85 
598.514	1858.44 
598.935	1891.04 
599.357	2021.41 
599.778	2093.59 
600.199	2356.67 
600.621	2354.34 
601.042	2496.36 
601.463	2645.36 
601.884	2659.33 
602.305	2785.05 
602.726	2785.05 
603.147	2831.61 
603.568	2836.26 
603.988	2996.91 
604.409	3069.08 
604.83	3199.46  
605.25	3460.21  
605.671	3583.6  
606.092	3860.65 
606.512	4077.17 
606.932	4296.01 
607.353	4458.98 
607.773	4400.78 
608.193	4314.64 
608.613	4638.25 
609.034	4435.7  
609.454	4656.88 
609.874	4794.24 
610.293	5045.68 
610.713	5392.57 
611.133	5609.09 
611.553	6100.33 
611.973	6640.46 
612.392	6961.74 
612.812	7203.87 
613.231	7597.32 
613.651	7557.75 
614.07	7795.22  
614.49	7592.67  
614.909	7778.92 
615.328	8037.34 
615.747	8486.68 
616.167	8991.88 
616.586	9771.81 
617.005	10628.57
617.424	11594.75
617.843	12179.12
618.261	13184.88
618.68	13496.85 
619.099	13901.95
619.518	14113.81
619.936	14369.9 
620.355	14225.56
620.773	14665.58
621.192	14826.22
621.61	15410.58 
622.029	16050.83
622.447	17058.91
622.865	18746.82
623.283	20166.99
623.701	21368.31
624.119	22627.84
624.537	23375.17
624.955	23403.11
625.373	23587.04
625.791	23358.88
626.209	23058.55
626.627	22923.51
627.044	23100.45
627.462	23258.77
627.879	24346.01
628.297	25330.82
628.714	26525.16
629.132	28853.3 
629.549	30352.63
629.966	32233.77
630.383	33172.02
630.8	34096.29  
631.217	33900.73
631.634	32964.81
632.051	31977.68
632.468	30722.81
632.885	29551.75
633.302	28699.65
633.719	27356.31
634.135	27076.93
634.552	27062.96
634.969	26981.47
635.385	26737.02
635.801	27177.04
636.218	26893   
636.634	26080.48
637.05	25077.05 
637.467	23826.83
637.883	22097.02
638.299	19976.08
638.715	18022.77
639.131	16474.55
639.547	14586.42
639.963	13513.15
640.378	12153.51
640.794	11378.23
641.21	10481.9  
641.626	10032.57
642.041	9336.45 
642.457	8735.79 
642.872	8358.63 
643.287	7839.45 
643.703	6936.13 
644.118	6610.19 
644.533	5853.54 
644.948	5292.46 
645.364	4838.47 
645.779	4354.22 
646.194	3972.4  
646.609	3672.07 
647.023	3448.57 
647.438	3220.41 
647.853	3145.91 
648.268	2913.09 
648.682	2778.06 
649.097	2703.56 
649.511	2487.04 
649.926	2379.95 
650.34	2175.07  
650.755	2070.3  
651.169	1958.55 
651.583	1765.32 
651.997	1562.77 
652.411	1353.24 
652.825	1357.89 
653.239	1325.3  
653.653	1194.92 
654.067	1253.12 
654.481	1176.3  
654.895	1099.47 
655.309	1069.2  
655.722	1013.33 
656.136	1050.58 
656.549	896.92  
656.963	862     
657.376	862     
657.79	927.18   
658.203	759.56  
658.616	808.45  
659.029	706.01  
659.442	687.39  
659.855	747.92  
660.268	640.82  
660.681	717.65  
661.094	685.06  
661.507	615.21  
661.92	654.79   
662.333	619.87  
662.745	633.84  
663.158	524.42  
663.57	596.59   
663.983	617.54  
664.395	515.1   
664.808	554.68  
665.22	622.2    
665.632	526.74  
666.044	543.04  
666.456	533.73  
666.868	491.82  
667.28	540.71   
667.692	552.35  
668.104	440.6   
668.516	477.85  
668.928	424.3   
669.34	466.21   
669.751	454.57  
670.163	501.13  
670.574	491.82  
670.986	533.73  
671.397	494.15  
671.809	428.96  
672.22	494.15   
672.631	517.43  
673.042	449.91  
673.453	419.65  
673.864	433.62  
674.275	442.93  
674.686	435.95  
675.097	463.88  
675.508	489.49  
675.919	459.23  
676.33	449.91   
676.74	494.15   
677.151	405.68  
677.561	440.6   
677.972	454.57  
678.382	421.98  
678.792	433.62  
679.203	449.91  
679.613	398.7   
680.023	303.24  
680.433	491.82  
680.843	454.57  
681.253	366.1   
681.663	405.68  
682.073	412.66  
682.483	382.4   
682.893	466.21  
683.302	519.76  
683.712	491.82  
684.122	431.29  
684.531	391.71  
684.94	442.93   
685.35	405.68   
685.759	452.24  
686.168	370.76  
686.578	512.77  
686.987	491.82  
687.396	491.82  
687.805	473.2   
688.214	349.8   
688.623	377.74  
689.032	438.27  
689.44	489.49   
689.849	410.34  
690.258	398.7   
690.666	347.48  
691.075	442.93  
691.484	487.16  
691.892	424.3   
692.3	452.24    
692.709	417.32  
693.117	375.41  
693.525	482.51  
693.933	421.98  
694.341	417.32  
694.749	368.43  
695.157	431.29  
695.565	359.12  
695.973	449.91  
696.381	391.71  
696.788	417.32  
697.196	431.29  
697.604	412.66  
698.011	417.32  
698.419	391.71  
698.826	359.12  
699.234	408.01  
699.641	380.07  
700.048	405.68  
700.455	424.3   
700.862	389.38  
701.269	494.15  
701.676	387.05  
702.083	398.7   
702.49	440.6    
702.897	414.99  
703.304	452.24  
703.71	384.73   
704.117	326.52  
704.524	394.04  
704.93	435.95   
705.337	421.98  
705.743	403.35  
706.149	428.96  
706.556	496.48  
706.962	410.34  
707.368	431.29  
707.774	426.63  
708.18	410.34   
708.586	417.32  
708.992	456.9   
709.398	412.66  
709.804	428.96  
710.209	424.3   
710.615	419.65  
711.021	391.71  
711.426	412.66  
711.832	428.96  
712.237	421.98  
712.642	391.71  
713.048	424.3   
713.453	463.88  
713.858	414.99  
714.263	338.16  
714.668	345.15  
715.073	408.01  
715.478	466.21  
715.883	449.91  
716.288	431.29  
716.693	359.12  
717.097	447.59  
717.502	452.24  
717.906	398.7   
718.311	440.6   
718.715	463.88  
719.12	480.18   
719.524	449.91  
719.928	373.09  
720.333	389.38  
720.737	401.02  
721.141	440.6   
721.545	366.1   
721.949	293.93  
722.353	424.3   
722.757	331.18  
723.16	417.32   
723.564	408.01  
723.968	328.85  
724.371	375.41  
724.775	449.91  
725.178	359.12  
725.582	377.74  
725.985	412.66  
726.388	482.51  
726.792	440.6   
727.195	431.29  
727.598	375.41  
728.001	347.48  
728.404	438.27  
728.807	389.38  
729.21	403.35   
729.612	403.35  
730.015	440.6   
730.418	452.24  
730.82	349.8    
731.223	389.38  
731.625	445.26  
732.028	477.85  
732.43	403.35   
732.833	417.32  
733.235	424.3   
733.637	396.37  
734.039	380.07  
734.441	482.51  
734.843	428.96  
735.245	412.66  
735.647	408.01  
736.049	391.71  
736.451	405.68  
736.852	475.52  
737.254	459.23  
737.655	396.37  
738.057	382.4   
738.458	403.35  
738.86	433.62   
739.261	417.32  
739.662	389.38  
740.064	377.74  
740.465	328.85  
740.866	398.7   
741.267	340.49  
741.668	410.34  
742.069	445.26  
742.469	491.82  
742.87	401.02   
743.271	421.98  
743.672	442.93  
744.072	349.8   
744.473	410.34  
744.873	494.15  
745.274	463.88  
745.674	389.38  
746.074	440.6   
746.474	382.4   
746.875	475.52  
747.275	382.4   
747.675	382.4   
748.075	398.7   
748.474	461.56  
748.874	391.71  
749.274	368.43  
749.674	373.09  
750.073	391.71  
750.473	440.6   
750.873	373.09  
751.272	412.66  
751.671	410.34  
752.071	414.99  
752.47	421.98   
752.869	414.99  
753.268	366.1   
753.668	405.68  
754.067	394.04  
754.466	361.44  
754.864	375.41  
755.263	435.95  
755.662	426.63  
756.061	412.66  
756.459	419.65  
756.858	408.01  
757.257	452.24  
757.655	401.02  
758.053	440.6   
758.452	461.56  
758.85	419.65   
759.248	408.01  
759.646	401.02  
760.045	468.54  
760.443	468.54  
760.841	359.12  
761.238	373.09  
761.636	405.68  
762.034	389.38  
762.432	426.63  
762.829	408.01  
763.227	414.99  
763.625	361.44  
764.022	508.12  
764.419	373.09  
764.817	354.46  
765.214	352.13  
765.611	494.15  
766.008	398.7   
766.406	456.9   
766.803	303.24  
767.199	419.65  
767.596	363.77  
767.993	452.24  
768.39	433.62   
768.787	403.35  
769.183	387.05  
769.58	377.74   
769.977	366.1   
770.373	333.51  
770.769	394.04  
771.166	324.19  
771.562	394.04  
771.958	347.48  
772.354	373.09  
772.75	431.29   
773.146	405.68  
773.542	408.01  
773.938	412.66  
774.334	438.27  
774.73	408.01   
775.126	408.01  
775.521	396.37  
775.917	454.57  
776.312	410.34  
776.708	354.46  
777.103	368.43  
777.499	412.66  
777.894	363.77  
778.289	373.09  
778.684	391.71  
779.079	328.85  
779.474	380.07  
779.869	405.68  
780.264	414.99  
780.659	317.21  
781.054	314.88  
781.448	363.77  
781.843	370.76  
782.238	370.76  
782.632	456.9   
783.027	405.68  
783.421	391.71  
783.815	387.05  
784.21	368.43   
784.604	419.65  
784.998	417.32  
785.392	433.62  
785.786	412.66  
786.18	384.73   
786.574	428.96  
786.968	461.56  
787.361	347.48  
787.755	449.91  
788.149	361.44  
788.542	387.05  
788.936	445.26  
789.329	435.95  
789.722	366.1   
790.116	470.87  
790.509	473.2   
790.902	438.27  
791.295	391.71  
791.688	347.48  
792.081	463.88  
792.474	405.68  
792.867	382.4   
793.26	438.27   
793.653	403.35  
794.045	438.27  
794.438	412.66  
794.83	452.24   
795.223	433.62  
795.615	463.88  
796.008	401.02  
796.4	421.98    
796.792	412.66  
797.184	417.32  
797.576	414.99  
797.968	401.02  
798.36	389.38   
798.752	449.91  
799.144	401.02  
799.536	384.73  
799.928	405.68  
800.319	405.68  
800.711	482.51  
801.102	405.68  
801.494	440.6   
801.885	408.01  
802.276	389.38  
802.668	401.02  
803.059	459.23  
803.45	426.63   
803.841	480.18  
804.232	442.93  
804.623	405.68  
805.014	426.63  
805.405	480.18  
805.795	426.63  
806.186	361.44  
806.577	394.04  
806.967	484.84  
807.358	417.32  
807.748	438.27  
808.139	349.8   
808.529	426.63  
808.919	368.43  
809.309	470.87  
809.699	484.84  
810.089	454.57  
810.479	419.65  
810.869	356.79  
811.259	412.66  
811.649	405.68  
812.039	382.4   
812.428	433.62  
812.818	426.63  
813.207	449.91  
813.597	412.66  
813.986	345.15  
814.376	403.35  
814.765	391.71  
815.154	463.88  
815.543	380.07  
815.932	391.71  
816.321	459.23  
816.71	396.37   
817.099	456.9   
817.488	433.62  
817.877	401.02  
818.265	501.13  
818.654	375.41  
819.043	433.62  
819.431	384.73  
819.819	424.3   
820.208	480.18  
820.596	487.16  
820.984	389.38  
821.372	421.98  
821.761	394.04  
822.149	435.95  
822.537	408.01  
822.924	447.59  
823.312	449.91  
823.7	408.01    
824.088	396.37  
824.475	410.34  
824.863	452.24  
825.251	394.04  
825.638	447.59  
826.025	482.51  
826.413	396.37  
826.8	445.26    
827.187	435.95  
827.574	424.3   
827.961	377.74  
828.348	435.95  
828.735	391.71  
829.122	428.96  
829.509	412.66  
829.896	333.51  
830.282	447.59  
830.669	410.34  
831.055	396.37  
831.442	431.29  
831.828	536.06  
832.215	456.9   
832.601	424.3   
832.987	412.66  
833.373	394.04  
833.759	435.95  
834.145	475.52  
834.531	384.73  
834.917	380.07  
835.303	408.01  
835.689	447.59  
836.074	447.59  
836.46	421.98   
836.846	419.65  
837.231	368.43  
837.617	424.3   
838.002	489.49  
838.387	445.26  
838.772	438.27  
839.158	366.1   
839.543	431.29  
839.928	384.73  
840.313	396.37  
840.698	452.24  
841.082	538.38  
841.467	454.57  
841.852	449.91  
842.237	384.73  
842.621	459.23  
843.006	428.96  
843.39	428.96   
843.774	463.88  
844.159	412.66  
844.543	445.26  
844.927	396.37  
845.311	456.9   
845.695	387.05  
846.079	473.2   
846.463	405.68  
846.847	394.04  
847.231	414.99  
847.615	398.7   
847.998	414.99  
848.382	431.29  
848.765	435.95  
849.149	342.82  
849.532	359.12  
849.916	421.98  
850.299	389.38  
850.682	368.43  
851.065	433.62  
851.448	375.41  
851.831	449.91  
852.214	452.24  
852.597	403.35  
852.98	426.63   
853.363	431.29  
853.745	431.29  
854.128	412.66  
854.51	431.29   
854.893	396.37  
855.275	417.32  
855.658	440.6   
856.04	403.35   
856.422	370.76  
856.804	426.63  
857.186	456.9   
857.568	459.23  
857.95	482.51   
858.332	508.12  
858.714	438.27  
859.096	391.71  
859.477	463.88  
859.859	433.62  
860.24	389.38   
860.622	447.59  
861.003	373.09  
861.385	368.43  
861.766	473.2   
862.147	419.65  
862.528	368.43  
862.909	391.71  
863.29	398.7    
863.671	377.74  
864.052	438.27  
864.433	352.13  
864.814	438.27  
865.194	424.3   
865.575	421.98  
865.955	470.87  
866.336	401.02  
866.716	405.68  
867.097	468.54  
867.477	463.88  
867.857	412.66  
868.237	480.18  
868.617	417.32  
868.997	398.7   
869.377	405.68  
869.757	449.91  
870.137	426.63  
870.517	373.09  
870.896	410.34  
871.276	473.2   
871.655	435.95  
872.035	410.34  
872.414	354.46  
872.794	447.59  
873.173	377.74  
873.552	461.56  
873.931	452.24  
874.31	359.12   
874.689	424.3   
875.068	519.76  
875.447	408.01  
875.826	426.63  
876.205	473.2   
876.583	426.63  
876.962	373.09  
877.341	433.62  
877.719	531.4   
878.097	405.68  
878.476	391.71  
878.854	480.18  
879.232	412.66  
879.61	447.59   
879.988	454.57  
880.366	363.77  
880.744	510.45  
881.122	370.76  
881.5	377.74    
881.878	414.99  
882.255	387.05  
882.633	391.71  
883.011	438.27  
883.388	431.29  
883.765	366.1   
884.143	384.73  
884.52	410.34   
884.897	438.27  
885.274	408.01  
885.651	421.98  
886.028	398.7   
886.405	377.74  
886.782	489.49  
887.159	405.68  
887.536	370.76  
887.912	503.46  
888.289	403.35  
888.665	403.35  
889.042	370.76  
889.418	456.9   
889.794	424.3   
890.171	394.04  
890.547	412.66  
890.923	424.3   
891.299	405.68  
891.675	389.38  
892.051	440.6   
892.427	384.73  
892.803	468.54  
893.178	375.41  
893.554	387.05  
893.929	412.66  
894.305	417.32  
894.68	440.6    
895.056	408.01  
895.431	384.73  
895.806	421.98  
896.181	396.37  
896.557	408.01  
896.932	359.12  
897.307	435.95  
897.681	366.1   
898.056	463.88  
898.431	396.37  
898.806	487.16  
899.18	401.02   
899.555	380.07  
899.929	349.8   
900.304	352.13  
900.678	398.7   
901.052	424.3   
901.427	428.96  
901.801	435.95  
902.175	373.09  
902.549	396.37  
902.923	482.51  
903.297	396.37  
903.67	414.99   
904.044	438.27  
904.418	384.73  
904.791	480.18  
905.165	380.07  
905.538	356.79  
905.912	452.24  
906.285	300.91  
906.658	421.98  
907.032	419.65  
907.405	435.95  
907.778	440.6   
908.151	370.76  
908.524	398.7   
908.896	428.96  
909.269	466.21  
909.642	398.7   
910.015	354.46  
910.387	424.3   
910.76	424.3    
911.132	456.9   
911.504	312.55  
911.877	345.15  
912.249	408.01  
912.621	352.13  
912.993	419.65  
913.365	389.38  
913.737	456.9   
914.109	428.96  
914.481	424.3   
914.853	373.09  
915.224	377.74  
915.596	414.99  
915.968	410.34  
916.339	389.38  
916.71	410.34   
917.082	403.35  
917.453	389.38  
917.824	419.65  
918.195	475.52  
918.566	414.99  
918.937	459.23  
919.308	466.21  
919.679	391.71  
920.05	405.68   
920.421	435.95  
920.791	468.54  
921.162	438.27  
921.532	419.65  
921.903	426.63  
922.273	419.65  
922.644	394.04  
923.014	363.77  
923.384	368.43  
923.754	456.9   
924.124	410.34  
924.494	449.91  
924.864	424.3   
925.234	412.66  
925.604	428.96  
925.973	401.02  
926.343	403.35  
926.712	421.98  
927.082	338.16  
927.451	363.77  
927.821	396.37  
928.19	417.32   
928.559	361.44  
928.928	403.35  
929.297	480.18  
929.666	389.38  
930.035	470.87  
930.404	382.4   
930.773	394.04  
931.142	408.01  
931.51	405.68   
931.879	431.29  
932.247	354.46  
932.616	445.26  
932.984	387.05  
933.353	375.41  
933.721	421.98  
934.089	359.12  
934.457	401.02  
934.825	384.73  
935.193	338.16  
935.561	394.04  
935.929	370.76  
936.296	414.99  
936.664	380.07  
937.032	398.7   
937.399	384.73  
937.767	401.02  
938.134	389.38  
938.501	368.43  
938.869	377.74  
939.236	421.98  
939.603	405.68  
939.97	391.71   
940.337	380.07  
940.704	338.16  
941.071	389.38  
941.438	384.73  
941.804	396.37  
942.171	317.21  
942.538	356.79  
942.904	410.34  
943.27	473.2    
943.637	431.29  
944.003	387.05  
944.369	408.01  
944.735	368.43  
945.102	456.9   
945.468	370.76  
945.833	473.2   
946.199	410.34  
946.565	361.44  
946.931	424.3   
947.296	414.99  
947.662	391.71  
948.028	424.3   
948.393	368.43  
948.758	417.32  
949.124	463.88  
949.489	414.99  
949.854	454.57  
950.219	352.13  
950.584	382.4   
950.949	452.24  
951.314	435.95  
951.679	382.4   
952.044	349.8   
952.408	475.52  
952.773	426.63  
953.137	414.99  
953.502	419.65  
953.866	440.6   
954.231	354.46  
954.595	401.02  
954.959	375.41  
955.323	377.74  
955.687	398.7   
956.051	438.27  
956.415	373.09  
956.779	417.32  
957.143	384.73  
957.506	428.96  
957.87	419.65   
958.234	438.27  
958.597	368.43  
958.961	449.91  
959.324	326.52  
959.687	373.09  
960.05	382.4    
960.413	389.38  
960.776	417.32  
961.139	428.96  
961.502	410.34  
961.865	405.68  
962.228	433.62  
962.591	401.02  
962.953	382.4   
963.316	368.43  
963.678	408.01  
964.041	440.6   
964.403	405.68  
964.765	410.34  
965.128	384.73  
965.49	382.4    
965.852	417.32  
966.214	431.29  
966.576	405.68  
966.938	487.16  
967.299	410.34  
967.661	452.24  
968.023	449.91  
968.384	417.32  
968.746	370.76  
969.107	428.96  
969.469	445.26  
969.83	394.04   
970.191	377.74  
970.552	354.46  
970.913	387.05  
971.274	382.4   
971.635	380.07  
971.996	403.35  
972.357	419.65  
972.718	361.44  
973.078	373.09  
973.439	368.43  
973.8	417.32    
974.16	447.59   
974.52	405.68   
974.881	377.74  
975.241	459.23  
975.601	466.21  
975.961	382.4   
976.321	454.57  
976.681	375.41  
977.041	459.23  
977.401	345.15  
977.76	461.56   
978.12	414.99   
978.48	445.26   
978.839	417.32  
979.199	480.18  
979.558	435.95  
979.917	352.13  
980.277	419.65  
980.636	373.09  
980.995	319.54  
981.354	377.74  
981.713	382.4   
982.072	419.65  
982.43	438.27   
982.789	431.29  
983.148	412.66  
983.506	405.68  
983.865	489.49  
984.223	498.81  
984.582	431.29  
984.94	384.73   
985.298	398.7   
985.656	361.44  
986.015	454.57  
986.373	380.07  
986.731	403.35  
987.088	382.4   
987.446	373.09  
987.804	382.4   
988.162	470.87  
988.519	426.63  
988.877	340.49  
989.234	405.68  
989.591	419.65  
989.949	394.04  
990.306	396.37  
990.663	403.35  
991.02	403.35   
991.377	452.24  
991.734	417.32  
992.091	380.07  
992.448	361.44  
992.805	361.44  
993.161	431.29  
993.518	396.37  
993.874	405.68  
994.231	438.27  
994.587	461.56  
994.943	417.32  
995.3	426.63    
995.656	431.29  
996.012	433.62  
996.368	361.44  
996.724	414.99  
997.08	335.84   
997.435	398.7   
997.791	361.44  
998.147	419.65  
998.502	375.41  
998.858	391.71  
999.213	345.15  
999.569	414.99  
999.924	396.37  
1000.279	421.98 
1000.634	373.09 
1000.989	312.55 
1001.344	412.66 
1001.699	394.04 
1002.054	412.66 
1002.409	382.4  
1002.764	412.66 
1003.118	352.13 
1003.473	426.63 
1003.827	328.85 
1004.182	447.59 
1004.536	398.7  
1004.89	442.93  
1005.245	419.65 
1005.599	412.66 
1005.953	373.09 
1006.307	405.68 
1006.661	398.7  
1007.015	494.15 
1007.368	361.44 
1007.722	461.56 
1008.076	384.73 
1008.429	461.56 
1008.783	354.46 
1009.136	382.4  
1009.489	394.04 
1009.843	398.7  
1010.196	477.85 
1010.549	326.52 
1010.902	452.24 
1011.255	398.7  
1011.608	401.02 
1011.961	426.63 
1012.313	382.4  
1012.666	389.38 
1013.019	503.46 
1013.371	442.93 
1013.724	377.74 
1014.076	396.37 
1014.428	414.99 
1014.781	401.02 
1015.133	412.66 
1015.485	412.66 
1015.837	366.1  
1016.189	375.41 
1016.541	396.37 
1016.893	440.6  
1017.244	408.01 
1017.596	426.63 
1017.947	338.16 
1018.299	375.41 
1018.65	477.85  
1019.002	424.3  
1019.353	391.71 
1019.704	477.85 
1020.055	435.95 
1020.407	435.95 
1020.758	380.07 
1021.108	368.43 
1021.459	384.73 
1021.81	442.93  
1022.161	345.15 
1022.511	433.62 
1022.862	380.07 
1023.213	352.13 
1023.563	421.98 
1023.913	438.27 
1024.264	454.57 
1024.614	419.65 
1024.964	405.68 
1025.314	384.73 
1025.664	373.09 
1026.014	368.43 
1026.364	331.18 
1026.713	408.01 
1027.063	366.1  
1027.413	345.15 
1027.762	412.66 
1028.112	501.13 
1028.461	387.05 
1028.81	366.1   
1029.16	424.3   
1029.509	449.91 
1029.858	424.3  
1030.207	380.07 
1030.556	394.04 
1030.905	370.76 
1031.254	408.01 
1031.602	491.82 
1031.951	373.09 
1032.3	421.98   
1032.648	396.37 
1032.996	396.37 
1033.345	396.37 