187.879	-51.36  
188.346	-51.36  
188.813	-51.36  
189.28	-49.04   
189.747	-44.38  
190.214	-97.93  
190.681	-109.57 
191.148	-69.99  
191.614	-151.48 
192.081	-107.24 
192.548	-51.36  
193.014	13.82   
193.481	-46.71  
193.948	25.46   
194.414	-14.11  
194.881	51.07   
195.347	92.98   
195.813	90.65   
196.28	155.84   
196.746	125.57  
197.212	92.98   
197.678	137.22  
198.145	151.18  
198.611	179.12  
199.077	232.67  
199.543	202.4   
200.009	276.9   
200.475	283.89  
200.941	241.98  
201.407	244.31  
201.873	314.15  
202.338	365.37  
202.804	349.08  
203.27	379.34   
203.735	325.8   
204.201	416.59  
204.667	414.26  
205.132	372.36  
205.598	430.56  
206.063	416.59  
206.529	416.59  
206.994	465.48  
207.459	439.87  
207.925	423.58  
208.39	430.56   
208.855	425.91  
209.32	365.37   
209.785	428.23  
210.25	400.3    
210.715	418.92  
211.18	411.94   
211.645	446.86  
212.11	453.84   
212.575	407.28  
213.04	402.62   
213.504	367.7   
213.969	323.47  
214.434	425.91  
214.899	407.28  
215.363	395.64  
215.828	316.48  
216.292	379.34  
216.757	356.06  
217.221	342.09  
217.685	512.05  
218.15	425.91   
218.614	444.53  
219.078	390.98  
219.542	393.31  
220.007	463.16  
220.471	365.37  
220.935	332.78  
221.399	388.65  
221.863	404.95  
222.327	421.25  
222.791	316.48  
223.254	407.28  
223.718	351.4   
224.182	358.39  
224.646	390.98  
225.109	463.16  
225.573	519.03  
226.037	402.62  
226.5	386.33    
226.964	421.25  
227.427	421.25  
227.89	290.87   
228.354	344.42  
228.817	358.39  
229.28	395.64   
229.744	418.92  
230.207	367.7   
230.67	435.22   
231.133	418.92  
231.596	451.51  
232.059	384     
232.522	363.05  
232.985	393.31  
233.448	388.65  
233.911	353.73  
234.374	409.61  
234.836	384     
235.299	386.33  
235.762	444.53  
236.224	509.72  
236.687	453.84  
237.149	409.61  
237.612	404.95  
238.074	467.81  
238.537	397.97  
238.999	439.87  
239.461	449.19  
239.924	377.01  
240.386	367.7   
240.848	453.84  
241.31	395.64   
241.772	367.7   
242.234	372.36  
242.696	330.45  
243.158	402.62  
243.62	363.05   
244.082	293.2   
244.544	379.34  
245.006	316.48  
245.468	363.05  
245.929	439.87  
246.391	400.3   
246.852	379.34  
247.314	421.25  
247.776	416.59  
248.237	428.23  
248.698	430.56  
249.16	421.25   
249.621	330.45  
250.082	425.91  
250.544	439.87  
251.005	428.23  
251.466	432.89  
251.927	404.95  
252.388	411.94  
252.849	377.01  
253.31	356.06   
253.771	404.95  
254.232	451.51  
254.693	418.92  
255.154	395.64  
255.615	456.17  
256.075	390.98  
256.536	432.89  
256.997	411.94  
257.457	367.7   
257.918	430.56  
258.378	346.75  
258.839	349.08  
259.299	465.48  
259.759	428.23  
260.22	446.86   
260.68	395.64   
261.14	353.73   
261.6	444.53    
262.06	467.81   
262.521	444.53  
262.981	479.45  
263.441	430.56  
263.901	402.62  
264.36	377.01   
264.82	453.84   
265.28	442.2    
265.74	418.92   
266.2	386.33    
266.659	451.51  
267.119	444.53  
267.579	381.67  
268.038	467.81  
268.498	432.89  
268.957	377.01  
269.416	379.34  
269.876	379.34  
270.335	474.8   
270.794	428.23  
271.254	395.64  
271.713	439.87  
272.172	402.62  
272.631	439.87  
273.09	379.34   
273.549	367.7   
274.008	493.42  
274.467	404.95  
274.926	409.61  
275.385	402.62  
275.843	390.98  
276.302	370.03  
276.761	470.14  
277.22	411.94   
277.678	437.55  
278.137	421.25  
278.595	342.09  
279.054	400.3   
279.512	465.48  
279.97	453.84   
280.429	484.11  
280.887	477.12  
281.345	416.59  
281.803	370.03  
282.262	407.28  
282.72	458.5    
283.178	446.86  
283.636	421.25  
284.094	472.47  
284.552	397.97  
285.01	428.23   
285.467	388.65  
285.925	418.92  
286.383	421.25  
286.841	477.12  
287.298	500.41  
287.756	449.19  
288.213	449.19  
288.671	437.55  
289.128	442.2   
289.586	453.84  
290.043	451.51  
290.5	442.2     
290.958	397.97  
291.415	470.14  
291.872	439.87  
292.329	381.67  
292.786	437.55  
293.243	384     
293.7	418.92    
294.157	418.92  
294.614	393.31  
295.071	425.91  
295.528	414.26  
295.985	365.37  
296.441	435.22  
296.898	409.61  
297.355	421.25  
297.811	479.45  
298.268	423.58  
298.724	421.25  
299.181	458.5   
299.637	409.61  
300.094	456.17  
300.55	498.08   
301.006	414.26  
301.462	349.08  
301.919	477.12  
302.375	467.81  
302.831	437.55  
303.287	432.89  
303.743	516.7   
304.199	414.26  
304.655	479.45  
305.11	467.81   
305.566	418.92  
306.022	386.33  
306.478	377.01  
306.933	437.55  
307.389	377.01  
307.845	397.97  
308.3	418.92    
308.756	386.33  
309.211	458.5   
309.666	437.55  
310.122	425.91  
310.577	439.87  
311.032	456.17  
311.487	400.3   
311.943	421.25  
312.398	449.19  
312.853	409.61  
313.308	439.87  
313.763	449.19  
314.218	437.55  
314.672	460.83  
315.127	384     
315.582	390.98  
316.037	498.08  
316.492	421.25  
316.946	423.58  
317.401	470.14  
317.855	435.22  
318.31	507.39   
318.764	442.2   
319.219	353.73  
319.673	414.26  
320.127	425.91  
320.582	470.14  
321.036	442.2   
321.49	365.37   
321.944	432.89  
322.398	425.91  
322.852	451.51  
323.306	460.83  
323.76	404.95   
324.214	404.95  
324.668	393.31  
325.122	395.64  
325.575	488.77  
326.029	507.39  
326.483	423.58  
326.936	437.55  
327.39	395.64   
327.843	390.98  
328.297	442.2   
328.75	423.58   
329.204	421.25  
329.657	395.64  
330.11	397.97   
330.564	428.23  
331.017	470.14  
331.47	484.11   
331.923	460.83  
332.376	453.84  
332.829	421.25  
333.282	451.51  
333.735	379.34  
334.188	488.77  
334.641	523.69  
335.093	488.77  
335.546	460.83  
335.999	411.94  
336.451	470.14  
336.904	474.8   
337.356	535.33  
337.809	493.42  
338.261	418.92  
338.714	349.08  
339.166	435.22  
339.618	488.77  
340.07	407.28   
340.523	453.84  
340.975	442.2   
341.427	486.44  
341.879	437.55  
342.331	407.28  
342.783	425.91  
343.235	451.51  
343.687	451.51  
344.138	449.19  
344.59	495.75   
345.042	472.47  
345.494	470.14  
345.945	404.95  
346.397	488.77  
346.848	409.61  
347.3	439.87    
347.751	381.67  
348.203	442.2   
348.654	488.77  
349.105	458.5   
349.556	418.92  
350.008	388.65  
350.459	470.14  
350.91	451.51   
351.361	474.8   
351.812	384     
352.263	407.28  
352.714	446.86  
353.165	539.98  
353.615	453.84  
354.066	493.42  
354.517	421.25  
354.968	472.47  
355.418	514.37  
355.869	486.44  
356.319	491.09  
356.77	493.42   
357.22	449.19   
357.671	456.17  
358.121	428.23  
358.571	467.81  
359.021	435.22  
359.472	465.48  
359.922	425.91  
360.372	421.25  
360.822	456.17  
361.272	533     
361.722	467.81  
362.172	491.09  
362.622	432.89  
363.071	519.03  
363.521	451.51  
363.971	498.08  
364.42	453.84   
364.87	498.08   
365.32	481.78   
365.769	442.2   
366.219	526.02  
366.668	472.47  
367.117	563.27  
367.567	495.75  
368.016	553.95  
368.465	544.64  
368.914	486.44  
369.363	544.64  
369.812	558.61  
370.261	502.73  
370.71	526.02   
371.159	521.36  
371.608	581.89  
372.057	616.81  
372.506	607.5   
372.955	642.42  
373.403	649.41  
373.852	702.95  
374.301	693.64  
374.749	814.71  
375.198	779.78  
375.646	854.28  
376.094	1038.21 
376.543	1094.08 
376.991	1122.02 
377.439	1250.07 
377.887	1375.79 
378.336	1392.09 
378.784	1503.84 
379.232	1755.28 
379.68	1881     
380.128	2046.3  
380.576	2425.78 
381.023	2742.41 
381.471	2933.32 
381.919	3252.28 
382.367	3769.12 
382.814	4004.27 
383.262	4637.52 
383.71	5152.04  
384.157	5801.6  
384.605	6432.52 
385.052	7242.72 
385.499	8015.66 
385.947	8991.16 
386.394	9850.24 
386.841	11275.07
387.288	12751.11
387.735	14245.78
388.182	15901.1 
388.63	17966.16 
389.076	20243.09
389.523	22443.19
389.97	25253.26 
390.417	28184.4 
390.864	32128.28
391.311	35678.7 
391.757	39226.8 
392.204	43878.43
392.651	46874.76
393.097	50574.18
393.544	52997.78
393.99	55246.77 
394.436	56259.52
394.883	57477.14
395.329	58392.1 
395.775	58452.63
396.221	58552.74
396.668	58059.18
397.114	57051.09
397.56	56001.09 
398.006	54215.41
398.452	52359.87
398.897	49314.66
399.343	45920.22
399.789	42483.87
400.235	39175.58
400.681	36388.79
401.126	33506.54
401.572	30929.28
402.017	29215.77
402.463	27008.68
402.908	25469.78
403.354	24177.66
403.799	22811.04
404.244	22722.57
404.689	21348.96
405.135	20527.12
405.58	19761.16 
406.025	18801.97
406.47	18236.23 
406.915	17758.96
407.36	16664.73 
407.805	16164.18
408.25	15461.08 
408.694	14373.83
409.139	13514.75
409.584	12627.72
410.029	11638.26
410.473	10783.83
410.918	10062.1 
411.362	9200.69 
411.807	8383.51 
412.251	7838.72 
412.695	7261.34 
413.14	6765.45  
413.584	6353.37 
414.028	5731.75 
414.472	5636.3  
414.916	5245.17 
415.36	4884.31  
415.804	4898.28 
416.248	4651.49 
416.692	4306.93 
417.136	4143.96 
417.58	3976.33  
418.024	3834.31 
418.467	3580.54 
418.911	3464.14 
419.355	3219.68 
419.798	3228.99 
420.242	2903.05 
420.685	2728.44 
421.128	2786.65 
421.572	2605.05 
422.015	2483.99 
422.458	2283.77 
422.902	2088.2  
423.345	2067.25 
423.788	1878.67 
424.231	1808.82 
424.674	1708.71 
425.117	1643.53 
425.56	1552.73  
426.003	1473.57 
426.445	1447.96 
426.888	1215.15 
427.331	1284.99 
427.773	1291.98 
428.216	1201.18 
428.659	1084.77 
429.101	1103.4  
429.543	1087.1  
429.986	1026.57 
430.428	989.32  
430.87	959.05   
431.313	1019.58 
431.755	961.38  
432.197	796.08  
432.639	875.24  
433.081	896.19  
433.523	884.55  
433.965	861.27  
434.407	772.8   
434.849	695.97  
435.291	726.24  
435.732	700.63  
436.174	740.21  
436.616	695.97  
437.057	677.35  
437.499	761.16  
437.94	661.05   
438.382	651.74  
438.823	658.72  
439.264	644.75  
439.706	644.75  
440.147	607.5   
440.588	616.81  
441.029	635.44  
441.47	628.45   
441.911	577.23  
442.352	512.05  
442.793	544.64  
443.234	577.23  
443.675	558.61  
444.116	537.66  
444.556	505.06  
444.997	549.3   
445.438	528.34  
445.878	519.03  
446.319	533     
446.759	549.3   
447.199	472.47  
447.64	477.12   
448.08	542.31   
448.52	516.7    
448.961	435.22  
449.401	444.53  
449.841	456.17  
450.281	470.14  
450.721	460.83  
451.161	458.5   
451.601	416.59  
452.041	435.22  
452.48	442.2    
452.92	572.58   
453.36	507.39   
453.799	444.53  
454.239	481.78  
454.679	535.33  
455.118	451.51  
455.557	484.11  
455.997	425.91  
456.436	523.69  
456.875	498.08  
457.315	451.51  
457.754	491.09  
458.193	519.03  
458.632	484.11  
459.071	428.23  
459.51	381.67   
459.949	453.84  
460.388	500.41  
460.827	509.72  
461.265	444.53  
461.704	509.72  
462.143	458.5   
462.581	509.72  
463.02	407.28   
463.458	491.09  
463.897	472.47  
464.335	488.77  
464.774	491.09  
465.212	486.44  
465.65	481.78   
466.088	467.81  
466.527	418.92  
466.965	463.16  
467.403	484.11  
467.841	519.03  
468.279	437.55  
468.716	402.62  
469.154	430.56  
469.592	449.19  
470.03	523.69   
470.467	495.75  
470.905	432.89  
471.343	423.58  
471.78	409.61   
472.218	516.7   
472.655	479.45  
473.092	493.42  
473.53	451.51   
473.967	500.41  
474.404	535.33  
474.841	456.17  
475.278	463.16  
475.716	484.11  
476.153	472.47  
476.589	432.89  
477.026	481.78  
477.463	458.5   
477.9	458.5     
478.337	509.72  
478.773	465.48  
479.21	425.91   
479.647	460.83  
480.083	414.26  
480.52	523.69   
480.956	495.75  
481.392	453.84  
481.829	488.77  
482.265	460.83  
482.701	432.89  
483.137	432.89  
483.574	453.84  
484.01	512.05   
484.446	446.86  
484.882	404.95  
485.317	353.73  
485.753	458.5   
486.189	509.72  
486.625	430.56  
487.061	465.48  
487.496	439.87  
487.932	479.45  
488.367	435.22  
488.803	456.17  
489.238	509.72  
489.674	465.48  
490.109	456.17  
490.544	421.25  
490.979	509.72  
491.415	486.44  
491.85	458.5    
492.285	491.09  
492.72	404.95   
493.155	435.22  
493.59	428.23   
494.024	456.17  
494.459	472.47  
494.894	423.58  
495.329	509.72  
495.763	463.16  
496.198	472.47  
496.632	463.16  
497.067	437.55  
497.501	523.69  
497.936	486.44  
498.37	435.22   
498.804	435.22  
499.238	458.5   
499.673	488.77  
500.107	484.11  
500.541	421.25  
500.975	416.59  
501.409	498.08  
501.843	479.45  
502.277	486.44  
502.71	465.48   
503.144	411.94  
503.578	456.17  
504.011	507.39  
504.445	446.86  
504.878	430.56  
505.312	423.58  
505.745	453.84  
506.179	507.39  
506.612	430.56  
507.045	390.98  
507.479	409.61  
507.912	430.56  
508.345	465.48  
508.778	404.95  
509.211	453.84  
509.644	495.75  
510.077	386.33  
510.509	407.28  
510.942	418.92  
511.375	458.5   
511.808	539.98  
512.24	428.23   
512.673	458.5   
513.105	444.53  
513.538	437.55  
513.97	519.03   
514.403	528.34  
514.835	404.95  
515.267	477.12  
515.699	449.19  
516.131	365.37  
516.564	439.87  
516.996	390.98  
517.428	479.45  
517.859	498.08  
518.291	474.8   
518.723	418.92  
519.155	472.47  
519.587	498.08  
520.018	460.83  
520.45	472.47   
520.881	439.87  
521.313	411.94  
521.744	488.77  
522.176	488.77  
522.607	449.19  
523.038	414.26  
523.47	484.11   
523.901	442.2   
524.332	493.42  
524.763	437.55  
525.194	456.17  
525.625	439.87  
526.056	460.83  
526.487	416.59  
526.917	411.94  
527.348	449.19  
527.779	460.83  
528.21	456.17   
528.64	444.53   
529.071	446.86  
529.501	493.42  
529.932	460.83  
530.362	458.5   
530.792	467.81  
531.222	425.91  
531.653	467.81  
532.083	498.08  
532.513	442.2   
532.943	409.61  
533.373	467.81  
533.803	381.67  
534.233	432.89  
534.663	446.86  
535.092	444.53  
535.522	456.17  
535.952	439.87  
536.381	498.08  
536.811	467.81  
537.24	472.47   
537.67	388.65   
538.099	456.17  
538.529	502.73  
538.958	442.2   
539.387	444.53  
539.816	453.84  
540.245	435.22  
540.674	444.53  
541.103	498.08  
541.532	477.12  
541.961	416.59  
542.39	463.16   
542.819	402.62  
543.248	446.86  
543.676	400.3   
544.105	444.53  
544.534	430.56  
544.962	530.67  
545.391	500.41  
545.819	435.22  
546.247	435.22  
546.676	456.17  
547.104	444.53  
547.532	472.47  
547.96	449.19   
548.388	519.03  
548.816	495.75  
549.244	411.94  
549.672	435.22  
550.1	498.08    
550.528	444.53  
550.956	446.86  
551.383	488.77  
551.811	481.78  
552.238	507.39  
552.666	439.87  
553.094	356.06  
553.521	437.55  
553.948	416.59  
554.376	470.14  
554.803	442.2   
555.23	446.86   
555.657	449.19  
556.084	533     
556.511	442.2   
556.938	498.08  
557.365	444.53  
557.792	432.89  
558.219	465.48  
558.646	488.77  
559.072	442.2   
559.499	449.19  
559.926	409.61  
560.352	430.56  
560.779	488.77  
561.205	460.83  
561.632	446.86  
562.058	449.19  
562.484	390.98  
562.91	474.8    
563.337	446.86  
563.763	495.75  
564.189	446.86  
564.615	495.75  
565.041	477.12  
565.466	495.75  
565.892	484.11  
566.318	439.87  
566.744	456.17  
567.169	377.01  
567.595	418.92  
568.021	435.22  
568.446	516.7   
568.872	472.47  
569.297	409.61  
569.722	421.25  
570.148	439.87  
570.573	446.86  
570.998	453.84  
571.423	393.31  
571.848	409.61  
572.273	442.2   
572.698	463.16  
573.123	425.91  
573.548	414.26  
573.973	388.65  
574.397	507.39  
574.822	435.22  
575.247	481.78  
575.671	442.2   
576.096	416.59  
576.52	409.61   
576.944	463.16  
577.369	421.25  
577.793	423.58  
578.217	421.25  
578.641	430.56  
579.065	486.44  
579.49	428.23   
579.914	498.08  
580.337	446.86  
580.761	535.33  
581.185	423.58  
581.609	472.47  
582.033	465.48  
582.456	449.19  
582.88	479.45   
583.303	414.26  
583.727	472.47  
584.15	453.84   
584.574	349.08  
584.997	404.95  
585.42	404.95   
585.844	495.75  
586.267	425.91  
586.69	493.42   
587.113	428.23  
587.536	484.11  
587.959	498.08  
588.382	439.87  
588.804	435.22  
589.227	430.56  
589.65	500.41   
590.073	465.48  
590.495	442.2   
590.918	477.12  
591.34	409.61   
591.763	402.62  
592.185	435.22  
592.607	465.48  
593.03	428.23   
593.452	397.97  
593.874	470.14  
594.296	388.65  
594.718	425.91  
595.14	495.75   
595.562	425.91  
595.984	549.3   
596.406	481.78  
596.827	430.56  
597.249	335.11  
597.671	360.72  
598.092	430.56  
598.514	430.56  
598.935	446.86  
599.357	421.25  
599.778	495.75  
600.199	456.17  
600.621	516.7   
601.042	449.19  
601.463	456.17  
601.884	460.83  
602.305	407.28  
602.726	423.58  
603.147	418.92  
603.568	365.37  
603.988	423.58  
604.409	430.56  
604.83	488.77   
605.25	449.19   
605.671	465.48  
606.092	409.61  
606.512	470.14  
606.932	432.89  
607.353	414.26  
607.773	463.16  
608.193	467.81  
608.613	442.2   
609.034	432.89  
609.454	423.58  
609.874	449.19  
610.293	451.51  
610.713	442.2   
611.133	423.58  
611.553	521.36  
611.973	428.23  
612.392	418.92  
612.812	493.42  
613.231	395.64  
613.651	425.91  
614.07	374.69   
614.49	505.06   
614.909	519.03  
615.328	437.55  
615.747	458.5   
616.167	428.23  
616.586	418.92  
617.005	472.47  
617.424	477.12  
617.843	488.77  
618.261	407.28  
618.68	477.12   
619.099	458.5   
619.518	442.2   
619.936	414.26  
620.355	449.19  
620.773	437.55  
621.192	381.67  
621.61	418.92   
622.029	432.89  
622.447	437.55  
622.865	411.94  
623.283	463.16  
623.701	458.5   
624.119	451.51  
624.537	472.47  
624.955	377.01  
625.373	458.5   
625.791	451.51  
626.209	493.42  
626.627	444.53  
627.044	381.67  
627.462	460.83  
627.879	386.33  
628.297	458.5   
628.714	425.91  
629.132	411.94  
629.549	358.39  
629.966	409.61  
630.383	381.67  
630.8	397.97    
631.217	474.8   
631.634	404.95  
632.051	370.03  
632.468	416.59  
632.885	388.65  
633.302	411.94  
633.719	479.45  
634.135	449.19  
634.552	449.19  
634.969	444.53  
635.385	446.86  
635.801	409.61  
636.218	418.92  
636.634	446.86  
637.05	425.91   
637.467	435.22  
637.883	453.84  
638.299	402.62  
638.715	411.94  
639.131	439.87  
639.547	491.09  
639.963	416.59  
640.378	423.58  
640.794	437.55  
641.21	414.26   
641.626	365.37  
642.041	342.09  
642.457	390.98  
642.872	425.91  
643.287	353.73  
643.703	367.7   
644.118	472.47  
644.533	435.22  
644.948	388.65  
645.364	365.37  
645.779	423.58  
646.194	421.25  
646.609	393.31  
647.023	514.37  
647.438	437.55  
647.853	437.55  
648.268	381.67  
648.682	446.86  
649.097	400.3   
649.511	439.87  
649.926	430.56  
650.34	453.84   
650.755	402.62  
651.169	430.56  
651.583	437.55  
651.997	428.23  
652.411	374.69  
652.825	428.23  
653.239	432.89  
653.653	449.19  
654.067	453.84  
654.481	456.17  
654.895	444.53  
655.309	456.17  
655.722	423.58  
656.136	411.94  
656.549	435.22  
656.963	472.47  
657.376	425.91  
657.79	404.95   
658.203	423.58  
658.616	370.03  
659.029	379.34  
659.442	384     
659.855	404.95  
660.268	442.2   
660.681	439.87  
661.094	453.84  
661.507	404.95  
661.92	377.01   
662.333	390.98  
662.745	423.58  
663.158	411.94  
663.57	456.17   
663.983	446.86  
664.395	449.19  
664.808	418.92  
665.22	484.11   
665.632	458.5   
666.044	407.28  
666.456	400.3   
666.868	463.16  
667.28	342.09   
667.692	423.58  
668.104	435.22  
668.516	384     
668.928	444.53  
669.34	397.97   
669.751	526.02  
670.163	463.16  
670.574	432.89  
670.986	402.62  
671.397	402.62  
671.809	488.77  
672.22	430.56   
672.631	404.95  
673.042	400.3   
673.453	451.51  
673.864	414.26  
674.275	404.95  
674.686	460.83  
675.097	477.12  
675.508	432.89  
675.919	418.92  
676.33	395.64   
676.74	400.3    
677.151	414.26  
677.561	400.3   
677.972	370.03  
678.382	404.95  
678.792	421.25  
679.203	414.26  
679.613	435.22  
680.023	411.94  
680.433	456.17  
680.843	414.26  
681.253	470.14  
681.663	495.75  
682.073	409.61  
682.483	458.5   
682.893	386.33  
683.302	418.92  
683.712	386.33  
684.122	486.44  
684.531	479.45  
684.94	437.55   
685.35	458.5    
685.759	446.86  
686.168	428.23  
686.578	353.73  
686.987	458.5   
687.396	423.58  
687.805	444.53  
688.214	500.41  
688.623	472.47  
689.032	470.14  
689.44	418.92   
689.849	397.97  
690.258	439.87  
690.666	453.84  
691.075	484.11  
691.484	411.94  
691.892	402.62  
692.3	414.26    
692.709	467.81  
693.117	477.12  
693.525	456.17  
693.933	437.55  
694.341	404.95  
694.749	456.17  
695.157	367.7   
695.565	453.84  
695.973	360.72  
696.381	456.17  
696.788	402.62  
697.196	437.55  
697.604	407.28  
698.011	379.34  
698.419	411.94  
698.826	358.39  
699.234	421.25  
699.641	384     
700.048	430.56  
700.455	395.64  
700.862	493.42  
701.269	400.3   
701.676	442.2   
702.083	386.33  
702.49	512.05   
702.897	453.84  
703.304	365.37  
703.71	442.2    
704.117	363.05  
704.524	397.97  
704.93	365.37   
705.337	428.23  
705.743	428.23  
706.149	402.62  
706.556	430.56  
706.962	418.92  
707.368	370.03  
707.774	463.16  
708.18	390.98   
708.586	367.7   
708.992	477.12  
709.398	402.62  
709.804	435.22  
710.209	453.84  
710.615	451.51  
711.021	437.55  
711.426	423.58  
711.832	397.97  
712.237	430.56  
712.642	446.86  
713.048	458.5   
713.453	437.55  
713.858	477.12  
714.263	404.95  
714.668	402.62  
715.073	460.83  
715.478	425.91  
715.883	395.64  
716.288	446.86  
716.693	502.73  
717.097	479.45  
717.502	416.59  
717.906	456.17  
718.311	425.91  
718.715	425.91  
719.12	437.55   
719.524	402.62  
719.928	384     
720.333	425.91  
720.737	407.28  
721.141	444.53  
721.545	390.98  
721.949	437.55  
722.353	472.47  
722.757	360.72  
723.16	449.19   
723.564	370.03  
723.968	393.31  
724.371	388.65  
724.775	467.81  
725.178	418.92  
725.582	328.12  
725.985	330.45  
726.388	393.31  
726.792	367.7   
727.195	379.34  
727.598	395.64  
728.001	432.89  
728.404	456.17  
728.807	390.98  
729.21	439.87   
729.612	409.61  
730.015	316.48  
730.418	290.87  
730.82	402.62   
731.223	330.45  
731.625	365.37  
732.028	463.16  
732.43	414.26   
732.833	325.8   
733.235	446.86  
733.637	409.61  
734.039	416.59  
734.441	446.86  
734.843	384     
735.245	463.16  
735.647	384     
736.049	435.22  
736.451	393.31  
736.852	386.33  
737.254	411.94  
737.655	409.61  
738.057	439.87  
738.458	414.26  
738.86	423.58   
739.261	386.33  
739.662	425.91  
740.064	390.98  
740.465	395.64  
740.866	437.55  
741.267	432.89  
741.668	407.28  
742.069	374.69  
742.469	484.11  
742.87	411.94   
743.271	442.2   
743.672	444.53  
744.072	395.64  
744.473	351.4   
744.873	474.8   
745.274	428.23  
745.674	411.94  
746.074	474.8   
746.474	407.28  
746.875	393.31  
747.275	430.56  
747.675	409.61  
748.075	439.87  
748.474	407.28  
748.874	474.8   
749.274	386.33  
749.674	421.25  
750.073	428.23  
750.473	453.84  
750.873	444.53  
751.272	437.55  
751.671	428.23  
752.071	411.94  
752.47	421.25   
752.869	402.62  
753.268	370.03  
753.668	421.25  
754.067	409.61  
754.466	428.23  
754.864	377.01  
755.263	411.94  
755.662	432.89  
756.061	435.22  
756.459	384     
756.858	442.2   
757.257	446.86  
757.655	423.58  
758.053	384     
758.452	428.23  
758.85	423.58   
759.248	397.97  
759.646	418.92  
760.045	451.51  
760.443	356.06  
760.841	363.05  
761.238	397.97  
761.636	379.34  
762.034	456.17  
762.432	386.33  
762.829	388.65  
763.227	467.81  
763.625	458.5   
764.022	397.97  
764.419	390.98  
764.817	407.28  
765.214	395.64  
765.611	358.39  
766.008	421.25  
766.406	384     
766.803	384     
767.199	358.39  
767.596	404.95  
767.993	493.42  
768.39	404.95   
768.787	432.89  
769.183	409.61  
769.58	367.7    
769.977	351.4   
770.373	465.48  
770.769	377.01  
771.166	370.03  
771.562	404.95  
771.958	407.28  
772.354	421.25  
772.75	386.33   
773.146	472.47  
773.542	381.67  
773.938	416.59  
774.334	390.98  
774.73	381.67   
775.126	374.69  
775.521	486.44  
775.917	402.62  
776.312	421.25  
776.708	435.22  
777.103	404.95  
777.499	460.83  
777.894	451.51  
778.289	404.95  
778.684	444.53  
779.079	414.26  
779.474	367.7   
779.869	395.64  
780.264	400.3   
780.659	444.53  
781.054	372.36  
781.448	358.39  
781.843	442.2   
782.238	416.59  
782.632	397.97  
783.027	402.62  
783.421	432.89  
783.815	381.67  
784.21	463.16   
784.604	425.91  
784.998	423.58  
785.392	428.23  
785.786	384     
786.18	411.94   
786.574	379.34  
786.968	414.26  
787.361	370.03  
787.755	404.95  
788.149	432.89  
788.542	379.34  
788.936	446.86  
789.329	500.41  
789.722	409.61  
790.116	400.3   
790.509	444.53  
790.902	430.56  
791.295	416.59  
791.688	421.25  
792.081	463.16  
792.474	458.5   
792.867	409.61  
793.26	481.78   
793.653	390.98  
794.045	384     
794.438	335.11  
794.83	421.25   
795.223	430.56  
795.615	393.31  
796.008	474.8   
796.4	397.97    
796.792	498.08  
797.184	442.2   
797.576	437.55  
797.968	453.84  
798.36	439.87   
798.752	404.95  
799.144	451.51  
799.536	388.65  
799.928	467.81  
800.319	418.92  
800.711	437.55  
801.102	409.61  
801.494	407.28  
801.885	432.89  
802.276	379.34  
802.668	360.72  
803.059	439.87  
803.45	425.91   
803.841	423.58  
804.232	370.03  
804.623	416.59  
805.014	428.23  
805.405	421.25  
805.795	363.05  
806.186	393.31  
806.577	370.03  
806.967	346.75  
807.358	381.67  
807.748	407.28  
808.139	400.3   
808.529	365.37  
808.919	512.05  
809.309	430.56  
809.699	444.53  
810.089	411.94  
810.479	400.3   
810.869	449.19  
811.259	432.89  
811.649	458.5   
812.039	535.33  
812.428	444.53  
812.818	446.86  
813.207	377.01  
813.597	437.55  
813.986	446.86  
814.376	384     
814.765	453.84  
815.154	456.17  
815.543	379.34  
815.932	463.16  
816.321	423.58  
816.71	397.97   
817.099	379.34  
817.488	421.25  
817.877	379.34  
818.265	390.98  
818.654	425.91  
819.043	323.47  
819.431	437.55  
819.819	393.31  
820.208	370.03  
820.596	393.31  
820.984	379.34  
821.372	435.22  
821.761	367.7   
822.149	402.62  
822.537	349.08  
822.924	411.94  
823.312	439.87  
823.7	404.95    
824.088	446.86  
824.475	442.2   
824.863	465.48  
825.251	432.89  
825.638	404.95  
826.025	365.37  
826.413	423.58  
826.8	411.94    
827.187	418.92  
827.574	404.95  
827.961	377.01  
828.348	456.17  
828.735	423.58  
829.122	425.91  
829.509	409.61  
829.896	330.45  
830.282	384     
830.669	437.55  
831.055	435.22  
831.442	430.56  
831.828	498.08  
832.215	498.08  
832.601	453.84  
832.987	449.19  
833.373	456.17  
833.759	437.55  
834.145	386.33  
834.531	425.91  
834.917	498.08  
835.303	365.37  
835.689	351.4   
836.074	470.14  
836.46	421.25   
836.846	404.95  
837.231	442.2   
837.617	425.91  
838.002	404.95  
838.387	386.33  
838.772	372.36  
839.158	460.83  
839.543	360.72  
839.928	377.01  
840.313	446.86  
840.698	435.22  
841.082	446.86  
841.467	384     
841.852	400.3   
842.237	421.25  
842.621	449.19  
843.006	411.94  
843.39	381.67   
843.774	411.94  
844.159	432.89  
844.543	423.58  
844.927	404.95  
845.311	416.59  
845.695	451.51  
846.079	437.55  
846.463	451.51  
846.847	460.83  
847.231	393.31  
847.615	395.64  
847.998	453.84  
848.382	456.17  
848.765	446.86  
849.149	386.33  
849.532	418.92  
849.916	463.16  
850.299	411.94  
850.682	416.59  
851.065	414.26  
851.448	416.59  
851.831	425.91  
852.214	377.01  
852.597	421.25  
852.98	465.48   
853.363	411.94  
853.745	425.91  
854.128	432.89  
854.51	446.86   
854.893	416.59  
855.275	479.45  
855.658	453.84  
856.04	395.64   
856.422	453.84  
856.804	351.4   
857.186	390.98  
857.568	444.53  
857.95	414.26   
858.332	430.56  
858.714	393.31  
859.096	421.25  
859.477	407.28  
859.859	418.92  
860.24	404.95   
860.622	442.2   
861.003	390.98  
861.385	384     
861.766	346.75  
862.147	456.17  
862.528	418.92  
862.909	435.22  
863.29	404.95   
863.671	395.64  
864.052	374.69  
864.433	397.97  
864.814	444.53  
865.194	507.39  
865.575	446.86  
865.955	395.64  
866.336	388.65  
866.716	379.34  
867.097	428.23  
867.477	411.94  
867.857	456.17  
868.237	435.22  
868.617	309.5   
868.997	351.4   
869.377	404.95  
869.757	421.25  
870.137	337.44  
870.517	432.89  
870.896	435.22  
871.276	344.42  
871.655	335.11  
872.035	363.05  
872.414	335.11  
872.794	435.22  
873.173	351.4   
873.552	393.31  
873.931	430.56  
874.31	360.72   
874.689	444.53  
875.068	393.31  
875.447	409.61  
875.826	465.48  
876.205	495.75  
876.583	402.62  
876.962	423.58  
877.341	495.75  
877.719	472.47  
878.097	395.64  
878.476	372.36  
878.854	395.64  
879.232	428.23  
879.61	425.91   
879.988	400.3   
880.366	356.06  
880.744	395.64  
881.122	430.56  
881.5	439.87    
881.878	379.34  
882.255	363.05  
882.633	432.89  
883.011	381.67  
883.388	395.64  
883.765	421.25  
884.143	374.69  
884.52	432.89   
884.897	397.97  
885.274	372.36  
885.651	414.26  
886.028	409.61  
886.405	414.26  
886.782	360.72  
887.159	397.97  
887.536	409.61  
887.912	318.81  
888.289	409.61  
888.665	370.03  
889.042	435.22  
889.418	463.16  
889.794	470.14  
890.171	425.91  
890.547	388.65  
890.923	449.19  
891.299	365.37  
891.675	418.92  
892.051	365.37  
892.427	416.59  
892.803	395.64  
893.178	344.42  
893.554	397.97  
893.929	442.2   
894.305	393.31  
894.68	418.92   
895.056	472.47  
895.431	430.56  
895.806	400.3   
896.181	465.48  
896.557	402.62  
896.932	449.19  
897.307	446.86  
897.681	318.81  
898.056	379.34  
898.431	349.08  
898.806	432.89  
899.18	439.87   
899.555	400.3   
899.929	458.5   
900.304	404.95  
900.678	446.86  
901.052	437.55  
901.427	397.97  
901.801	488.77  
902.175	423.58  
902.549	407.28  
902.923	430.56  
903.297	435.22  
903.67	470.14   
904.044	479.45  
904.418	421.25  
904.791	339.76  
905.165	416.59  
905.538	451.51  
905.912	358.39  
906.285	409.61  
906.658	409.61  
907.032	393.31  
907.405	381.67  
907.778	446.86  
908.151	411.94  
908.524	356.06  
908.896	488.77  
909.269	379.34  
909.642	444.53  
910.015	418.92  
910.387	381.67  
910.76	470.14   
911.132	439.87  
911.504	370.03  
911.877	397.97  
912.249	402.62  
912.621	390.98  
912.993	386.33  
913.365	435.22  
913.737	374.69  
914.109	404.95  
914.481	439.87  
914.853	390.98  
915.224	374.69  
915.596	451.51  
915.968	386.33  
916.339	451.51  
916.71	397.97   
917.082	390.98  
917.453	400.3   
917.824	400.3   
918.195	456.17  
918.566	346.75  
918.937	416.59  
919.308	388.65  
919.679	365.37  
920.05	425.91   
920.421	423.58  
920.791	384     
921.162	407.28  
921.532	344.42  
921.903	388.65  
922.273	470.14  
922.644	418.92  
923.014	435.22  
923.384	495.75  
923.754	467.81  
924.124	409.61  
924.494	467.81  
924.864	416.59  
925.234	390.98  
925.604	437.55  
925.973	402.62  
926.343	404.95  
926.712	351.4   
927.082	365.37  
927.451	328.12  
927.821	339.76  
928.19	470.14   
928.559	407.28  
928.928	367.7   
929.297	432.89  
929.666	437.55  
930.035	307.17  
930.404	453.84  
930.773	442.2   
931.142	479.45  
931.51	486.44   
931.879	407.28  
932.247	505.06  
932.616	432.89  
932.984	428.23  
933.353	358.39  
933.721	453.84  
934.089	428.23  
934.457	400.3   
934.825	356.06  
935.193	377.01  
935.561	411.94  
935.929	444.53  
936.296	393.31  
936.664	446.86  
937.032	432.89  
937.399	395.64  
937.767	374.69  
938.134	437.55  
938.501	407.28  
938.869	400.3   
939.236	456.17  
939.603	456.17  
939.97	491.09   
940.337	402.62  
940.704	421.25  
941.071	439.87  
941.438	411.94  
941.804	463.16  
942.171	404.95  
942.538	474.8   
942.904	446.86  
943.27	363.05   
943.637	388.65  
944.003	409.61  
944.369	495.75  
944.735	435.22  
945.102	453.84  
945.468	393.31  
945.833	491.09  
946.199	381.67  
946.565	435.22  
946.931	416.59  
947.296	432.89  
947.662	384     
948.028	449.19  
948.393	416.59  
948.758	351.4   
949.124	409.61  
949.489	414.26  
949.854	325.8   
950.219	430.56  
950.584	379.34  
950.949	421.25  
951.314	409.61  
951.679	393.31  
952.044	507.39  
952.408	444.53  
952.773	367.7   
953.137	421.25  
953.502	414.26  
953.866	432.89  
954.231	337.44  
954.595	428.23  
954.959	395.64  
955.323	353.73  
955.687	400.3   
956.051	400.3   
956.415	425.91  
956.779	409.61  
957.143	388.65  
957.506	416.59  
957.87	486.44   
958.234	425.91  
958.597	481.78  
958.961	388.65  
959.324	463.16  
959.687	344.42  
960.05	449.19   
960.413	356.06  
960.776	384     
961.139	384     
961.502	435.22  
961.865	460.83  
962.228	377.01  
962.591	372.36  
962.953	395.64  
963.316	416.59  
963.678	395.64  
964.041	353.73  
964.403	337.44  
964.765	470.14  
965.128	439.87  
965.49	414.26   
965.852	370.03  
966.214	302.51  
966.576	377.01  
966.938	381.67  
967.299	423.58  
967.661	430.56  
968.023	390.98  
968.384	390.98  
968.746	435.22  
969.107	460.83  
969.469	409.61  
969.83	421.25   
970.191	439.87  
970.552	421.25  
970.913	386.33  
971.274	407.28  
971.635	381.67  
971.996	437.55  
972.357	484.11  
972.718	386.33  
973.078	379.34  
973.439	374.69  
973.8	323.47    
974.16	384      
974.52	414.26   
974.881	393.31  
975.241	498.08  
975.601	411.94  
975.961	442.2   
976.321	465.48  
976.681	428.23  
977.041	437.55  
977.401	423.58  
977.76	409.61   
978.12	374.69   
978.48	388.65   
978.839	365.37  
979.199	456.17  
979.558	388.65  
979.917	335.11  
980.277	402.62  
980.636	409.61  
980.995	439.87  
981.354	453.84  
981.713	407.28  
982.072	465.48  
982.43	402.62   
982.789	363.05  
983.148	458.5   
983.506	328.12  
983.865	458.5   
984.223	381.67  
984.582	379.34  
984.94	409.61   
985.298	437.55  
985.656	460.83  
986.015	407.28  
986.373	342.09  
986.731	379.34  
987.088	360.72  
987.446	432.89  
987.804	407.28  
988.162	379.34  
988.519	411.94  
988.877	425.91  
989.234	465.48  
989.591	346.75  
989.949	435.22  
990.306	446.86  
990.663	393.31  
991.02	360.72   
991.377	479.45  
991.734	397.97  
992.091	370.03  
992.448	474.8   
992.805	425.91  
993.161	432.89  
993.518	388.65  
993.874	458.5   
994.231	384     
994.587	388.65  
994.943	367.7   
995.3	342.09    
995.656	395.64  
996.012	321.14  
996.368	421.25  
996.724	414.26  
997.08	505.06   
997.435	423.58  
997.791	414.26  
998.147	432.89  
998.502	386.33  
998.858	470.14  
999.213	474.8   
999.569	390.98  
999.924	404.95  
1000.279	381.67 
1000.634	432.89 
1000.989	379.34 
1001.344	393.31 
1001.699	474.8  
1002.054	430.56 
1002.409	395.64 
1002.764	411.94 
1003.118	400.3  
1003.473	472.47 
1003.827	423.58 
1004.182	372.36 
1004.536	423.58 
1004.89	384     
1005.245	486.44 
1005.599	386.33 
1005.953	384    
1006.307	414.26 
1006.661	442.2  
1007.015	428.23 
1007.368	353.73 
1007.722	498.08 
1008.076	460.83 
1008.429	465.48 
1008.783	397.97 
1009.136	416.59 
1009.489	390.98 
1009.843	418.92 
1010.196	421.25 
1010.549	435.22 
1010.902	425.91 
1011.255	435.22 
1011.608	467.81 
1011.961	488.77 
1012.313	416.59 
1012.666	365.37 
1013.019	379.34 
1013.371	339.76 
1013.724	432.89 
1014.076	328.12 
1014.428	367.7  
1014.781	444.53 
1015.133	456.17 
1015.485	377.01 
1015.837	400.3  
1016.189	451.51 
1016.541	407.28 
1016.893	416.59 
1017.244	432.89 
1017.596	374.69 
1017.947	400.3  
1018.299	477.12 
1018.65	411.94  
1019.002	409.61 
1019.353	428.23 
1019.704	407.28 
1020.055	423.58 
1020.407	423.58 
1020.758	416.59 
1021.108	453.84 
1021.459	365.37 
1021.81	428.23  
1022.161	432.89 
1022.511	481.78 
1022.862	407.28 
1023.213	404.95 
1023.563	421.25 
1023.913	521.36 
1024.264	481.78 
1024.614	384    
1024.964	432.89 
1025.314	372.36 
1025.664	384    
1026.014	411.94 
1026.364	470.14 
1026.713	451.51 
1027.063	463.16 
1027.413	456.17 
1027.762	428.23 
1028.112	418.92 
1028.461	451.51 
1028.81	379.34  
1029.16	402.62  
1029.509	402.62 
1029.858	453.84 
1030.207	418.92 
1030.556	421.25 
1030.905	395.64 
1031.254	409.61 
1031.602	346.75 
1031.951	407.28 
1032.3	358.39   
1032.648	428.23 
1032.996	428.23 
1033.345	428.23 