187.879	-73.63 
188.346	-73.63 
188.813	-73.63 
189.28	-48.02  
189.747	-64.32 
190.214	-82.94 
190.681	-1.46  
191.148	-106.22
191.614	-115.53
192.081	-92.25 
192.548	-134.16
193.014	-3.78  
193.481	-38.71 
193.948	26.48  
194.414	10.19  
194.881	-6.11  
195.347	68.39  
195.813	98.66  
196.28	140.56  
196.746	112.62 
197.212	124.26 
197.678	236.02 
198.145	161.52 
198.611	196.44 
199.077	224.38 
199.543	222.05 
200.009	291.89 
200.475	249.98 
200.941	317.5  
201.407	340.78 
201.873	378.03 
202.338	398.99 
202.804	392    
203.27	289.56  
203.735	417.61 
204.201	394.33 
204.667	368.72 
205.132	331.47 
205.598	387.35 
206.063	433.91 
206.529	385.02 
206.994	403.64 
207.459	398.99 
207.925	394.33 
208.39	394.33  
208.855	478.14 
209.32	422.27  
209.785	433.91 
210.25	440.89  
210.715	426.92 
211.18	454.86  
211.645	436.24 
212.11	487.46  
212.575	445.55 
213.04	378.03  
213.504	378.03 
213.969	392    
214.434	422.27 
214.899	322.16 
215.363	412.96 
215.828	398.99 
216.292	438.56 
216.757	417.61 
217.221	408.3  
217.685	468.83 
218.15	364.06  
218.614	373.38 
219.078	443.22 
219.542	382.69 
220.007	371.05 
220.471	364.06 
220.935	415.28 
221.399	394.33 
221.863	405.97 
222.327	387.35 
222.791	401.31 
223.254	375.7  
223.718	408.3  
224.182	343.11 
224.646	436.24 
225.109	401.31 
225.573	357.08 
226.037	433.91 
226.5	424.6    
226.964	387.35 
227.427	345.44 
227.89	394.33  
228.354	389.67 
228.817	380.36 
229.28	417.61  
229.744	401.31 
230.207	352.42 
230.67	405.97  
231.133	368.72 
231.596	340.78 
232.059	415.28 
232.522	429.25 
232.985	357.08 
233.448	398.99 
233.911	375.7  
234.374	464.17 
234.836	433.91 
235.299	324.49 
235.762	378.03 
236.224	431.58 
236.687	433.91 
237.149	445.55 
237.612	424.6  
238.074	408.3  
238.537	394.33 
238.999	389.67 
239.461	322.16 
239.924	445.55 
240.386	373.38 
240.848	347.77 
241.31	461.85  
241.772	357.08 
242.234	401.31 
242.696	294.22 
243.158	380.36 
243.62	375.7   
244.082	357.08 
244.544	359.41 
245.006	347.77 
245.468	396.66 
245.929	394.33 
246.391	398.99 
246.852	403.64 
247.314	422.27 
247.776	426.92 
248.237	366.39 
248.698	387.35 
249.16	385.02  
249.621	459.52 
250.082	368.72 
250.544	436.24 
251.005	426.92 
251.466	375.7  
251.927	403.64 
252.388	412.96 
252.849	382.69 
253.31	452.53  
253.771	403.64 
254.232	454.86 
254.693	422.27 
255.154	382.69 
255.615	454.86 
256.075	436.24 
256.536	424.6  
256.997	408.3  
257.457	382.69 
257.918	494.44 
258.378	438.56 
258.839	389.67 
259.299	480.47 
259.759	457.19 
260.22	401.31  
260.68	405.97  
261.14	368.72  
261.6	436.24   
262.06	378.03  
262.521	424.6  
262.981	459.52 
263.441	436.24 
263.901	373.38 
264.36	398.99  
264.82	380.36  
265.28	459.52  
265.74	419.94  
266.2	508.41   
266.659	452.53 
267.119	419.94 
267.579	436.24 
268.038	405.97 
268.498	389.67 
268.957	417.61 
269.416	471.16 
269.876	401.31 
270.335	417.61 
270.794	410.63 
271.254	433.91 
271.713	352.42 
272.172	373.38 
272.631	373.38 
273.09	378.03  
273.549	403.64 
274.008	424.6  
274.467	443.22 
274.926	345.44 
275.385	403.64 
275.843	436.24 
276.302	385.02 
276.761	426.92 
277.22	373.38  
277.678	450.21 
278.137	410.63 
278.595	464.17 
279.054	326.81 
279.512	438.56 
279.97	417.61  
280.429	466.5  
280.887	415.28 
281.345	471.16 
281.803	429.25 
282.262	429.25 
282.72	405.97  
283.178	524.71 
283.636	431.58 
284.094	415.28 
284.552	392    
285.01	468.83  
285.467	417.61 
285.925	468.83 
286.383	431.58 
286.841	387.35 
287.298	343.11 
287.756	419.94 
288.213	445.55 
288.671	445.55 
289.128	403.64 
289.586	438.56 
290.043	475.81 
290.5	401.31   
290.958	461.85 
291.415	450.21 
291.872	447.88 
292.329	443.22 
292.786	457.19 
293.243	478.14 
293.7	431.58   
294.157	419.94 
294.614	412.96 
295.071	513.07 
295.528	459.52 
295.985	431.58 
296.441	429.25 
296.898	394.33 
297.355	340.78 
297.811	496.77 
298.268	394.33 
298.724	373.38 
299.181	403.64 
299.637	464.17 
300.094	436.24 
300.55	412.96  
301.006	415.28 
301.462	412.96 
301.919	438.56 
302.375	364.06 
302.831	412.96 
303.287	375.7  
303.743	473.49 
304.199	382.69 
304.655	392    
305.11	357.08  
305.566	496.77 
306.022	392    
306.478	447.88 
306.933	419.94 
307.389	417.61 
307.845	459.52 
308.3	392      
308.756	378.03 
309.211	410.63 
309.666	480.47 
310.122	333.8  
310.577	410.63 
311.032	468.83 
311.487	499.1  
311.943	422.27 
312.398	489.78 
312.853	475.81 
313.308	385.02 
313.763	408.3  
314.218	450.21 
314.672	422.27 
315.127	415.28 
315.582	450.21 
316.037	429.25 
316.492	403.64 
316.946	468.83 
317.401	454.86 
317.855	394.33 
318.31	503.75  
318.764	431.58 
319.219	459.52 
319.673	471.16 
320.127	431.58 
320.582	410.63 
321.036	492.11 
321.49	440.89  
321.944	468.83 
322.398	445.55 
322.852	387.35 
323.306	475.81 
323.76	394.33  
324.214	431.58 
324.668	447.88 
325.122	422.27 
325.575	475.81 
326.029	478.14 
326.483	482.8  
326.936	447.88 
327.39	436.24  
327.843	392    
328.297	366.39 
328.75	359.41  
329.204	438.56 
329.657	424.6  
330.11	457.19  
330.564	394.33 
331.017	459.52 
331.47	410.63  
331.923	422.27 
332.376	522.38 
332.829	464.17 
333.282	487.46 
333.735	433.91 
334.188	417.61 
334.641	373.38 
335.093	447.88 
335.546	459.52 
335.999	450.21 
336.451	443.22 
336.904	475.81 
337.356	452.53 
337.809	464.17 
338.261	459.52 
338.714	412.96 
339.166	429.25 
339.618	398.99 
340.07	405.97  
340.523	431.58 
340.975	398.99 
341.427	494.44 
341.879	419.94 
342.331	412.96 
342.783	482.8  
343.235	466.5  
343.687	443.22 
344.138	392    
344.59	431.58  
345.042	471.16 
345.494	387.35 
345.945	450.21 
346.397	480.47 
346.848	375.7  
347.3	343.11   
347.751	440.89 
348.203	422.27 
348.654	398.99 
349.105	482.8  
349.556	415.28 
350.008	408.3  
350.459	385.02 
350.91	457.19  
351.361	396.66 
351.812	450.21 
352.263	443.22 
352.714	445.55 
353.165	475.81 
353.615	445.55 
354.066	426.92 
354.517	403.64 
354.968	447.88 
355.418	368.72 
355.869	401.31 
356.319	410.63 
356.77	380.36  
357.22	378.03  
357.671	436.24 
358.121	447.88 
358.571	429.25 
359.021	461.85 
359.472	473.49 
359.922	419.94 
360.372	424.6  
360.822	415.28 
361.272	422.27 
361.722	429.25 
362.172	396.66 
362.622	412.96 
363.071	422.27 
363.521	487.46 
363.971	438.56 
364.42	394.33  
364.87	371.05  
365.32	440.89  
365.769	431.58 
366.219	457.19 
366.668	506.08 
367.117	452.53 
367.567	473.49 
368.016	464.17 
368.465	433.91 
368.914	440.89 
369.363	398.99 
369.812	475.81 
370.261	485.13 
370.71	394.33  
371.159	385.02 
371.608	508.41 
372.057	466.5  
372.506	392    
372.955	459.52 
373.403	482.8  
373.852	431.58 
374.301	373.38 
374.749	387.35 
375.198	431.58 
375.646	447.88 
376.094	436.24 
376.543	457.19 
376.991	426.92 
377.439	436.24 
377.887	424.6  
378.336	457.19 
378.784	424.6  
379.232	419.94 
379.68	368.72  
380.128	412.96 
380.576	415.28 
381.023	459.52 
381.471	368.72 
381.919	478.14 
382.367	431.58 
382.814	408.3  
383.262	529.36 
383.71	468.83  
384.157	450.21 
384.605	412.96 
385.052	447.88 
385.499	438.56 
385.947	496.77 
386.394	385.02 
386.841	426.92 
387.288	447.88 
387.735	387.35 
388.182	454.86 
388.63	450.21  
389.076	433.91 
389.523	452.53 
389.97	408.3   
390.417	405.97 
390.864	389.67 
391.311	482.8  
391.757	464.17 
392.204	419.94 
392.651	394.33 
393.097	396.66 
393.544	457.19 
393.99	415.28  
394.436	452.53 
394.883	394.33 
395.329	431.58 
395.775	485.13 
396.221	459.52 
396.668	445.55 
397.114	375.7  
397.56	408.3   
398.006	475.81 
398.452	394.33 
398.897	429.25 
399.343	487.46 
399.789	489.78 
400.235	466.5  
400.681	329.14 
401.126	513.07 
401.572	431.58 
402.017	408.3  
402.463	424.6  
402.908	403.64 
403.354	466.5  
403.799	445.55 
404.244	457.19 
404.689	450.21 
405.135	408.3  
405.58	433.91  
406.025	419.94 
406.47	471.16  
406.915	412.96 
407.36	424.6   
407.805	436.24 
408.25	475.81  
408.694	445.55 
409.139	412.96 
409.584	538.67 
410.029	429.25 
410.473	419.94 
410.918	433.91 
411.362	385.02 
411.807	396.66 
412.251	415.28 
412.695	438.56 
413.14	529.36  
413.584	468.83 
414.028	459.52 
414.472	478.14 
414.916	485.13 
415.36	480.47  
415.804	459.52 
416.248	487.46 
416.692	510.74 
417.136	508.41 
417.58	487.46  
418.024	459.52 
418.467	487.46 
418.911	489.78 
419.355	482.8  
419.798	482.8  
420.242	496.77 
420.685	524.71 
421.128	487.46 
421.572	527.03 
422.015	568.94 
422.458	627.14 
422.902	543.33 
423.345	566.61 
423.788	571.27 
424.231	508.41 
424.674	552.64 
425.117	641.11 
425.56	568.94  
426.003	683.02 
426.445	655.08 
426.888	706.3  
427.331	699.32 
427.773	703.97 
428.216	715.61 
428.659	724.93 
429.101	713.29 
429.543	731.91 
429.986	883.24 
430.428	834.35 
430.87	815.72  
431.313	855.3  
431.755	887.9  
432.197	866.94 
432.639	939.12 
433.081	929.8  
433.523	997.32 
433.965	1190.56
434.407	1150.98
434.849	1225.48
435.291	1160.29
435.732	1276.7 
436.174	1355.85
436.616	1404.75
437.057	1428.03
437.499	1535.12
437.94	1518.82 
438.382	1693.44
438.823	1705.08
439.264	1809.84
439.706	1919.27
440.147	2068.27
440.588	2189.33
441.029	2245.21
441.47	2345.32 
441.911	2482.68
442.352	2580.46
442.793	2585.12
443.234	2701.52
443.675	2962.28
444.116	2852.85
444.556	3050.75
444.997	3216.04
445.438	3413.94
445.878	3567.59
446.319	3644.42
446.759	3886.55
447.199	4137.99
447.64	4226.46 
448.08	4447.63 
448.52	4459.27 
448.961	4883   
449.401	4906.28
449.841	5187.98
450.281	5395.19
450.721	5634.99
451.161	5735.1 
451.601	5919.02
452.041	6342.74
452.48	6354.39 
452.92	6794.4  
453.36	7190.19 
453.799	7206.49
454.239	7660.48
454.679	7695.4 
455.118	8109.81
455.557	8284.42
455.997	8447.39
456.436	8435.75
456.875	8924.66
457.315	8824.55
457.754	9525.32
458.193	9439.18
458.632	9411.24
459.071	9827.98
459.51	9571.88 
459.949	9844.28
460.388	9823.32
460.827	9832.64
461.265	9869.89
461.704	9574.21
462.143	9550.93
462.581	9341.4 
463.02	9630.09 
463.458	9243.62
463.897	8968.89
464.335	8682.53
464.774	8642.95
465.212	8670.89
465.65	8365.9  
466.088	8223.89
466.527	8109.81
466.965	7613.91
467.403	7553.38
467.841	7439.3 
468.279	7087.75
468.716	6878.22
469.154	6764.14
469.592	6384.65
470.03	6384.65 
470.467	6370.68
470.905	6340.42
471.343	5809.6 
471.78	5898.07 
472.218	5790.97
472.655	5681.55
473.092	5625.68
473.53	5439.42 
473.967	5506.94
474.404	5388.2 
474.841	5243.86
475.278	5318.36
475.716	4983.11
476.153	5148.41
476.589	5111.15
477.026	4936.54
477.463	5085.55
477.9	4754.95  
478.337	4978.45
478.773	4941.2 
479.21	4773.57 
479.647	4610.6 
480.083	4612.93
480.52	4612.93 
480.956	4426.68
481.392	4361.49
481.829	4387.1 
482.265	4226.46
482.701	4016.93
483.137	4151.96
483.574	3905.17
484.01	3888.88 
484.446	3977.35
484.882	3821.36
485.317	3907.5 
485.753	3770.14
486.189	3677.02
486.625	3623.47
487.061	3462.83
487.496	3439.55
487.932	3423.25
488.367	3376.69
488.803	3260.28
489.238	3199.75
489.674	3220.7 
490.109	3183.45
490.544	3113.61
490.979	3139.21
491.415	3094.98
491.85	2892.43 
492.285	3018.15
492.72	2959.95 
493.155	2808.62
493.59	2885.45 
494.024	2773.7 
494.459	2692.21
494.894	2757.4 
495.329	2717.82
495.763	2640.99
496.198	2696.87
496.632	2664.27
497.067	2473.36
497.501	2585.12
497.936	2666.6 
498.37	2582.79 
498.804	2524.58
499.238	2554.85
499.673	2596.76
500.107	2606.07
500.541	2447.76
500.975	2547.87
501.409	2559.51
501.843	2468.71
502.277	2585.12
502.71	2524.58 
503.144	2457.07
503.578	2478.02
504.011	2519.93
504.445	2512.94
504.878	2487.33
505.312	2398.86
505.745	2445.43
506.179	2559.51
506.612	2543.21
507.045	2608.4 
507.479	2703.85
507.912	2717.82
508.345	2696.87
508.778	2720.15
509.211	2808.62
509.644	2661.94
510.077	2827.24
510.509	2890.1 
510.942	2813.27
511.375	2773.7 
511.808	2934.34
512.24	2838.88 
512.673	2969.26
513.105	2966.93
513.538	3004.18
513.97	2943.65 
514.403	3055.4 
514.835	2990.21
515.267	3197.42
515.699	3155.51
516.131	3376.69
516.564	3181.12
516.996	3246.31
517.428	3406.95
517.859	3488.44
518.291	3458.17
518.723	3532.67
519.155	3486.11
519.587	3488.44
520.018	3630.45
520.45	3667.7  
520.881	3644.42
521.313	3635.11
521.744	3807.39
522.176	3725.91
522.607	3833   
523.038	3877.24
523.47	3872.58 
523.901	3944.75
524.332	3860.94
524.763	4091.43
525.194	4002.96
525.625	4112.38
526.056	4086.77
526.487	4110.05
526.917	4137.99
527.348	4191.54
527.779	4328.9 
528.21	4224.13 
528.64	4356.84 
529.071	4440.65
529.501	4401.07
529.932	4214.82
530.362	4431.34
530.792	4484.88
531.222	4452.29
531.653	4650.18
532.083	4487.21
532.513	4652.51
532.943	4664.15
533.373	4713.04
533.803	4794.53
534.233	4661.82
534.663	4640.87
535.092	4740.98
535.522	4764.26
535.952	4717.7 
536.381	4896.97
536.811	4962.15
537.24	4727.01 
537.67	4859.72 
538.099	4887.65
538.529	4955.17
538.958	4889.98
539.387	4883   
539.816	4936.54
540.245	4992.42
540.674	4922.58
541.103	5174.01
541.532	4957.5 
541.961	5062.26
542.39	5025.01 
542.819	5185.66
543.248	4976.12
543.676	4957.5 
544.105	5050.62
544.534	5250.84
544.962	5197.3 
545.391	5204.28
545.819	5120.47
546.247	5004.06
546.676	5104.17
547.104	5048.29
547.532	5066.92
547.96	5323.02 
548.388	5204.28
548.816	5239.2 
549.244	5076.23
549.672	5299.73
550.1	5260.16  
550.528	5323.02
550.956	5032   
551.383	5299.73
551.811	5206.61
552.238	5350.95
552.666	5129.78
553.094	5176.34
553.521	5136.76
553.948	5164.7 
554.376	5320.69
554.803	5248.52
555.23	5206.61 
555.657	5181   
556.084	5139.09
556.511	5185.66
556.938	5236.87
557.365	5239.2 
557.792	5185.66
558.219	5183.33
558.646	5276.45
559.072	5129.78
559.499	5227.56
559.926	5295.08
560.352	5311.38
560.779	5213.59
561.205	5313.7 
561.632	5241.53
562.058	5288.09
562.484	5213.59
562.91	5197.3  
563.337	5367.25
563.763	5388.2 
564.189	5178.67
564.615	5332.33
565.041	5253.17
565.466	5330   
565.892	5334.66
566.318	5234.55
566.744	5339.31
567.169	5336.99
567.595	5343.97
568.021	5346.3 
568.446	5262.48
568.872	5111.15
569.297	5262.48
569.722	5313.7 
570.148	5341.64
570.573	5262.48
570.998	5248.52
571.423	5104.17
571.848	5162.37
572.273	5120.47
572.698	5006.39
573.123	5041.31
573.548	4945.86
573.973	4850.4 
574.397	4931.89
574.822	4957.5 
575.247	4724.68
575.671	4945.86
576.096	4917.92
576.52	4785.21 
576.944	4822.46
577.369	4780.56
577.793	4768.92
578.217	4750.29
578.641	4778.23
579.065	4652.51
579.49	4678.12 
579.914	4638.54
580.337	4694.42
580.761	4559.38
581.185	4640.87
581.609	4547.74
582.033	4447.63
582.456	4517.48
582.88	4375.46 
583.303	4408.05
583.727	4366.15
584.15	4575.68 
584.574	4326.57
584.997	4624.57
585.42	4584.99 
585.844	4456.95
586.267	4245.08
586.69	4342.87 
587.113	4384.77
587.536	4263.71
587.959	4305.62
588.382	4252.07
588.804	4268.37
589.227	4284.66
589.65	4168.26 
590.073	4273.02
590.495	4249.74
590.918	4249.74
591.34	4117.04 
591.763	4212.49
592.185	4177.57
592.607	4133.33
593.03	4226.46 
593.452	4196.19
593.874	3984.33
594.296	4026.24
594.718	4200.85
595.14	4117.04 
595.562	3979.68
595.984	3986.66
596.406	4044.86
596.827	3884.22
597.249	3930.78
597.671	4082.11
598.092	3991.32
598.514	4054.18
598.935	4107.72
599.357	4103.07
599.778	4026.24
600.199	4058.83
600.621	4021.58
601.042	4117.04
601.463	4217.15
601.884	4133.33
602.305	4093.75
602.726	4210.16
603.147	4079.79
603.568	4084.44
603.988	4242.76
604.409	4161.27
604.83	4098.41 
605.25	4107.72 
605.671	4193.87
606.092	4110.05
606.512	4144.97
606.932	4014.6 
607.353	4000.63
607.773	3905.17
608.193	3988.99
608.613	3930.78
609.034	3884.22
609.454	3760.83
609.874	3877.24
610.293	3681.67
610.713	3744.53
611.133	3548.97
611.553	3553.62
611.973	3462.83
612.392	3546.64
612.812	3390.65
613.231	3441.87
613.651	3593.2 
614.07	3386    
614.49	3469.81 
614.909	3376.69
615.328	3290.54
615.747	3278.9 
616.167	3160.17
616.586	3099.64
617.005	3234.67
617.424	3281.23
617.843	3209.06
618.261	3122.92
618.68	3181.12 
619.099	3113.61
619.518	3011.17
619.936	3006.51
620.355	2908.73
620.773	3034.45
621.192	2932.01
621.61	2838.88 
622.029	2883.12
622.447	2852.85
622.865	2831.9 
623.283	2817.93
623.701	2738.77
624.119	2834.23
624.537	2717.82
624.955	2743.43
625.373	2755.07
625.791	2622.37
626.209	2620.04
626.627	2627.02
627.044	2610.73
627.462	2701.52
627.879	2671.26
628.297	2512.94
628.714	2543.21
629.132	2601.41
629.549	2561.83
629.966	2575.8 
630.383	2450.08
630.8	2445.43  
631.217	2452.41
631.634	2473.36
632.051	2438.44
632.468	2459.4 
632.885	2266.16
633.302	2405.85
633.719	2303.41
634.135	2342.99
634.552	2240.55
634.969	2219.6 
635.385	2261.5 
635.801	2214.94
636.218	2187   
636.634	2256.85
637.05	2196.32 
637.467	2119.49
637.883	2282.46
638.299	2082.24
638.715	2121.81
639.131	2138.11
639.547	2098.53
639.963	2082.24
640.378	2131.13
640.794	2026.36
641.21	2061.28 
641.626	1940.22
642.041	1944.88
642.457	1933.23
642.872	1958.84
643.287	2000.75
643.703	1898.31
644.118	1844.77
644.533	1875.03
644.948	1921.59
645.364	1821.48
645.779	1905.3 
646.194	1891.33
646.609	1800.53
647.023	1744.65
647.438	1884.34
647.853	1809.84
648.268	1709.73
648.682	1833.12
649.097	1865.72
649.511	1819.16
649.926	1693.44
650.34	1749.31 
650.755	1709.73
651.169	1763.28
651.583	1730.69
651.997	1788.89
652.411	1695.76
652.825	1726.03
653.239	1688.78
653.653	1644.54
654.067	1616.61
654.481	1691.11
654.895	1609.62
655.309	1577.03
655.722	1535.12
656.136	1600.31
656.549	1493.22
656.963	1584.01
657.376	1460.62
657.79	1514.17 
658.203	1565.39
658.616	1469.93
659.029	1453.64
659.442	1393.1 
659.855	1423.37
660.268	1495.54
660.681	1453.64
661.094	1504.86
661.507	1325.59
661.92	1458.29 
662.333	1353.53
662.745	1560.73
663.158	1386.12
663.57	1302.31 
663.983	1325.59
664.395	1367.5 
664.808	1288.34
665.22	1379.14 
665.632	1341.89
666.044	1358.18
666.456	1332.57
666.868	1348.87
667.28	1230.13 
667.692	1295.32
668.104	1290.67
668.516	1272.04
668.928	1192.88
669.34	1272.04 
669.751	1188.23
670.163	1223.15
670.574	1246.43
670.986	1141.66
671.397	1162.62
671.809	1246.43
672.22	1176.59 
672.631	1141.66
673.042	1162.62
673.453	1090.45
673.864	1141.66
674.275	1102.09
674.686	1060.18
675.097	1076.48
675.508	1090.45
675.919	1050.87
676.33	1162.62 
676.74	1071.82 
677.151	1074.15
677.561	1123.04
677.972	1099.76
678.382	1081.13
678.792	1081.13
679.203	1055.52
679.613	1064.84
680.023	1109.07
680.433	992.66 
680.843	997.32 
681.253	985.68 
681.663	1036.9 
682.073	978.69 
682.483	971.71 
682.893	978.69 
683.302	974.04 
683.712	957.74 
684.122	950.76 
684.531	990.34 
684.94	997.32  
685.35	981.02  
685.759	950.76 
686.168	918.16 
686.578	822.71 
686.987	913.51 
687.396	943.77 
687.805	890.23 
688.214	887.9  
688.623	887.9  
689.032	848.32 
689.44	873.93  
689.849	850.65 
690.258	845.99 
690.666	873.93 
691.075	904.19 
691.484	787.79 
691.892	841.33 
692.3	815.72   
692.709	825.04 
693.117	811.07 
693.525	808.74 
693.933	752.86 
694.341	822.71 
694.749	766.83 
695.157	797.1  
695.565	773.82 
695.973	783.13 
696.381	790.11 
696.788	687.68 
697.196	720.27 
697.604	848.32 
698.011	778.47 
698.419	778.47 
698.826	699.32 
699.234	780.8  
699.641	792.44 
700.048	766.83 
700.455	683.02 
700.862	787.79 
701.269	610.85 
701.676	745.88 
702.083	757.52 
702.49	673.71  
702.897	766.83 
703.304	664.39 
703.71	666.72  
704.117	710.96 
704.524	710.96 
704.93	720.27  
705.337	655.08 
705.743	669.05 
706.149	645.77 
706.556	696.99 
706.962	664.39 
707.368	678.36 
707.774	652.75 
708.18	636.46  
708.586	610.85 
708.992	636.46 
709.398	676.04 
709.804	610.85 
710.209	594.55 
710.615	636.46 
711.021	622.49 
711.426	669.05 
711.832	636.46 
712.237	671.38 
712.642	650.43 
713.048	662.07 
713.453	643.44 
713.858	613.18 
714.263	634.13 
714.668	666.72 
715.073	615.5  
715.478	638.79 
715.883	610.85 
716.288	564.28 
716.693	603.86 
717.097	615.5  
717.502	589.89 
717.906	617.83 
718.311	669.05 
718.715	606.19 
719.12	592.22  
719.524	566.61 
719.928	580.58 
720.333	550.32 
720.737	568.94 
721.141	557.3  
721.545	550.32 
721.949	571.27 
722.353	596.88 
722.757	606.19 
723.16	587.57  
723.564	582.91 
723.968	641.11 
724.371	601.53 
724.775	596.88 
725.178	592.22 
725.582	608.52 
725.985	629.47 
726.388	575.93 
726.792	536.35 
727.195	529.36 
727.598	524.71 
728.001	575.93 
728.404	550.32 
728.807	506.08 
729.21	573.6   
729.612	538.67 
730.015	554.97 
730.418	559.63 
730.82	589.89  
731.223	538.67 
731.625	513.07 
732.028	543.33 
732.43	527.03  
732.833	585.24 
733.235	536.35 
733.637	545.66 
734.039	599.21 
734.441	473.49 
734.843	527.03 
735.245	561.96 
735.647	501.42 
736.049	506.08 
736.451	489.78 
736.852	506.08 
737.254	464.17 
737.655	531.69 
738.057	459.52 
738.458	557.3  
738.86	464.17  
739.261	573.6  
739.662	480.47 
740.064	506.08 
740.465	503.75 
740.866	522.38 
741.267	450.21 
741.668	501.42 
742.069	426.92 
742.469	494.44 
742.87	433.91  
743.271	431.58 
743.672	559.63 
744.072	475.81 
744.473	475.81 
744.873	445.55 
745.274	482.8  
745.674	499.1  
746.074	452.53 
746.474	452.53 
746.875	503.75 
747.275	447.88 
747.675	464.17 
748.075	520.05 
748.474	468.83 
748.874	508.41 
749.274	489.78 
749.674	433.91 
750.073	466.5  
750.473	510.74 
750.873	482.8  
751.272	496.77 
751.671	459.52 
752.071	517.72 
752.47	494.44  
752.869	527.03 
753.268	468.83 
753.668	426.92 
754.067	557.3  
754.466	508.41 
754.864	478.14 
755.263	496.77 
755.662	452.53 
756.061	461.85 
756.459	487.46 
756.858	492.11 
757.257	450.21 
757.655	506.08 
758.053	515.39 
758.452	482.8  
758.85	350.1   
759.248	440.89 
759.646	468.83 
760.045	478.14 
760.443	480.47 
760.841	459.52 
761.238	431.58 
761.636	492.11 
762.034	445.55 
762.432	482.8  
762.829	478.14 
763.227	492.11 
763.625	387.35 
764.022	480.47 
764.419	401.31 
764.817	482.8  
765.214	475.81 
765.611	478.14 
766.008	436.24 
766.406	429.25 
766.803	471.16 
767.199	396.66 
767.596	529.36 
767.993	429.25 
768.39	527.03  
768.787	436.24 
769.183	417.61 
769.58	401.31  
769.977	494.44 
770.373	468.83 
770.769	433.91 
771.166	471.16 
771.562	489.78 
771.958	457.19 
772.354	468.83 
772.75	473.49  
773.146	454.86 
773.542	403.64 
773.938	461.85 
774.334	412.96 
774.73	475.81  
775.126	447.88 
775.521	371.05 
775.917	431.58 
776.312	389.67 
776.708	452.53 
777.103	382.69 
777.499	419.94 
777.894	454.86 
778.289	443.22 
778.684	538.67 
779.079	452.53 
779.474	424.6  
779.869	480.47 
780.264	426.92 
780.659	378.03 
781.054	482.8  
781.448	431.58 
781.843	492.11 
782.238	447.88 
782.632	403.64 
783.027	359.41 
783.421	412.96 
783.815	405.97 
784.21	452.53  
784.604	496.77 
784.998	408.3  
785.392	440.89 
785.786	459.52 
786.18	408.3   
786.574	394.33 
786.968	433.91 
787.361	417.61 
787.755	440.89 
788.149	438.56 
788.542	357.08 
788.936	431.58 
789.329	466.5  
789.722	394.33 
790.116	480.47 
790.509	487.46 
790.902	492.11 
791.295	438.56 
791.688	403.64 
792.081	403.64 
792.474	398.99 
792.867	410.63 
793.26	410.63  
793.653	403.64 
794.045	436.24 
794.438	354.75 
794.83	419.94  
795.223	419.94 
795.615	417.61 
796.008	447.88 
796.4	373.38   
796.792	443.22 
797.184	368.72 
797.576	438.56 
797.968	419.94 
798.36	466.5   
798.752	398.99 
799.144	450.21 
799.536	452.53 
799.928	405.97 
800.319	410.63 
800.711	359.41 
801.102	436.24 
801.494	450.21 
801.885	394.33 
802.276	424.6  
802.668	417.61 
803.059	373.38 
803.45	385.02  
803.841	417.61 
804.232	473.49 
804.623	541    
805.014	382.69 
805.405	459.52 
805.795	405.97 
806.186	457.19 
806.577	452.53 
806.967	452.53 
807.358	371.05 
807.748	431.58 
808.139	489.78 
808.529	412.96 
808.919	319.83 
809.309	410.63 
809.699	496.77 
810.089	478.14 
810.479	398.99 
810.869	422.27 
811.259	396.66 
811.649	440.89 
812.039	529.36 
812.428	419.94 
812.818	398.99 
813.207	468.83 
813.597	389.67 
813.986	443.22 
814.376	415.28 
814.765	392    
815.154	380.36 
815.543	466.5  
815.932	398.99 
816.321	352.42 
816.71	438.56  
817.099	433.91 
817.488	419.94 
817.877	405.97 
818.265	364.06 
818.654	419.94 
819.043	464.17 
819.431	401.31 
819.819	398.99 
820.208	415.28 
820.596	424.6  
820.984	405.97 
821.372	368.72 
821.761	387.35 
822.149	398.99 
822.537	478.14 
822.924	333.8  
823.312	380.36 
823.7	459.52   
824.088	452.53 
824.475	426.92 
824.863	447.88 
825.251	419.94 
825.638	431.58 
826.025	436.24 
826.413	433.91 
826.8	396.66   
827.187	466.5  
827.574	440.89 
827.961	447.88 
828.348	417.61 
828.735	412.96 
829.122	452.53 
829.509	431.58 
829.896	392    
830.282	392    
830.669	440.89 
831.055	380.36 
831.442	366.39 
831.828	373.38 
832.215	392    
832.601	450.21 
832.987	475.81 
833.373	366.39 
833.759	415.28 
834.145	443.22 
834.531	482.8  
834.917	461.85 
835.303	398.99 
835.689	454.86 
836.074	445.55 
836.46	387.35  
836.846	380.36 
837.231	429.25 
837.617	452.53 
838.002	424.6  
838.387	385.02 
838.772	396.66 
839.158	382.69 
839.543	408.3  
839.928	412.96 
840.313	357.08 
840.698	417.61 
841.082	392    
841.467	447.88 
841.852	459.52 
842.237	417.61 
842.621	424.6  
843.006	461.85 
843.39	419.94  
843.774	422.27 
844.159	373.38 
844.543	440.89 
844.927	459.52 
845.311	475.81 
845.695	361.74 
846.079	410.63 
846.463	478.14 
846.847	478.14 
847.231	364.06 
847.615	452.53 
847.998	415.28 
848.382	426.92 
848.765	412.96 
849.149	373.38 
849.532	440.89 
849.916	385.02 
850.299	415.28 
850.682	464.17 
851.065	405.97 
851.448	426.92 
851.831	361.74 
852.214	436.24 
852.597	405.97 
852.98	450.21  
853.363	401.31 
853.745	410.63 
854.128	452.53 
854.51	375.7   
854.893	440.89 
855.275	443.22 
855.658	373.38 
856.04	398.99  
856.422	408.3  
856.804	361.74 
857.186	352.42 
857.568	378.03 
857.95	405.97  
858.332	429.25 
858.714	368.72 
859.096	396.66 
859.477	380.36 
859.859	431.58 
860.24	419.94  
860.622	385.02 
861.003	412.96 
861.385	350.1  
861.766	436.24 
862.147	396.66 
862.528	417.61 
862.909	403.64 
863.29	478.14  
863.671	401.31 
864.052	357.08 
864.433	452.53 
864.814	450.21 
865.194	445.55 
865.575	438.56 
865.955	431.58 
866.336	440.89 
866.716	417.61 
867.097	392    
867.477	410.63 
867.857	361.74 
868.237	454.86 
868.617	480.47 
868.997	415.28 
869.377	401.31 
869.757	433.91 
870.137	387.35 
870.517	361.74 
870.896	403.64 
871.276	452.53 
871.655	454.86 
872.035	482.8  
872.414	466.5  
872.794	426.92 
873.173	422.27 
873.552	452.53 
873.931	480.47 
874.31	438.56  
874.689	331.47 
875.068	426.92 
875.447	422.27 
875.826	403.64 
876.205	429.25 
876.583	436.24 
876.962	396.66 
877.341	422.27 
877.719	426.92 
878.097	364.06 
878.476	364.06 
878.854	436.24 
879.232	445.55 
879.61	485.13  
879.988	382.69 
880.366	396.66 
880.744	489.78 
881.122	466.5  
881.5	359.41   
881.878	433.91 
882.255	394.33 
882.633	440.89 
883.011	438.56 
883.388	403.64 
883.765	366.39 
884.143	408.3  
884.52	473.49  
884.897	415.28 
885.274	343.11 
885.651	459.52 
886.028	392    
886.405	433.91 
886.782	403.64 
887.159	317.5  
887.536	426.92 
887.912	438.56 
888.289	371.05 
888.665	440.89 
889.042	359.41 
889.418	410.63 
889.794	373.38 
890.171	364.06 
890.547	375.7  
890.923	436.24 
891.299	415.28 
891.675	438.56 
892.051	401.31 
892.427	426.92 
892.803	471.16 
893.178	445.55 
893.554	392    
893.929	433.91 
894.305	387.35 
894.68	385.02  
895.056	438.56 
895.431	457.19 
895.806	450.21 
896.181	357.08 
896.557	371.05 
896.932	424.6  
897.307	396.66 
897.681	380.36 
898.056	394.33 
898.431	396.66 
898.806	347.77 
899.18	436.24  
899.555	433.91 
899.929	403.64 
900.304	343.11 
900.678	422.27 
901.052	415.28 
901.427	436.24 
901.801	398.99 
902.175	382.69 
902.549	319.83 
902.923	412.96 
903.297	340.78 
903.67	424.6   
904.044	419.94 
904.418	450.21 
904.791	398.99 
905.165	408.3  
905.538	482.8  
905.912	419.94 
906.285	417.61 
906.658	475.81 
907.032	424.6  
907.405	387.35 
907.778	336.13 
908.151	401.31 
908.524	410.63 
908.896	445.55 
909.269	398.99 
909.642	466.5  
910.015	424.6  
910.387	452.53 
910.76	396.66  
911.132	387.35 
911.504	415.28 
911.877	408.3  
912.249	431.58 
912.621	492.11 
912.993	385.02 
913.365	454.86 
913.737	340.78 
914.109	436.24 
914.481	447.88 
914.853	361.74 
915.224	378.03 
915.596	459.52 
915.968	419.94 
916.339	405.97 
916.71	424.6   
917.082	529.36 
917.453	436.24 
917.824	447.88 
918.195	440.89 
918.566	394.33 
918.937	415.28 
919.308	447.88 
919.679	401.31 
920.05	431.58  
920.421	398.99 
920.791	422.27 
921.162	443.22 
921.532	405.97 
921.903	375.7  
922.273	424.6  
922.644	426.92 
923.014	440.89 
923.384	422.27 
923.754	478.14 
924.124	408.3  
924.494	401.31 
924.864	380.36 
925.234	436.24 
925.604	478.14 
925.973	443.22 
926.343	378.03 
926.712	433.91 
927.082	461.85 
927.451	431.58 
927.821	459.52 
928.19	408.3   
928.559	482.8  
928.928	506.08 
929.297	361.74 
929.666	422.27 
930.035	373.38 
930.404	513.07 
930.773	422.27 
931.142	373.38 
931.51	464.17  
931.879	443.22 
932.247	405.97 
932.616	412.96 
932.984	405.97 
933.353	410.63 
933.721	403.64 
934.089	347.77 
934.457	403.64 
934.825	510.74 
935.193	438.56 
935.561	436.24 
935.929	408.3  
936.296	431.58 
936.664	424.6  
937.032	382.69 
937.399	345.44 
937.767	415.28 
938.134	422.27 
938.501	417.61 
938.869	401.31 
939.236	345.44 
939.603	436.24 
939.97	436.24  
940.337	424.6  
940.704	461.85 
941.071	354.75 
941.438	387.35 
941.804	364.06 
942.171	492.11 
942.538	394.33 
942.904	415.28 
943.27	468.83  
943.637	368.72 
944.003	382.69 
944.369	422.27 
944.735	366.39 
945.102	426.92 
945.468	403.64 
945.833	392    
946.199	366.39 
946.565	389.67 
946.931	387.35 
947.296	412.96 
947.662	345.44 
948.028	417.61 
948.393	359.41 
948.758	385.02 
949.124	380.36 
949.489	382.69 
949.854	387.35 
950.219	445.55 
950.584	361.74 
950.949	443.22 
951.314	396.66 
951.679	324.49 
952.044	424.6  
952.408	382.69 
952.773	408.3  
953.137	389.67 
953.502	317.5  
953.866	412.96 
954.231	405.97 
954.595	396.66 
954.959	452.53 
955.323	392    
955.687	398.99 
956.051	496.77 
956.415	417.61 
956.779	422.27 
957.143	419.94 
957.506	471.16 
957.87	426.92  
958.234	392    
958.597	454.86 
958.961	429.25 
959.324	468.83 
959.687	475.81 
960.05	382.69  
960.413	359.41 
960.776	364.06 
961.139	403.64 
961.502	419.94 
961.865	452.53 
962.228	385.02 
962.591	368.72 
962.953	380.36 
963.316	424.6  
963.678	357.08 
964.041	417.61 
964.403	408.3  
964.765	415.28 
965.128	403.64 
965.49	403.64  
965.852	452.53 
966.214	429.25 
966.576	431.58 
966.938	408.3  
967.299	366.39 
967.661	389.67 
968.023	382.69 
968.384	445.55 
968.746	457.19 
969.107	394.33 
969.469	405.97 
969.83	471.16  
970.191	373.38 
970.552	461.85 
970.913	385.02 
971.274	426.92 
971.635	371.05 
971.996	354.75 
972.357	385.02 
972.718	408.3  
973.078	340.78 
973.439	368.72 
973.8	447.88   
974.16	450.21  
974.52	410.63  
974.881	440.89 
975.241	403.64 
975.601	461.85 
975.961	417.61 
976.321	378.03 
976.681	389.67 
977.041	394.33 
977.401	394.33 
977.76	396.66  
978.12	459.52  
978.48	354.75  
978.839	482.8  
979.199	380.36 
979.558	385.02 
979.917	478.14 
980.277	443.22 
980.636	382.69 
980.995	396.66 
981.354	352.42 
981.713	464.17 
982.072	445.55 
982.43	405.97  
982.789	385.02 
983.148	401.31 
983.506	461.85 
983.865	405.97 
984.223	352.42 
984.582	403.64 
984.94	415.28  
985.298	352.42 
985.656	366.39 
986.015	364.06 
986.373	450.21 
986.731	412.96 
987.088	405.97 
987.446	412.96 
987.804	461.85 
988.162	357.08 
988.519	385.02 
988.877	398.99 
989.234	431.58 
989.591	417.61 
989.949	394.33 
990.306	412.96 
990.663	350.1  
991.02	473.49  
991.377	419.94 
991.734	445.55 
992.091	436.24 
992.448	426.92 
992.805	475.81 
993.161	373.38 
993.518	457.19 
993.874	405.97 
994.231	424.6  
994.587	438.56 
994.943	396.66 
995.3	419.94   
995.656	436.24 
996.012	380.36 
996.368	401.31 
996.724	412.96 
997.08	382.69  
997.435	331.47 
997.791	387.35 
998.147	373.38 
998.502	459.52 
998.858	433.91 
999.213	385.02 
999.569	394.33 
999.924	382.69 
1000.279	333.8 
1000.634	408.3 
1000.989	436.24
1001.344	398.99
1001.699	415.28
1002.054	415.28
1002.409	457.19
1002.764	419.94
1003.118	433.91
1003.473	426.92
1003.827	412.96
1004.182	336.13
1004.536	396.66
1004.89	380.36 
1005.245	461.85
1005.599	417.61
1005.953	392   
1006.307	417.61
1006.661	401.31
1007.015	422.27
1007.368	336.13
1007.722	387.35
1008.076	359.41
1008.429	461.85
1008.783	371.05
1009.136	401.31
1009.489	422.27
1009.843	366.39
1010.196	371.05
1010.549	433.91
1010.902	354.75
1011.255	492.11
1011.608	412.96
1011.961	405.97
1012.313	450.21
1012.666	396.66
1013.019	405.97
1013.371	412.96
1013.724	426.92
1014.076	394.33
1014.428	445.55
1014.781	431.58
1015.133	464.17
1015.485	443.22
1015.837	343.11
1016.189	368.72
1016.541	394.33
1016.893	471.16
1017.244	482.8 
1017.596	396.66
1017.947	389.67
1018.299	454.86
1018.65	412.96 
1019.002	392   
1019.353	426.92
1019.704	396.66
1020.055	433.91
1020.407	436.24
1020.758	382.69
1021.108	392   
1021.459	412.96
1021.81	492.11 
1022.161	405.97
1022.511	378.03
1022.862	405.97
1023.213	422.27
1023.563	368.72
1023.913	431.58
1024.264	398.99
1024.614	347.77
1024.964	403.64
1025.314	473.49
1025.664	403.64
1026.014	401.31
1026.364	371.05
1026.713	361.74
1027.063	438.56
1027.413	371.05
1027.762	396.66
1028.112	438.56
1028.461	396.66
1028.81	359.41 
1029.16	415.28 
1029.509	380.36
1029.858	359.41
1030.207	464.17
1030.556	431.58
1030.905	436.24
1031.254	447.88
1031.602	408.3 
1031.951	452.53
1032.3	454.86  
1032.648	317.5 
1032.996	317.5 
1033.345	317.5 