187.879	-36.52 
188.346	-36.52 
188.813	-36.52 
189.28	-141.29 
189.747	-80.76 
190.214	-45.84 
190.681	-38.85 
191.148	-134.3 
191.614	-34.19 
192.081	-45.84 
192.548	-31.87 
193.014	-43.51 
193.481	-118.01
193.948	24.01  
194.414	70.57  
194.881	40.31  
195.347	28.67  
195.813	19.35  
196.28	96.18   
196.746	72.9   
197.212	140.42 
197.678	140.42 
198.145	196.29 
198.611	219.57 
199.077	329    
199.543	270.79 
200.009	252.17 
200.475	256.82 
200.941	277.78 
201.407	326.67 
201.873	322.01 
202.338	317.36 
202.804	361.59 
203.27	361.59  
203.735	331.32 
204.201	361.59 
204.667	447.73 
205.132	436.09 
205.598	384.87 
206.063	450.06 
206.529	426.78 
206.994	438.42 
207.459	417.47 
207.925	443.08 
208.39	410.48  
208.855	422.12 
209.32	405.83  
209.785	417.47 
210.25	468.69  
210.715	401.17 
211.18	438.42  
211.645	352.28 
212.11	417.47  
212.575	373.23 
213.04	475.67  
213.504	377.89 
213.969	347.62 
214.434	454.72 
214.899	335.98 
215.363	377.89 
215.828	403.5  
216.292	396.51 
216.757	333.65 
217.221	396.51 
217.685	515.25 
218.15	377.89  
218.614	426.78 
219.078	384.87 
219.542	398.84 
220.007	373.23 
220.471	352.28 
220.935	450.06 
221.399	410.48 
221.863	431.43 
222.327	401.17 
222.791	389.53 
223.254	401.17 
223.718	415.14 
224.182	443.08 
224.646	391.86 
225.109	338.31 
225.573	345.29 
226.037	450.06 
226.5	394.18   
226.964	433.76 
227.427	391.86 
227.89	354.61  
228.354	377.89 
228.817	433.76 
229.28	342.97  
229.744	433.76 
230.207	345.29 
230.67	347.62  
231.133	412.81 
231.596	333.65 
232.059	375.56 
232.522	359.26 
232.985	345.29 
233.448	340.64 
233.911	347.62 
234.374	368.57 
234.836	370.9  
235.299	438.42 
235.762	394.18 
236.224	377.89 
236.687	408.15 
237.149	412.81 
237.612	433.76 
238.074	415.14 
238.537	398.84 
238.999	347.62 
239.461	410.48 
239.924	352.28 
240.386	403.5  
240.848	478    
241.31	382.54  
241.772	410.48 
242.234	389.53 
242.696	363.92 
243.158	457.04 
243.62	401.17  
244.082	363.92 
244.544	403.5  
245.006	443.08 
245.468	471.01 
245.929	391.86 
246.391	387.2  
246.852	382.54 
247.314	389.53 
247.776	380.22 
248.237	377.89 
248.698	366.25 
249.16	373.23  
249.621	403.5  
250.082	408.15 
250.544	389.53 
251.005	471.01 
251.466	429.11 
251.927	377.89 
252.388	412.81 
252.849	417.47 
253.31	342.97  
253.771	447.73 
254.232	445.4  
254.693	424.45 
255.154	394.18 
255.615	422.12 
256.075	480.33 
256.536	370.9  
256.997	412.81 
257.457	438.42 
257.918	433.76 
258.378	468.69 
258.839	273.12 
259.299	410.48 
259.759	419.79 
260.22	319.68  
260.68	438.42  
261.14	410.48  
261.6	391.86   
262.06	498.95  
262.521	494.29 
262.981	419.79 
263.441	377.89 
263.901	443.08 
264.36	380.22  
264.82	433.76  
265.28	424.45  
265.74	450.06  
266.2	417.47   
266.659	440.75 
267.119	324.34 
267.579	440.75 
268.038	396.51 
268.498	426.78 
268.957	405.83 
269.416	422.12 
269.876	415.14 
270.335	482.65 
270.794	436.09 
271.254	408.15 
271.713	433.76 
272.172	431.43 
272.631	389.53 
273.09	454.72  
273.549	408.15 
274.008	422.12 
274.467	475.67 
274.926	417.47 
275.385	417.47 
275.843	440.75 
276.302	471.01 
276.761	382.54 
277.22	468.69  
277.678	468.69 
278.137	466.36 
278.595	408.15 
279.054	419.79 
279.512	429.11 
279.97	377.89  
280.429	405.83 
280.887	366.25 
281.345	424.45 
281.803	387.2  
282.262	384.87 
282.72	370.9   
283.178	526.89 
283.636	356.93 
284.094	384.87 
284.552	484.98 
285.01	473.34  
285.467	375.56 
285.925	443.08 
286.383	471.01 
286.841	447.73 
287.298	436.09 
287.756	382.54 
288.213	445.4  
288.671	450.06 
289.128	377.89 
289.586	426.78 
290.043	461.7  
290.5	431.43   
290.958	312.7  
291.415	398.84 
291.872	408.15 
292.329	370.9  
292.786	471.01 
293.243	464.03 
293.7	380.22   
294.157	487.31 
294.614	459.37 
295.071	375.56 
295.528	454.72 
295.985	338.31 
296.441	461.7  
296.898	471.01 
297.355	443.08 
297.811	403.5  
298.268	429.11 
298.724	403.5  
299.181	440.75 
299.637	445.4  
300.094	494.29 
300.55	391.86  
301.006	368.57 
301.462	424.45 
301.919	403.5  
302.375	415.14 
302.831	452.39 
303.287	473.34 
303.743	389.53 
304.199	429.11 
304.655	403.5  
305.11	412.81  
305.566	338.31 
306.022	417.47 
306.478	429.11 
306.933	433.76 
307.389	438.42 
307.845	438.42 
308.3	431.43   
308.756	410.48 
309.211	398.84 
309.666	391.86 
310.122	396.51 
310.577	461.7  
311.032	461.7  
311.487	459.37 
311.943	471.01 
312.398	389.53 
312.853	436.09 
313.308	422.12 
313.763	489.64 
314.218	403.5  
314.672	450.06 
315.127	431.43 
315.582	433.76 
316.037	422.12 
316.492	443.08 
316.946	429.11 
317.401	391.86 
317.855	501.28 
318.31	457.04  
318.764	454.72 
319.219	363.92 
319.673	508.26 
320.127	403.5  
320.582	368.57 
321.036	431.43 
321.49	438.42  
321.944	445.4  
322.398	480.33 
322.852	459.37 
323.306	438.42 
323.76	443.08  
324.214	478    
324.668	417.47 
325.122	429.11 
325.575	457.04 
326.029	398.84 
326.483	401.17 
326.936	384.87 
327.39	471.01  
327.843	452.39 
328.297	417.47 
328.75	457.04  
329.204	457.04 
329.657	459.37 
330.11	440.75  
330.564	505.94 
331.017	484.98 
331.47	424.45  
331.923	415.14 
332.376	503.61 
332.829	461.7  
333.282	429.11 
333.735	454.72 
334.188	436.09 
334.641	410.48 
335.093	440.75 
335.546	405.83 
335.999	408.15 
336.451	398.84 
336.904	443.08 
337.356	396.51 
337.809	431.43 
338.261	394.18 
338.714	468.69 
339.166	412.81 
339.618	422.12 
340.07	489.64  
340.523	415.14 
340.975	443.08 
341.427	429.11 
341.879	475.67 
342.331	408.15 
342.783	491.97 
343.235	505.94 
343.687	429.11 
344.138	452.39 
344.59	436.09  
345.042	431.43 
345.494	526.89 
345.945	484.98 
346.397	440.75 
346.848	482.65 
347.3	405.83   
347.751	394.18 
348.203	429.11 
348.654	457.04 
349.105	370.9  
349.556	417.47 
350.008	438.42 
350.459	457.04 
350.91	457.04  
351.361	496.62 
351.812	384.87 
352.263	340.64 
352.714	503.61 
353.165	471.01 
353.615	438.42 
354.066	405.83 
354.517	366.25 
354.968	480.33 
355.418	398.84 
355.869	429.11 
356.319	491.97 
356.77	396.51  
357.22	412.81  
357.671	426.78 
358.121	429.11 
358.571	403.5  
359.021	422.12 
359.472	354.61 
359.922	491.97 
360.372	466.36 
360.822	475.67 
361.272	480.33 
361.722	452.39 
362.172	468.69 
362.622	452.39 
363.071	345.29 
363.521	384.87 
363.971	431.43 
364.42	484.98  
364.87	394.18  
365.32	415.14  
365.769	443.08 
366.219	443.08 
366.668	461.7  
367.117	433.76 
367.567	426.78 
368.016	431.43 
368.465	501.28 
368.914	515.25 
369.363	464.03 
369.812	440.75 
370.261	443.08 
370.71	436.09  
371.159	471.01 
371.608	459.37 
372.057	396.51 
372.506	454.72 
372.955	459.37 
373.403	380.22 
373.852	447.73 
374.301	454.72 
374.749	426.78 
375.198	475.67 
375.646	487.31 
376.094	429.11 
376.543	473.34 
376.991	482.65 
377.439	405.83 
377.887	466.36 
378.336	424.45 
378.784	459.37 
379.232	478    
379.68	440.75  
380.128	466.36 
380.576	445.4  
381.023	447.73 
381.471	438.42 
381.919	405.83 
382.367	415.14 
382.814	464.03 
383.262	405.83 
383.71	466.36  
384.157	422.12 
384.605	436.09 
385.052	426.78 
385.499	403.5  
385.947	373.23 
386.394	475.67 
386.841	450.06 
387.288	440.75 
387.735	438.42 
388.182	424.45 
388.63	419.79  
389.076	471.01 
389.523	475.67 
389.97	368.57  
390.417	487.31 
390.864	526.89 
391.311	464.03 
391.757	452.39 
392.204	384.87 
392.651	401.17 
393.097	501.28 
393.544	468.69 
393.99	431.43  
394.436	443.08 
394.883	438.42 
395.329	464.03 
395.775	438.42 
396.221	410.48 
396.668	510.59 
397.114	471.01 
397.56	491.97  
398.006	429.11 
398.452	452.39 
398.897	487.31 
399.343	515.25 
399.789	468.69 
400.235	447.73 
400.681	394.18 
401.126	480.33 
401.572	466.36 
402.017	503.61 
402.463	447.73 
402.908	480.33 
403.354	426.78 
403.799	461.7  
404.244	424.45 
404.689	331.32 
405.135	515.25 
405.58	422.12  
406.025	501.28 
406.47	464.03  
406.915	422.12 
407.36	466.36  
407.805	522.23 
408.25	510.59  
408.694	440.75 
409.139	498.95 
409.584	457.04 
410.029	443.08 
410.473	426.78 
410.918	457.04 
411.362	408.15 
411.807	359.26 
412.251	515.25 
412.695	543.19 
413.14	466.36  
413.584	422.12 
414.028	426.78 
414.472	415.14 
414.916	475.67 
415.36	484.98  
415.804	461.7  
416.248	524.56 
416.692	482.65 
417.136	503.61 
417.58	503.61  
418.024	478    
418.467	452.39 
418.911	505.94 
419.355	494.29 
419.798	512.92 
420.242	498.95 
420.685	482.65 
421.128	582.76 
421.572	517.58 
422.015	480.33 
422.458	505.94 
422.902	543.19 
423.345	501.28 
423.788	543.19 
424.231	571.12 
424.674	610.7  
425.117	540.86 
425.56	585.09  
426.003	601.39 
426.445	540.86 
426.888	533.87 
427.331	666.58 
427.773	645.62 
428.216	673.56 
428.659	769.02 
429.101	675.89 
429.543	738.75 
429.986	717.8  
430.428	680.55 
430.87	757.38  
431.313	808.59 
431.755	890.08 
432.197	792.3  
432.639	1015.8 
433.081	918.02 
433.523	911.03 
433.965	966.91 
434.407	973.89 
434.849	1094.96
435.291	1129.88
435.732	1162.47
436.174	1218.35
436.616	1204.38
437.057	1274.22
437.499	1290.52
437.94	1469.79 
438.382	1348.72
438.823	1583.87
439.264	1600.16
439.706	1707.26
440.147	1856.26
440.588	1842.29
441.029	2012.25
441.47	2061.14 
441.911	2044.84
442.352	2235.75
442.793	2242.73
443.234	2375.44
443.675	2440.63
444.116	2540.74
444.556	2789.85
444.997	2787.52
445.438	2864.35
445.878	3274.1 
446.319	3183.3 
446.759	3388.18
447.199	3423.1 
447.64	3523.21 
448.08	3797.93 
448.52	3998.16 
448.961	4207.69
449.401	4501.04
449.841	4531.3 
450.281	4701.26
450.721	4875.87
451.161	5101.7 
451.601	5322.87
452.041	5613.89
452.48	5953.8  
452.92	6056.24 
453.36	6144.71 
453.799	6498.58
454.239	6670.87
454.679	6943.26
455.118	7231.95
455.557	7308.78
455.997	7425.19
456.436	7669.64
456.875	7848.91
457.315	8198.13
457.754	8416.98
458.193	8419.31
458.632	8486.82
459.071	8877.95
459.51	8605.56 
459.949	8621.85
460.388	8810.43
460.827	9243.47
461.265	9057.22
461.704	8843.03
462.143	8738.26
462.581	8558.99
463.02	8603.23 
463.458	8598.57
463.897	8258.66
464.335	7986.27
464.774	8070.08
465.212	7974.63
465.65	7599.8  
466.088	7644.03
466.527	7588.16
466.965	7178.4 
467.403	7166.76
467.841	6947.92
468.279	6535.84
468.716	6689.49
469.154	6377.52
469.592	5944.49
470.03	5956.13 
470.467	5683.73
470.905	5769.87
471.343	5618.55
471.78	5439.28 
472.218	5357.79
472.655	5425.31
473.092	5073.76
473.53	5113.34 
473.967	4968.99
474.404	5020.21
474.841	4845.6 
475.278	4733.85
475.716	4717.55
476.153	4799.04
476.589	4554.58
477.026	4633.74
477.463	4582.52
477.9	4403.25  
478.337	4359.02
478.773	4386.96
479.21	4277.53 
479.647	4452.14
480.083	4342.72
480.52	4219.33 
480.956	4172.77
481.392	4130.86
481.829	3939.95
482.265	3930.64
482.701	3772.33
483.137	3823.54
483.574	3723.43
484.01	3744.39 
484.446	3693.17
484.882	3586.07
485.317	3625.65
485.753	3313.68
486.189	3460.35
486.625	3285.74
487.061	3292.73
487.496	3260.13
487.932	3122.77
488.367	3052.93
488.803	3094.83
489.238	2969.11
489.674	2901.6 
490.109	2920.22
490.544	2913.24
490.979	2887.63
491.415	2866.68
491.85	2726.99 
492.285	2796.83
492.72	2647.83 
493.155	2645.5 
493.59	2633.86 
494.024	2615.24
494.459	2626.88
494.894	2519.78
495.329	2547.72
495.763	2433.64
496.198	2554.7 
496.632	2417.34
497.067	2461.58
497.501	2526.77
497.936	2380.09
498.37	2426.66 
498.804	2368.45
499.238	2370.78
499.673	2422   
500.107	2307.92
500.541	2368.45
500.975	2249.72
501.409	2326.55
501.843	2398.72
502.277	2340.51
502.71	2403.37 
503.144	2238.08
503.578	2247.39
504.011	2335.86
504.445	2324.22
504.878	2417.34
505.312	2408.03
505.745	2273   
506.179	2307.92
506.612	2382.42
507.045	2428.98
507.479	2326.55
507.912	2310.25
508.345	2447.61
508.778	2410.36
509.211	2470.89
509.644	2489.52
510.077	2468.56
510.509	2554.7 
510.942	2484.86
511.375	2692.07
511.808	2496.5 
512.24	2654.81 
512.673	2682.75
513.105	2810.8 
513.538	2654.81
513.97	2803.82 
514.403	2924.88
514.835	2733.97
515.267	2889.96
515.699	2864.35
516.131	2910.91
516.564	3036.63
516.996	3043.62
517.428	3064.57
517.859	3062.24
518.291	3052.93
518.723	3171.66
519.155	3253.15
519.587	3343.95
520.018	3146.05
520.45	3299.71 
520.881	3471.99
521.313	3385.85
521.744	3520.89
522.176	3369.56
522.607	3418.45
523.038	3574.43
523.47	3499.93 
523.901	3539.51
524.332	3579.09
524.763	3655.92
525.194	3644.28
525.625	3825.87
526.056	3721.11
526.487	3711.79
526.917	3765.34
527.348	3781.64
527.779	3704.81
528.21	3877.09 
528.64	3979.53 
529.071	4033.08
529.501	4019.11
529.932	4086.62
530.362	4088.95
530.792	4009.8 
531.222	3972.55
531.653	4030.75
532.083	4147.16
532.513	4200.7 
532.943	4142.5 
533.373	4068   
533.803	4277.53
534.233	4177.42
534.663	4261.24
535.092	4277.53
535.522	4272.88
535.952	4228.64
536.381	4193.72
536.811	4482.41
537.24	4205.36 
537.67	4356.69 
538.099	4419.55
538.529	4461.46
538.958	4461.46
539.387	4445.16
539.816	4384.63
540.245	4487.07
540.674	4382.3 
541.103	4526.64
541.532	4535.96
541.961	4482.41
542.39	4552.25 
542.819	4566.22
543.248	4652.36
543.676	4549.93
544.105	4624.43
544.534	4691.94
544.962	4652.36
545.391	4603.47
545.819	4710.57
546.247	4650.04
546.676	4612.79
547.104	4622.1 
547.532	4647.71
547.96	4501.04 
548.388	4657.02
548.816	4712.9 
549.244	4787.4 
549.672	4768.77
550.1	4610.46  
550.528	4657.02
550.956	4657.02
551.383	4657.02
551.811	4740.83
552.238	4577.86
552.666	4824.65
553.094	4736.18
553.521	4740.83
553.948	4680.3 
554.376	4775.76
554.803	4638.4 
555.23	4701.26 
555.657	4498.71
556.084	4691.94
556.511	4445.16
556.938	4745.49
557.365	4719.88
557.792	4689.61
558.219	4701.26
558.646	4726.87
559.072	4766.44
559.499	4701.26
559.926	4738.51
560.352	4747.82
560.779	4626.75
561.205	4729.19
561.632	4687.29
562.058	4710.57
562.484	4771.1 
562.91	4771.1  
563.337	4677.97
563.763	4754.8 
564.189	4701.26
564.615	4680.3 
565.041	4657.02
565.466	4815.33
565.892	4752.47
566.318	4826.98
566.744	4971.32
567.169	4899.15
567.595	4810.68
568.021	4605.8 
568.446	4615.11
568.872	4775.76
569.297	4736.18
569.722	4691.94
570.148	4580.19
570.573	4617.44
570.998	4817.66
571.423	4608.13
571.848	4584.85
572.273	4533.63
572.698	4603.47
573.123	4386.96
573.548	4435.85
573.973	4508.02
574.397	4398.6 
574.822	4489.39
575.247	4480.08
575.671	4428.86
576.096	4377.64
576.52	4214.67 
576.944	4368.33
577.369	4372.99
577.793	4333.41
578.217	4419.55
578.641	4142.5 
579.065	4130.86
579.49	4040.06 
579.914	4177.42
580.337	4137.84
580.761	4123.88
581.185	4193.72
581.609	4175.09
582.033	4128.53
582.456	4000.48
582.88	4091.28 
583.303	4037.73
583.727	4019.11
584.15	4074.98 
584.574	4040.06
584.997	4126.2 
585.42	4068    
585.844	3877.09
586.267	3886.4 
586.69	4016.78 
587.113	3884.08
587.536	3960.9 
587.959	3907.36
588.382	3921.33
588.804	3842.17
589.227	3963.23
589.65	3893.39 
590.073	3797.93
590.495	3809.58
590.918	3891.06
591.34	3783.97 
591.763	3818.89
592.185	3751.37
592.607	3735.07
593.03	3676.87 
593.452	3576.76
593.874	3795.61
594.296	3672.21
594.718	3609.35
595.14	3728.09 
595.562	3739.73
595.984	3625.65
596.406	3674.54
596.827	3667.56
597.249	3651.26
597.671	3621   
598.092	3763.01
598.514	3593.06
598.935	3658.25
599.357	3609.35
599.778	3793.28
600.199	3707.14
600.621	3653.59
601.042	3788.62
601.463	3630.31
601.884	3655.92
602.305	3744.39
602.726	3809.58
603.147	3765.34
603.568	3793.28
603.988	3756.03
604.409	3818.89
604.83	3781.64 
605.25	3623.32 
605.671	3716.45
606.092	3804.92
606.512	3674.54
606.932	3506.92
607.353	3558.14
607.773	3614.01
608.193	3676.87
608.613	3439.4 
609.034	3513.9 
609.454	3343.95
609.874	3418.45
610.293	3513.9 
610.713	3353.26
611.133	3362.57
611.553	3250.82
611.973	3316.01
612.392	3232.2 
612.812	3097.16
613.231	3227.54
613.651	3227.54
614.07	3078.54 
614.49	2957.47 
614.909	3090.18
615.328	3029.65
615.747	2955.15
616.167	3038.96
616.586	2778.21
617.005	2899.27
617.424	2845.72
617.843	2771.22
618.261	2771.22
618.68	2813.13 
619.099	2799.16
619.518	2829.43
619.936	2782.86
620.355	2699.05
620.773	2771.22
621.192	2699.05
621.61	2726.99 
622.029	2638.52
622.447	2545.39
622.865	2564.02
623.283	2577.99
623.701	2596.61
624.119	2501.16
624.537	2515.13
624.955	2571   
625.373	2359.14
625.791	2475.55
626.209	2391.73
626.627	2431.31
627.044	2310.25
627.462	2245.06
627.879	2303.26
628.297	2326.55
628.714	2361.47
629.132	2366.12
629.549	2277.65
629.966	2137.97
630.383	2233.42
630.8	2298.61  
631.217	2189.19
631.634	2284.64
632.051	2266.01
632.468	2172.89
632.885	2051.82
633.302	2105.37
633.719	2170.56
634.135	2068.12
634.552	2235.75
634.969	2105.37
635.385	2124   
635.801	1998.28
636.218	2040.18
636.634	2002.93
637.05	2100.72 
637.467	2002.93
637.883	1958.7 
638.299	1961.03
638.715	1961.03
639.131	1972.67
639.547	1881.87
639.963	1914.46
640.378	1874.89
640.794	1846.95
641.21	1856.26 
641.626	1895.84
642.041	1823.67
642.457	1821.34
642.872	1812.03
643.287	1718.9 
643.703	1842.29
644.118	1693.29
644.533	1786.42
644.948	1660.7 
645.364	1721.23
645.779	1730.54
646.194	1693.29
646.609	1665.35
647.023	1635.09
647.438	1656.04
647.853	1679.32
648.268	1660.7 
648.682	1670.01
649.097	1711.92
649.511	1642.07
649.926	1690.96
650.34	1593.18 
650.755	1621.12
651.169	1511.69
651.583	1611.81
651.997	1600.16
652.411	1495.4 
652.825	1588.52
653.239	1495.4 
653.653	1430.21
654.067	1530.32
654.481	1534.98
654.895	1497.73
655.309	1576.88
655.722	1413.91
656.136	1402.27
656.549	1488.41
656.963	1446.51
657.376	1453.49
657.79	1399.94 
658.203	1446.51
658.616	1413.91
659.029	1527.99
659.442	1425.55
659.855	1337.08
660.268	1229.99
660.681	1404.6 
661.094	1397.62
661.507	1397.62
661.92	1306.82 
662.333	1309.15
662.745	1302.16
663.158	1257.93
663.57	1197.39 
663.983	1290.52
664.395	1255.6 
664.808	1283.54
665.22	1271.9  
665.632	1288.19
666.044	1157.82
666.456	1167.13
666.868	1213.69
667.28	1171.79 
667.692	1164.8 
668.104	1113.58
668.516	1122.89
668.928	1150.83
669.34	1134.53 
669.751	1080.99
670.163	1120.57
670.574	1087.97
670.986	1083.32
671.397	1101.94
671.809	1118.24
672.22	1094.96 
672.631	1115.91
673.042	1048.39
673.453	1025.11
673.864	1113.58
674.275	1078.66
674.686	1083.32
675.097	962.25 
675.508	1099.61
675.919	1032.1 
676.33	1008.82 
676.74	1067.02 
677.151	1025.11
677.561	1011.14
677.972	1027.44
678.382	927.33 
678.792	1092.63
679.203	997.17 
679.613	929.66 
680.023	983.21 
680.433	948.28 
680.843	950.61 
681.253	978.55 
681.663	915.69 
682.073	906.38 
682.483	897.06 
682.893	955.27 
683.302	927.33 
683.712	871.45 
684.122	894.74 
684.531	773.67 
684.94	869.13  
685.35	883.1   
685.759	906.38 
686.168	801.61 
686.578	792.3  
686.987	838.86 
687.396	841.19 
687.805	857.49 
688.214	862.14 
688.623	862.14 
689.032	810.92 
689.44	820.24  
689.849	745.73 
690.258	869.13 
690.666	738.75 
691.075	815.58 
691.484	796.95 
691.892	820.24 
692.3	829.55   
692.709	755.05 
693.117	785.31 
693.525	813.25 
693.933	801.61 
694.341	680.55 
694.749	722.45 
695.157	769.02 
695.565	792.3  
695.973	713.14 
696.381	741.08 
696.788	752.72 
697.196	608.37 
697.604	736.42 
698.011	817.91 
698.419	701.5  
698.826	682.87 
699.234	796.95 
699.641	759.7  
700.048	664.25 
700.455	727.11 
700.862	713.14 
701.269	710.81 
701.676	710.81 
702.083	722.45 
702.49	694.52  
702.897	622.34 
703.304	713.14 
703.71	661.92  
704.117	654.94 
704.524	678.22 
704.93	622.34  
705.337	668.91 
705.743	699.17 
706.149	606.05 
706.556	673.56 
706.962	585.09 
707.368	696.84 
707.774	582.76 
708.18	610.7   
708.586	624.67 
708.992	668.91 
709.398	599.06 
709.804	613.03 
710.209	659.59 
710.615	610.7  
711.021	603.72 
711.426	633.98 
711.832	627    
712.237	650.28 
712.642	673.56 
713.048	561.81 
713.453	666.58 
713.858	615.36 
714.263	561.81 
714.668	615.36 
715.073	568.8  
715.478	673.56 
715.883	596.73 
716.288	615.36 
716.693	550.17 
717.097	554.83 
717.502	615.36 
717.906	554.83 
718.311	643.3  
718.715	615.36 
719.12	594.4   
719.524	550.17 
719.928	566.47 
720.333	522.23 
720.737	578.11 
721.141	491.97 
721.545	592.08 
721.949	650.28 
722.353	573.45 
722.757	573.45 
723.16	575.78  
723.564	580.44 
723.968	538.53 
724.371	491.97 
724.775	603.72 
725.178	491.97 
725.582	554.83 
725.985	589.75 
726.388	529.22 
726.792	524.56 
727.195	543.19 
727.598	575.78 
728.001	573.45 
728.404	491.97 
728.807	568.8  
729.21	522.23  
729.612	491.97 
730.015	529.22 
730.418	450.06 
730.82	578.11  
731.223	508.26 
731.625	575.78 
732.028	594.4  
732.43	550.17  
732.833	452.39 
733.235	510.59 
733.637	468.69 
734.039	519.9  
734.441	508.26 
734.843	487.31 
735.245	547.84 
735.647	587.42 
736.049	519.9  
736.451	519.9  
736.852	457.04 
737.254	468.69 
737.655	494.29 
738.057	505.94 
738.458	501.28 
738.86	522.23  
739.261	508.26 
739.662	512.92 
740.064	498.95 
740.465	450.06 
740.866	512.92 
741.267	533.87 
741.668	592.08 
742.069	529.22 
742.469	498.95 
742.87	461.7   
743.271	498.95 
743.672	519.9  
744.072	547.84 
744.473	496.62 
744.873	440.75 
745.274	501.28 
745.674	436.09 
746.074	422.12 
746.474	503.61 
746.875	508.26 
747.275	496.62 
747.675	491.97 
748.075	503.61 
748.474	457.04 
748.874	478    
749.274	475.67 
749.674	529.22 
750.073	484.98 
750.473	475.67 
750.873	475.67 
751.272	494.29 
751.671	473.34 
752.071	471.01 
752.47	498.95  
752.869	405.83 
753.268	494.29 
753.668	450.06 
754.067	501.28 
754.466	524.56 
754.864	510.59 
755.263	410.48 
755.662	452.39 
756.061	482.65 
756.459	410.48 
756.858	468.69 
757.257	489.64 
757.655	468.69 
758.053	529.22 
758.452	484.98 
758.85	405.83  
759.248	436.09 
759.646	475.67 
760.045	491.97 
760.443	457.04 
760.841	440.75 
761.238	468.69 
761.636	526.89 
762.034	478    
762.432	503.61 
762.829	452.39 
763.227	508.26 
763.625	543.19 
764.022	484.98 
764.419	438.42 
764.817	519.9  
765.214	529.22 
765.611	466.36 
766.008	396.51 
766.406	405.83 
766.803	422.12 
767.199	515.25 
767.596	484.98 
767.993	482.65 
768.39	417.47  
768.787	443.08 
769.183	512.92 
769.58	415.14  
769.977	431.43 
770.373	394.18 
770.769	464.03 
771.166	396.51 
771.562	482.65 
771.958	475.67 
772.354	536.2  
772.75	459.37  
773.146	468.69 
773.542	384.87 
773.938	484.98 
774.334	482.65 
774.73	461.7   
775.126	424.45 
775.521	433.76 
775.917	484.98 
776.312	431.43 
776.708	440.75 
777.103	487.31 
777.499	459.37 
777.894	345.29 
778.289	452.39 
778.684	457.04 
779.079	433.76 
779.474	480.33 
779.869	531.54 
780.264	487.31 
780.659	382.54 
781.054	454.72 
781.448	450.06 
781.843	461.7  
782.238	363.92 
782.632	498.95 
783.027	394.18 
783.421	391.86 
783.815	431.43 
784.21	424.45  
784.604	459.37 
784.998	484.98 
785.392	447.73 
785.786	452.39 
786.18	473.34  
786.574	489.64 
786.968	429.11 
787.361	433.76 
787.755	403.5  
788.149	380.22 
788.542	491.97 
788.936	466.36 
789.329	431.43 
789.722	438.42 
790.116	454.72 
790.509	412.81 
790.902	457.04 
791.295	466.36 
791.688	457.04 
792.081	454.72 
792.474	540.86 
792.867	410.48 
793.26	424.45  
793.653	433.76 
794.045	468.69 
794.438	410.48 
794.83	438.42  
795.223	478    
795.615	422.12 
796.008	368.57 
796.4	457.04   
796.792	447.73 
797.184	489.64 
797.576	471.01 
797.968	394.18 
798.36	457.04  
798.752	410.48 
799.144	398.84 
799.536	464.03 
799.928	373.23 
800.319	405.83 
800.711	373.23 
801.102	454.72 
801.494	491.97 
801.885	498.95 
802.276	440.75 
802.668	415.14 
803.059	440.75 
803.45	384.87  
803.841	436.09 
804.232	443.08 
804.623	440.75 
805.014	405.83 
805.405	405.83 
805.795	436.09 
806.186	450.06 
806.577	452.39 
806.967	515.25 
807.358	403.5  
807.748	487.31 
808.139	457.04 
808.529	417.47 
808.919	396.51 
809.309	354.61 
809.699	401.17 
810.089	433.76 
810.479	478    
810.869	422.12 
811.259	443.08 
811.649	447.73 
812.039	417.47 
812.428	452.39 
812.818	429.11 
813.207	417.47 
813.597	461.7  
813.986	510.59 
814.376	431.43 
814.765	382.54 
815.154	473.34 
815.543	422.12 
815.932	482.65 
816.321	466.36 
816.71	480.33  
817.099	412.81 
817.488	326.67 
817.877	398.84 
818.265	429.11 
818.654	380.22 
819.043	443.08 
819.431	443.08 
819.819	482.65 
820.208	405.83 
820.596	403.5  
820.984	417.47 
821.372	501.28 
821.761	501.28 
822.149	398.84 
822.537	363.92 
822.924	440.75 
823.312	496.62 
823.7	436.09   
824.088	389.53 
824.475	345.29 
824.863	438.42 
825.251	419.79 
825.638	412.81 
826.025	426.78 
826.413	433.76 
826.8	396.51   
827.187	382.54 
827.574	387.2  
827.961	422.12 
828.348	454.72 
828.735	408.15 
829.122	438.42 
829.509	426.78 
829.896	424.45 
830.282	487.31 
830.669	389.53 
831.055	429.11 
831.442	459.37 
831.828	412.81 
832.215	363.92 
832.601	412.81 
832.987	396.51 
833.373	401.17 
833.759	429.11 
834.145	480.33 
834.531	373.23 
834.917	412.81 
835.303	438.42 
835.689	475.67 
836.074	445.4  
836.46	466.36  
836.846	401.17 
837.231	368.57 
837.617	443.08 
838.002	389.53 
838.387	387.2  
838.772	368.57 
839.158	510.59 
839.543	412.81 
839.928	408.15 
840.313	478    
840.698	454.72 
841.082	454.72 
841.467	401.17 
841.852	464.03 
842.237	415.14 
842.621	445.4  
843.006	408.15 
843.39	396.51  
843.774	468.69 
844.159	408.15 
844.543	459.37 
844.927	464.03 
845.311	417.47 
845.695	489.64 
846.079	478    
846.463	447.73 
846.847	473.34 
847.231	454.72 
847.615	408.15 
847.998	401.17 
848.382	452.39 
848.765	422.12 
849.149	459.37 
849.532	436.09 
849.916	452.39 
850.299	389.53 
850.682	424.45 
851.065	457.04 
851.448	408.15 
851.831	436.09 
852.214	412.81 
852.597	370.9  
852.98	354.61  
853.363	422.12 
853.745	398.84 
854.128	438.42 
854.51	412.81  
854.893	335.98 
855.275	433.76 
855.658	384.87 
856.04	447.73  
856.422	419.79 
856.804	405.83 
857.186	431.43 
857.568	331.32 
857.95	396.51  
858.332	391.86 
858.714	459.37 
859.096	471.01 
859.477	375.56 
859.859	436.09 
860.24	461.7   
860.622	396.51 
861.003	464.03 
861.385	419.79 
861.766	491.97 
862.147	315.03 
862.528	389.53 
862.909	370.9  
863.29	475.67  
863.671	440.75 
864.052	473.34 
864.433	287.09 
864.814	450.06 
865.194	419.79 
865.575	461.7  
865.955	440.75 
866.336	426.78 
866.716	461.7  
867.097	419.79 
867.477	445.4  
867.857	377.89 
868.237	412.81 
868.617	436.09 
868.997	419.79 
869.377	408.15 
869.757	422.12 
870.137	443.08 
870.517	454.72 
870.896	410.48 
871.276	398.84 
871.655	447.73 
872.035	366.25 
872.414	389.53 
872.794	475.67 
873.173	352.28 
873.552	419.79 
873.931	443.08 
874.31	389.53  
874.689	475.67 
875.068	436.09 
875.447	405.83 
875.826	389.53 
876.205	389.53 
876.583	452.39 
876.962	408.15 
877.341	431.43 
877.719	394.18 
878.097	366.25 
878.476	515.25 
878.854	464.03 
879.232	405.83 
879.61	396.51  
879.988	401.17 
880.366	433.76 
880.744	510.59 
881.122	464.03 
881.5	422.12   
881.878	373.23 
882.255	384.87 
882.633	445.4  
883.011	370.9  
883.388	452.39 
883.765	461.7  
884.143	522.23 
884.52	417.47  
884.897	445.4  
885.274	389.53 
885.651	459.37 
886.028	382.54 
886.405	422.12 
886.782	454.72 
887.159	403.5  
887.536	345.29 
887.912	401.17 
888.289	373.23 
888.665	519.9  
889.042	377.89 
889.418	438.42 
889.794	410.48 
890.171	363.92 
890.547	375.56 
890.923	412.81 
891.299	447.73 
891.675	438.42 
892.051	433.76 
892.427	447.73 
892.803	387.2  
893.178	387.2  
893.554	484.98 
893.929	384.87 
894.305	410.48 
894.68	431.43  
895.056	440.75 
895.431	424.45 
895.806	480.33 
896.181	503.61 
896.557	405.83 
896.932	382.54 
897.307	422.12 
897.681	501.28 
898.056	438.42 
898.431	403.5  
898.806	517.58 
899.18	461.7   
899.555	473.34 
899.929	396.51 
900.304	382.54 
900.678	436.09 
901.052	375.56 
901.427	426.78 
901.801	464.03 
902.175	391.86 
902.549	329    
902.923	424.45 
903.297	445.4  
903.67	394.18  
904.044	438.42 
904.418	377.89 
904.791	408.15 
905.165	366.25 
905.538	396.51 
905.912	443.08 
906.285	454.72 
906.658	473.34 
907.032	461.7  
907.405	403.5  
907.778	329    
908.151	380.22 
908.524	394.18 
908.896	464.03 
909.269	373.23 
909.642	419.79 
910.015	398.84 
910.387	331.32 
910.76	422.12  
911.132	433.76 
911.504	429.11 
911.877	491.97 
912.249	356.93 
912.621	387.2  
912.993	440.75 
913.365	377.89 
913.737	417.47 
914.109	424.45 
914.481	394.18 
914.853	405.83 
915.224	426.78 
915.596	412.81 
915.968	403.5  
916.339	415.14 
916.71	454.72  
917.082	412.81 
917.453	363.92 
917.824	452.39 
918.195	370.9  
918.566	431.43 
918.937	368.57 
919.308	461.7  
919.679	403.5  
920.05	375.56  
920.421	410.48 
920.791	356.93 
921.162	347.62 
921.532	382.54 
921.903	387.2  
922.273	401.17 
922.644	401.17 
923.014	405.83 
923.384	424.45 
923.754	370.9  
924.124	401.17 
924.494	433.76 
924.864	347.62 
925.234	417.47 
925.604	412.81 
925.973	461.7  
926.343	450.06 
926.712	433.76 
927.082	380.22 
927.451	415.14 
927.821	417.47 
928.19	401.17  
928.559	431.43 
928.928	389.53 
929.297	408.15 
929.666	324.34 
930.035	391.86 
930.404	443.08 
930.773	398.84 
931.142	398.84 
931.51	403.5   
931.879	512.92 
932.247	366.25 
932.616	426.78 
932.984	422.12 
933.353	466.36 
933.721	401.17 
934.089	457.04 
934.457	440.75 
934.825	373.23 
935.193	443.08 
935.561	466.36 
935.929	461.7  
936.296	401.17 
936.664	438.42 
937.032	464.03 
937.399	401.17 
937.767	375.56 
938.134	419.79 
938.501	480.33 
938.869	408.15 
939.236	429.11 
939.603	391.86 
939.97	363.92  
940.337	403.5  
940.704	412.81 
941.071	433.76 
941.438	433.76 
941.804	447.73 
942.171	312.7  
942.538	405.83 
942.904	426.78 
943.27	422.12  
943.637	452.39 
944.003	478    
944.369	450.06 
944.735	408.15 
945.102	489.64 
945.468	408.15 
945.833	443.08 
946.199	429.11 
946.565	440.75 
946.931	431.43 
947.296	408.15 
947.662	459.37 
948.028	363.92 
948.393	415.14 
948.758	424.45 
949.124	403.5  
949.489	382.54 
949.854	405.83 
950.219	482.65 
950.584	491.97 
950.949	447.73 
951.314	466.36 
951.679	482.65 
952.044	412.81 
952.408	389.53 
952.773	396.51 
953.137	391.86 
953.502	366.25 
953.866	396.51 
954.231	468.69 
954.595	468.69 
954.959	382.54 
955.323	419.79 
955.687	464.03 
956.051	424.45 
956.415	377.89 
956.779	466.36 
957.143	405.83 
957.506	375.56 
957.87	352.28  
958.234	422.12 
958.597	373.23 
958.961	478    
959.324	429.11 
959.687	436.09 
960.05	377.89  
960.413	447.73 
960.776	433.76 
961.139	424.45 
961.502	431.43 
961.865	436.09 
962.228	443.08 
962.591	426.78 
962.953	375.56 
963.316	415.14 
963.678	422.12 
964.041	422.12 
964.403	468.69 
964.765	391.86 
965.128	398.84 
965.49	447.73  
965.852	363.92 
966.214	401.17 
966.576	424.45 
966.938	515.25 
967.299	359.26 
967.661	438.42 
968.023	457.04 
968.384	361.59 
968.746	405.83 
969.107	426.78 
969.469	471.01 
969.83	377.89  
970.191	370.9  
970.552	450.06 
970.913	394.18 
971.274	445.4  
971.635	422.12 
971.996	426.78 
972.357	494.29 
972.718	433.76 
973.078	450.06 
973.439	405.83 
973.8	454.72   
974.16	429.11  
974.52	366.25  
974.881	405.83 
975.241	412.81 
975.601	440.75 
975.961	452.39 
976.321	424.45 
976.681	384.87 
977.041	475.67 
977.401	405.83 
977.76	352.28  
978.12	352.28  
978.48	373.23  
978.839	484.98 
979.199	389.53 
979.558	426.78 
979.917	422.12 
980.277	419.79 
980.636	438.42 
980.995	431.43 
981.354	431.43 
981.713	461.7  
982.072	452.39 
982.43	401.17  
982.789	387.2  
983.148	396.51 
983.506	464.03 
983.865	426.78 
984.223	345.29 
984.582	491.97 
984.94	450.06  
985.298	464.03 
985.656	431.43 
986.015	438.42 
986.373	403.5  
986.731	419.79 
987.088	333.65 
987.446	363.92 
987.804	415.14 
988.162	429.11 
988.519	391.86 
988.877	482.65 
989.234	349.95 
989.591	431.43 
989.949	419.79 
990.306	424.45 
990.663	370.9  
991.02	342.97  
991.377	382.54 
991.734	424.45 
992.091	440.75 
992.448	370.9  
992.805	422.12 
993.161	410.48 
993.518	422.12 
993.874	443.08 
994.231	431.43 
994.587	377.89 
994.943	419.79 
995.3	377.89   
995.656	394.18 
996.012	484.98 
996.368	408.15 
996.724	415.14 
997.08	431.43  
997.435	359.26 
997.791	503.61 
998.147	445.4  
998.502	431.43 
998.858	466.36 
999.213	412.81 
999.569	461.7  
999.924	394.18 
1000.279	363.92
1000.634	457.04
1000.989	331.32
1001.344	375.56
1001.699	354.61
1002.054	471.01
1002.409	382.54
1002.764	366.25
1003.118	401.17
1003.473	382.54
1003.827	361.59
1004.182	443.08
1004.536	429.11
1004.89	424.45 
1005.245	405.83
1005.599	440.75
1005.953	394.18
1006.307	429.11
1006.661	398.84
1007.015	347.62
1007.368	457.04
1007.722	377.89
1008.076	424.45
1008.429	422.12
1008.783	391.86
1009.136	452.39
1009.489	398.84
1009.843	389.53
1010.196	387.2 
1010.549	443.08
1010.902	394.18
1011.255	361.59
1011.608	384.87
1011.961	394.18
1012.313	389.53
1012.666	377.89
1013.019	398.84
1013.371	387.2 
1013.724	401.17
1014.076	422.12
1014.428	450.06
1014.781	482.65
1015.133	408.15
1015.485	377.89
1015.837	429.11
1016.189	424.45
1016.541	403.5 
1016.893	342.97
1017.244	384.87
1017.596	419.79
1017.947	324.34
1018.299	368.57
1018.65	450.06 
1019.002	443.08
1019.353	401.17
1019.704	445.4 
1020.055	417.47
1020.407	391.86
1020.758	505.94
1021.108	508.26
1021.459	450.06
1021.81	422.12 
1022.161	354.61
1022.511	401.17
1022.862	347.62
1023.213	401.17
1023.563	447.73
1023.913	461.7 
1024.264	391.86
1024.614	447.73
1024.964	429.11
1025.314	405.83
1025.664	398.84
1026.014	382.54
1026.364	387.2 
1026.713	452.39
1027.063	403.5 
1027.413	440.75
1027.762	387.2 
1028.112	445.4 
1028.461	496.62
1028.81	396.51 
1029.16	443.08 
1029.509	398.84
1029.858	403.5 
1030.207	359.26
1030.556	436.09
1030.905	464.03
1031.254	361.59
1031.602	447.73
1031.951	389.53
1032.3	436.09  
1032.648	366.25
1032.996	366.25
1033.345	366.25