187.879	64.9   
188.346	64.9   
188.813	64.9   
189.28	-100.4  
189.747	-149.29
190.214	-137.65
190.681	-119.03
191.148	-72.46 
191.614	-93.42 
192.081	-58.49 
192.548	-51.51 
193.014	9.02   
193.481	-4.95  
193.948	-11.93 
194.414	11.35  
194.881	60.24  
195.347	34.63  
195.813	83.52  
196.28	81.19   
196.746	92.83  
197.212	176.65 
197.678	151.04 
198.145	155.69 
198.611	113.79 
199.077	183.63 
199.543	295.38 
200.009	265.12 
200.475	258.13 
200.941	358.24 
201.407	165.01 
201.873	220.88 
202.338	325.65 
202.804	346.6  
203.27	376.87  
203.735	295.38 
204.201	379.2  
204.667	369.88 
205.132	358.24 
205.598	395.49 
206.063	435.07 
206.529	425.76 
206.994	402.48 
207.459	404.81 
207.925	390.84 
208.39	402.48  
208.855	453.7  
209.32	400.15  
209.785	432.74 
210.25	421.1   
210.715	386.18 
211.18	379.2   
211.645	444.38 
212.11	348.93  
212.575	400.15 
213.04	493.28  
213.504	379.2  
213.969	411.79 
214.434	344.27 
214.899	407.13 
215.363	407.13 
215.828	444.38 
216.292	358.24 
216.757	388.51 
217.221	393.17 
217.685	388.51 
218.15	327.98  
218.614	395.49 
219.078	369.88 
219.542	404.81 
220.007	355.92 
220.471	390.84 
220.935	362.9  
221.399	360.57 
221.863	390.84 
222.327	367.56 
222.791	421.1  
223.254	383.85 
223.718	304.7  
224.182	360.57 
224.646	348.93 
225.109	376.87 
225.573	381.53 
226.037	355.92 
226.5	397.82   
226.964	348.93 
227.427	409.46 
227.89	397.82  
228.354	353.59 
228.817	393.17 
229.28	302.37  
229.744	346.6  
230.207	346.6  
230.67	383.85  
231.133	372.21 
231.596	334.96 
232.059	395.49 
232.522	409.46 
232.985	334.96 
233.448	369.88 
233.911	332.63 
234.374	428.09 
234.836	393.17 
235.299	397.82 
235.762	346.6  
236.224	383.85 
236.687	397.82 
237.149	390.84 
237.612	341.95 
238.074	386.18 
238.537	409.46 
238.999	425.76 
239.461	407.13 
239.924	295.38 
240.386	469.99 
240.848	467.67 
241.31	397.82  
241.772	341.95 
242.234	421.1  
242.696	386.18 
243.158	451.37 
243.62	388.51  
244.082	374.54 
244.544	442.06 
245.006	446.71 
245.468	367.56 
245.929	369.88 
246.391	414.12 
246.852	358.24 
247.314	379.2  
247.776	418.78 
248.237	379.2  
248.698	376.87 
249.16	302.37  
249.621	388.51 
250.082	383.85 
250.544	388.51 
251.005	390.84 
251.466	432.74 
251.927	444.38 
252.388	414.12 
252.849	416.45 
253.31	407.13  
253.771	372.21 
254.232	346.6  
254.693	358.24 
255.154	402.48 
255.615	439.73 
256.075	416.45 
256.536	428.09 
256.997	423.43 
257.457	348.93 
257.918	400.15 
258.378	416.45 
258.839	286.07 
259.299	334.96 
259.759	414.12 
260.22	383.85  
260.68	425.76  
261.14	365.23  
261.6	421.1    
262.06	414.12  
262.521	381.53 
262.981	463.01 
263.441	348.93 
263.901	372.21 
264.36	446.71  
264.82	435.07  
265.28	397.82  
265.74	423.43  
266.2	435.07   
266.659	453.7  
267.119	430.42 
267.579	351.26 
268.038	451.37 
268.498	351.26 
268.957	435.07 
269.416	432.74 
269.876	388.51 
270.335	418.78 
270.794	495.6  
271.254	439.73 
271.713	386.18 
272.172	388.51 
272.631	407.13 
273.09	372.21  
273.549	386.18 
274.008	414.12 
274.467	374.54 
274.926	416.45 
275.385	421.1  
275.843	400.15 
276.302	367.56 
276.761	451.37 
277.22	430.42  
277.678	367.56 
278.137	463.01 
278.595	446.71 
279.054	386.18 
279.512	358.24 
279.97	432.74  
280.429	393.17 
280.887	430.42 
281.345	400.15 
281.803	372.21 
282.262	446.71 
282.72	381.53  
283.178	344.27 
283.636	360.57 
284.094	388.51 
284.552	407.13 
285.01	435.07  
285.467	495.6  
285.925	388.51 
286.383	379.2  
286.841	411.79 
287.298	528.2  
287.756	376.87 
288.213	369.88 
288.671	407.13 
289.128	395.49 
289.586	435.07 
290.043	418.78 
290.5	393.17   
290.958	421.1  
291.415	400.15 
291.872	397.82 
292.329	425.76 
292.786	451.37 
293.243	442.06 
293.7	402.48   
294.157	430.42 
294.614	411.79 
295.071	423.43 
295.528	316.34 
295.985	367.56 
296.441	414.12 
296.898	432.74 
297.355	423.43 
297.811	369.88 
298.268	409.46 
298.724	479.31 
299.181	423.43 
299.637	414.12 
300.094	393.17 
300.55	402.48  
301.006	409.46 
301.462	479.31 
301.919	418.78 
302.375	400.15 
302.831	483.96 
303.287	369.88 
303.743	381.53 
304.199	449.04 
304.655	476.98 
305.11	467.67  
305.566	407.13 
306.022	411.79 
306.478	469.99 
306.933	390.84 
307.389	395.49 
307.845	425.76 
308.3	353.59   
308.756	451.37 
309.211	435.07 
309.666	307.02 
310.122	318.67 
310.577	411.79 
311.032	390.84 
311.487	430.42 
311.943	416.45 
312.398	460.68 
312.853	409.46 
313.308	365.23 
313.763	423.43 
314.218	397.82 
314.672	409.46 
315.127	388.51 
315.582	400.15 
316.037	330.31 
316.492	393.17 
316.946	467.67 
317.401	467.67 
317.855	463.01 
318.31	414.12  
318.764	414.12 
319.219	432.74 
319.673	367.56 
320.127	467.67 
320.582	456.03 
321.036	414.12 
321.49	395.49  
321.944	446.71 
322.398	502.59 
322.852	360.57 
323.306	456.03 
323.76	395.49  
324.214	430.42 
324.668	407.13 
325.122	360.57 
325.575	355.92 
326.029	456.03 
326.483	465.34 
326.936	444.38 
327.39	402.48  
327.843	437.4  
328.297	458.35 
328.75	421.1   
329.204	435.07 
329.657	376.87 
330.11	411.79  
330.564	465.34 
331.017	414.12 
331.47	421.1   
331.923	395.49 
332.376	372.21 
332.829	416.45 
333.282	432.74 
333.735	446.71 
334.188	390.84 
334.641	467.67 
335.093	341.95 
335.546	395.49 
335.999	393.17 
336.451	383.85 
336.904	428.09 
337.356	481.64 
337.809	432.74 
338.261	474.65 
338.714	386.18 
339.166	421.1  
339.618	421.1  
340.07	479.31  
340.523	393.17 
340.975	404.81 
341.427	376.87 
341.879	400.15 
342.331	409.46 
342.783	465.34 
343.235	488.62 
343.687	395.49 
344.138	439.73 
344.59	439.73  
345.042	430.42 
345.494	502.59 
345.945	358.24 
346.397	446.71 
346.848	437.4  
347.3	409.46   
347.751	430.42 
348.203	414.12 
348.654	472.32 
349.105	411.79 
349.556	481.64 
350.008	414.12 
350.459	414.12 
350.91	467.67  
351.361	423.43 
351.812	416.45 
352.263	400.15 
352.714	446.71 
353.165	437.4  
353.615	400.15 
354.066	453.7  
354.517	402.48 
354.968	393.17 
355.418	407.13 
355.869	374.54 
356.319	416.45 
356.77	395.49  
357.22	409.46  
357.671	463.01 
358.121	474.65 
358.571	383.85 
359.021	348.93 
359.472	416.45 
359.922	416.45 
360.372	467.67 
360.822	437.4  
361.272	423.43 
361.722	463.01 
362.172	397.82 
362.622	409.46 
363.071	383.85 
363.521	404.81 
363.971	458.35 
364.42	397.82  
364.87	463.01  
365.32	432.74  
365.769	469.99 
366.219	418.78 
366.668	435.07 
367.117	444.38 
367.567	404.81 
368.016	437.4  
368.465	360.57 
368.914	416.45 
369.363	449.04 
369.812	474.65 
370.261	449.04 
370.71	421.1   
371.159	397.82 
371.608	372.21 
372.057	411.79 
372.506	372.21 
372.955	409.46 
373.403	444.38 
373.852	379.2  
374.301	428.09 
374.749	453.7  
375.198	476.98 
375.646	397.82 
376.094	402.48 
376.543	500.26 
376.991	435.07 
377.439	418.78 
377.887	430.42 
378.336	488.62 
378.784	379.2  
379.232	453.7  
379.68	383.85  
380.128	409.46 
380.576	414.12 
381.023	476.98 
381.471	397.82 
381.919	367.56 
382.367	421.1  
382.814	432.74 
383.262	362.9  
383.71	430.42  
384.157	479.31 
384.605	395.49 
385.052	446.71 
385.499	430.42 
385.947	437.4  
386.394	409.46 
386.841	442.06 
387.288	435.07 
387.735	474.65 
388.182	500.26 
388.63	476.98  
389.076	483.96 
389.523	439.73 
389.97	439.73  
390.417	407.13 
390.864	386.18 
391.311	327.98 
391.757	442.06 
392.204	348.93 
392.651	472.32 
393.097	465.34 
393.544	497.93 
393.99	404.81  
394.436	493.28 
394.883	463.01 
395.329	393.17 
395.775	456.03 
396.221	423.43 
396.668	430.42 
397.114	346.6  
397.56	460.68  
398.006	360.57 
398.452	353.59 
398.897	497.93 
399.343	409.46 
399.789	404.81 
400.235	421.1  
400.681	430.42 
401.126	414.12 
401.572	407.13 
402.017	404.81 
402.463	390.84 
402.908	428.09 
403.354	358.24 
403.799	435.07 
404.244	404.81 
404.689	397.82 
405.135	439.73 
405.58	423.43  
406.025	407.13 
406.47	432.74  
406.915	425.76 
407.36	432.74  
407.805	390.84 
408.25	379.2   
408.694	451.37 
409.139	430.42 
409.584	493.28 
410.029	476.98 
410.473	472.32 
410.918	451.37 
411.362	362.9  
411.807	439.73 
412.251	409.46 
412.695	467.67 
413.14	442.06  
413.584	430.42 
414.028	418.78 
414.472	453.7  
414.916	428.09 
415.36	395.49  
415.804	525.87 
416.248	458.35 
416.692	425.76 
417.136	463.01 
417.58	511.9   
418.024	479.31 
418.467	497.93 
418.911	444.38 
419.355	467.67 
419.798	514.23 
420.242	474.65 
420.685	502.59 
421.128	500.26 
421.572	502.59 
422.015	456.03 
422.458	546.82 
422.902	514.23 
423.345	528.2  
423.788	602.7  
424.231	537.51 
424.674	546.82 
425.117	586.4  
425.56	565.45  
426.003	612.01 
426.445	612.01 
426.888	677.2  
427.331	742.39 
427.773	723.76 
428.216	742.39 
428.659	681.86 
429.101	737.73 
429.543	765.67 
429.986	812.23 
430.428	844.83 
430.87	800.59  
431.313	823.87 
431.755	833.19 
432.197	917    
432.639	863.45 
433.081	989.17 
433.523	944.94 
433.965	996.16 
434.407	1187.06
434.849	1128.86
435.291	1066   
435.732	1261.56
436.174	1259.24
436.616	1336.07
437.057	1429.19
437.499	1336.07
437.94	1540.94 
438.382	1564.22
438.823	1703.91
439.264	1750.48
439.706	1801.69
440.147	1862.23
440.588	1953.02
441.029	2106.68
441.47	2204.46 
441.911	2290.61
442.352	2334.84
442.793	2460.56
443.234	2537.39
443.675	2730.62
444.116	2795.81
444.556	2898.25
444.997	3016.99
445.438	3198.58
445.878	3310.33
446.319	3412.77
446.759	3664.21
447.199	3764.32
447.64	4027.4  
448.08	4143.81 
448.52	4385.94 
448.961	4618.75
449.401	4739.82
449.841	4958.66
450.281	4993.58
450.721	5347.46
451.161	5394.02
451.601	5598.9 
452.041	5792.14
452.48	6229.83 
452.92	6620.96 
453.36	6825.83 
453.799	6858.43
454.239	7116.85
454.679	7391.57
455.118	7936.36
455.557	7852.55
455.997	7999.22
456.436	8320.51
456.875	8308.86
457.315	8655.76
457.754	9042.23
458.193	8807.09
458.632	9191.23
459.071	9363.51
459.51	9126.04 
459.949	9309.97
460.388	9524.16
460.827	9426.37
461.265	9335.58
461.704	9254.09
462.143	9282.03
462.581	9049.22
463.02	9261.08 
463.458	9051.54
463.897	8807.09
464.335	8597.55
464.774	8476.49
465.212	8311.19
465.65	8038.8  
466.088	7917.74
466.527	7864.19
466.965	7310.09
467.403	7338.03
467.841	7272.84
468.279	6974.84
468.716	6844.46
469.154	6343.91
469.592	6548.79
470.03	6208.88 
470.467	5985.37
470.905	5920.19
471.343	5880.61
471.78	5680.39 
472.218	5631.5 
472.655	5575.62
473.092	5487.15
473.53	5210.1  
473.967	5254.34
474.404	5221.74
474.841	5128.62
475.278	4884.16
475.716	4856.22
476.153	4828.29
476.589	4737.49
477.026	4849.24
477.463	4730.5 
477.9	4530.28  
478.337	4688.6 
478.773	4560.55
479.21	4625.74 
479.647	4500.02
480.083	4423.19
480.52	4274.19 
480.956	4122.86
481.392	4295.14
481.829	4157.78
482.265	4048.36
482.701	3936.6 
483.137	3983.17
483.574	3855.12
484.01	3780.62 
484.446	3815.54
484.882	3736.38
485.317	3685.17
485.753	3592.04
486.189	3545.48
486.625	3498.91
487.061	3519.87
487.496	3247.47
487.932	3312.66
488.367	3242.82
488.803	3191.6 
489.238	3186.94
489.674	3019.32
490.109	3140.38
490.544	2923.86
490.979	3070.53
491.415	2961.11
491.85	2844.7  
492.285	2765.55
492.72	2698.03 
493.155	2777.19
493.59	2749.25 
494.024	2695.7 
494.459	2753.91
494.894	2665.44
495.329	2546.7 
495.763	2532.73
496.198	2677.08
496.632	2563   
497.067	2490.83
497.501	2425.64
497.936	2437.28
498.37	2444.26 
498.804	2467.54
499.238	2444.26
499.673	2514.11
500.107	2604.91
500.541	2402.36
500.975	2418.65
501.409	2411.67
501.843	2376.75
502.277	2451.25
502.71	2469.87 
503.144	2465.22
503.578	2437.28
504.011	2318.54
504.445	2360.45
504.878	2462.89
505.312	2386.06
505.745	2358.12
506.179	2497.81
506.612	2532.73
507.045	2490.83
507.479	2523.42
507.912	2509.45
508.345	2579.3 
508.778	2539.72
509.211	2579.3 
509.644	2618.87
510.077	2635.17
510.509	2637.5 
510.942	2702.69
511.375	2660.78
511.808	2718.98
512.24	2716.66 
512.673	2774.86
513.105	2812.11
513.538	2847.03
513.97	2884.28 
514.403	2949.47
514.835	3070.53
515.267	3037.94
515.699	3075.19
516.131	3219.54
516.564	3112.44
516.996	3061.22
517.428	3203.24
517.859	3212.55
518.291	3363.88
518.723	3408.12
519.155	3312.66
519.587	3484.94
520.018	3396.47
520.45	3487.27 
520.881	3624.63
521.313	3470.98
521.744	3547.8 
522.176	3736.38
522.607	3645.59
523.038	3626.96
523.47	3596.7  
523.901	3848.14
524.332	3775.96
524.763	3752.68
525.194	3920.31
525.625	3980.84
526.056	4008.78
526.487	3985.5 
526.917	3997.14
527.348	3992.48
527.779	4004.12
528.21	4101.9  
528.64	4220.64 
529.071	4018.09
529.501	4285.83
529.932	4178.73
530.362	4241.59
530.792	4222.97
531.222	4292.81
531.653	4269.53
532.083	4458.11
532.513	4348.69
532.943	4474.41
533.373	4406.89
533.803	4446.47
534.233	4541.92
534.663	4523.3 
535.092	4595.47
535.522	4562.88
535.952	4520.97
536.381	4593.14
536.811	4467.42
537.24	4679.28 
537.67	4714.21 
538.099	4683.94
538.529	4656   
538.958	4658.33
539.387	4562.88
539.816	4874.85
540.245	4723.52
540.674	4686.27
541.103	4818.97
541.532	4746.8 
541.961	4977.29
542.39	4735.16 
542.819	4702.57
543.248	4805   
543.676	4802.68
544.105	4832.94
544.534	4856.22
544.962	4937.71
545.391	4905.11
545.819	4993.58
546.247	4909.77
546.676	5042.47
547.104	4949.35
547.532	4919.08
547.96	4795.69 
548.388	4921.41
548.816	5042.47
549.244	4963.32
549.672	4977.29
550.1	4988.93  
550.528	4846.91
550.956	4972.63
551.383	4825.96
551.811	4986.6 
552.238	4965.65
552.666	5037.82
553.094	4979.61
553.521	5079.72
553.948	4907.44
554.376	4907.44
554.803	4974.96
555.23	5040.15 
555.657	5023.85
556.084	4886.49
556.511	5068.08
556.938	4995.91
557.365	5205.44
557.792	5061.1 
558.219	5002.9 
558.646	4986.6 
559.072	4921.41
559.499	5109.99
559.926	5056.44
560.352	5000.57
560.779	5009.88
561.205	4949.35
561.632	4895.8 
562.058	5128.62
562.484	4933.05
562.91	4965.65 
563.337	5014.54
563.763	5068.08
564.189	4974.96
564.615	5212.43
565.041	5019.19
565.466	4972.63
565.892	5116.98
566.318	5023.85
566.744	5170.52
567.169	5179.84
567.595	5049.46
568.021	4991.26
568.446	5107.66
568.872	5019.19
569.297	4944.69
569.722	5140.26
570.148	4863.21
570.573	4991.26
570.998	4928.4 
571.423	4956.33
571.848	4970.3 
572.273	4898.13
572.698	4802.68
573.123	4767.75
573.548	4837.6 
573.973	4830.61
574.397	4672.3 
574.822	4616.42
575.247	4532.61
575.671	4656   
576.096	4607.11
576.52	4630.39 
576.944	4602.45
577.369	4690.92
577.793	4630.39
578.217	4569.86
578.641	4586.16
579.065	4441.81
579.49	4402.23 
579.914	4427.84
580.337	4364.98
580.761	4474.41
581.185	4481.39
581.609	4318.42
582.033	4171.75
582.456	4351.02
582.88	4320.75 
583.303	4344.03
583.727	4267.2 
584.15	4206.67 
584.574	4241.59
584.997	4285.83
585.42	4167.09 
585.844	4134.5 
586.267	4122.86
586.69	4185.72 
587.113	4288.16
587.536	4041.37
587.959	4299.8 
588.382	4150.79
588.804	4055.34
589.227	3943.59
589.65	3941.26 
590.073	3973.86
590.495	3987.82
590.918	3980.84
591.34	4078.62 
591.763	4008.78
592.185	3857.45
592.607	3929.62
593.03	3990.15 
593.452	3913.32
593.874	4008.78
594.296	3990.15
594.718	3936.6 
595.14	3929.62 
595.562	3948.25
595.984	3813.21
596.406	3715.43
596.827	3950.57
597.249	3852.79
597.671	3880.73
598.092	3938.93
598.514	3890.04
598.935	3911   
599.357	3843.48
599.778	3764.32
600.199	3922.64
600.621	3978.51
601.042	3941.26
601.463	3950.57
601.884	3924.96
602.305	4008.78
602.726	3934.28
603.147	4069.31
603.568	3971.53
603.988	3966.87
604.409	3929.62
604.83	3836.49 
605.25	3852.79 
605.671	3980.84
606.092	3750.35
606.512	3806.23
606.932	3857.45
607.353	3741.04
607.773	3850.46
608.193	3782.95
608.613	3736.38
609.034	3603.68
609.454	3647.91
609.874	3463.99
610.293	3645.59
610.713	3505.9 
611.133	3447.69
611.553	3447.69
611.973	3410.44
612.392	3408.12
612.812	3338.27
613.231	3361.55
613.651	3226.52
614.07	3268.43 
614.49	3261.44 
614.909	3184.61
615.328	3093.82
615.747	3114.77
616.167	3056.57
616.586	3068.21
617.005	3033.28
617.424	3058.89
617.843	3054.24
618.261	2979.74
618.68	2979.74 
619.099	2996.03
619.518	2951.8 
619.936	2902.91
620.355	2847.03
620.773	2935.5 
621.192	2842.38
621.61	2865.66 
622.029	2786.5 
622.447	2698.03
622.865	2802.8 
623.283	2663.11
623.701	2800.47
624.119	2588.61
624.537	2651.47
624.955	2535.06
625.373	2688.72
625.791	2600.25
626.209	2567.65
626.627	2488.5 
627.044	2430.29
627.462	2339.5 
627.879	2476.86
628.297	2414   
628.714	2434.95
629.132	2330.18
629.549	2397.7 
629.966	2418.65
630.383	2337.17
630.8	2407.01  
631.217	2304.57
631.634	2281.29
632.051	2386.06
632.468	2381.4 
632.885	2211.45
633.302	2295.26
633.719	2246.37
634.135	2150.92
634.552	2209.12
634.969	2262.67
635.385	2318.54
635.801	2169.54
636.218	2148.59
636.634	2197.48
637.05	2102.03 
637.467	2167.21
637.883	2050.81
638.299	2036.84
638.715	2041.49
639.131	1953.02
639.547	1980.96
639.963	2034.51
640.378	2008.9 
640.794	1857.57
641.21	1957.68 
641.626	1925.09
642.041	1880.85
642.457	1939.06
642.872	1936.73
643.287	1890.16
643.703	1864.55
644.118	1794.71
644.533	1848.26
644.948	1776.08
645.364	1790.05
645.779	1829.63
646.194	1743.49
646.609	1792.38
647.023	1813.34
647.438	1783.07
647.853	1666.66
648.268	1741.16
648.682	1615.44
649.097	1706.24
649.511	1671.32
649.926	1729.52
650.34	1687.62 
650.755	1568.88
651.169	1769.1 
651.583	1578.19
651.997	1594.49
652.411	1596.82
652.825	1671.32
653.239	1641.05
653.653	1536.29
654.067	1554.91
654.481	1545.6 
654.895	1559.57
655.309	1526.97
655.722	1529.3 
656.136	1496.71
656.549	1501.36
656.963	1452.47
657.376	1445.49
657.79	1429.19 
658.203	1431.52
658.616	1517.66
659.029	1347.71
659.442	1401.25
659.855	1364   
660.268	1398.93
660.681	1361.67
661.094	1398.93
661.507	1443.16
661.92	1326.75 
662.333	1447.82
662.745	1377.97
663.158	1331.41
663.57	1263.89 
663.983	1294.16
664.395	1252.25
664.808	1310.46
665.22	1198.7  
665.632	1273.21
666.044	1310.46
666.456	1284.85
666.868	1184.74
667.28	1249.92 
667.692	1273.21
668.104	1133.52
668.516	1198.7 
668.928	1201.03
669.34	1182.41 
669.751	1156.8 
670.163	1175.42
670.574	1161.45
670.986	1082.3 
671.397	1240.61
671.809	1112.56
672.22	1145.16 
672.631	1031.08
673.042	1140.5 
673.453	1089.28
673.864	1177.75
674.275	970.55 
674.686	1059.02
675.097	1066   
675.508	1119.55
675.919	1145.16
676.33	1079.97 
676.74	1091.61 
677.151	1033.41
677.561	1126.53
677.972	998.48 
678.382	1026.42
678.792	996.16 
679.203	919.33 
679.613	914.67 
680.023	917    
680.433	1010.12
680.843	1021.77
681.253	1003.14
681.663	986.84 
682.073	982.19 
682.483	917    
682.893	928.64 
683.302	914.67 
683.712	970.55 
684.122	944.94 
684.531	944.94 
684.94	858.8   
685.35	949.59  
685.759	870.44 
686.168	879.75 
686.578	842.5  
686.987	944.94 
687.396	844.83 
687.805	814.56 
688.214	903.03 
688.623	833.19 
689.032	856.47 
689.44	854.14  
689.849	847.15 
690.258	751.7  
690.666	819.22 
691.075	751.7  
691.484	844.83 
691.892	737.73 
692.3	784.29   
692.709	784.29 
693.117	779.64 
693.525	812.23 
693.933	805.25 
694.341	819.22 
694.749	758.68 
695.157	756.36 
695.565	809.9  
695.973	749.37 
696.381	816.89 
696.788	814.56 
697.196	791.28 
697.604	807.58 
698.011	726.09 
698.419	700.48 
698.826	754.03 
699.234	737.73 
699.641	700.48 
700.048	719.11 
700.455	730.75 
700.862	714.45 
701.269	726.09 
701.676	754.03 
702.083	707.47 
702.49	619     
702.897	691.17 
703.304	663.23 
703.71	625.98  
704.117	709.79 
704.524	637.62 
704.93	749.37  
705.337	698.15 
705.743	698.15 
706.149	614.34 
706.556	702.81 
706.962	642.28 
707.368	667.89 
707.774	616.67 
708.18	705.14  
708.586	581.75 
708.992	705.14 
709.398	672.54 
709.804	632.96 
710.209	630.64 
710.615	642.28 
711.021	635.29 
711.426	605.03 
711.832	584.07 
712.237	593.39 
712.642	635.29 
713.048	665.56 
713.453	607.36 
713.858	681.86 
714.263	630.64 
714.668	614.34 
715.073	623.65 
715.478	558.46 
715.883	581.75 
716.288	570.1  
716.693	672.54 
717.097	607.36 
717.502	612.01 
717.906	577.09 
718.311	614.34 
718.715	642.28 
719.12	553.81  
719.524	612.01 
719.928	537.51 
720.333	598.04 
720.737	607.36 
721.141	549.15 
721.545	481.64 
721.949	584.07 
722.353	605.03 
722.757	581.75 
723.16	602.7   
723.564	537.51 
723.968	472.32 
724.371	532.85 
724.775	530.53 
725.178	574.76 
725.582	537.51 
725.985	616.67 
726.388	530.53 
726.792	453.7  
727.195	509.57 
727.598	579.42 
728.001	539.84 
728.404	560.79 
728.807	551.48 
729.21	523.54  
729.612	567.78 
730.015	542.17 
730.418	502.59 
730.82	586.4   
731.223	404.81 
731.625	509.57 
732.028	591.06 
732.43	523.54  
732.833	463.01 
733.235	483.96 
733.637	560.79 
734.039	451.37 
734.441	521.21 
734.843	481.64 
735.245	374.54 
735.647	497.93 
736.049	558.46 
736.451	490.95 
736.852	560.79 
737.254	539.84 
737.655	479.31 
738.057	500.26 
738.458	565.45 
738.86	544.5   
739.261	472.32 
739.662	497.93 
740.064	598.04 
740.465	486.29 
740.866	511.9  
741.267	495.6  
741.668	451.37 
742.069	456.03 
742.469	516.56 
742.87	444.38  
743.271	469.99 
743.672	511.9  
744.072	514.23 
744.473	483.96 
744.873	495.6  
745.274	456.03 
745.674	486.29 
746.074	544.5  
746.474	509.57 
746.875	409.46 
747.275	495.6  
747.675	516.56 
748.075	507.24 
748.474	463.01 
748.874	439.73 
749.274	437.4  
749.674	446.71 
750.073	386.18 
750.473	421.1  
750.873	414.12 
751.272	411.79 
751.671	416.45 
752.071	446.71 
752.47	381.53  
752.869	353.59 
753.268	409.46 
753.668	453.7  
754.067	444.38 
754.466	444.38 
754.864	439.73 
755.263	532.85 
755.662	453.7  
756.061	504.92 
756.459	490.95 
756.858	521.21 
757.257	446.71 
757.655	476.98 
758.053	511.9  
758.452	458.35 
758.85	486.29  
759.248	481.64 
759.646	474.65 
760.045	504.92 
760.443	456.03 
760.841	511.9  
761.238	453.7  
761.636	495.6  
762.034	395.49 
762.432	458.35 
762.829	458.35 
763.227	486.29 
763.625	465.34 
764.022	437.4  
764.419	479.31 
764.817	367.56 
765.214	428.09 
765.611	476.98 
766.008	369.88 
766.406	456.03 
766.803	404.81 
767.199	351.26 
767.596	442.06 
767.993	421.1  
768.39	397.82  
768.787	442.06 
769.183	476.98 
769.58	469.99  
769.977	474.65 
770.373	500.26 
770.769	437.4  
771.166	390.84 
771.562	432.74 
771.958	430.42 
772.354	397.82 
772.75	407.13  
773.146	383.85 
773.542	437.4  
773.938	423.43 
774.334	430.42 
774.73	425.76  
775.126	423.43 
775.521	421.1  
775.917	395.49 
776.312	465.34 
776.708	439.73 
777.103	432.74 
777.499	442.06 
777.894	488.62 
778.289	509.57 
778.684	409.46 
779.079	400.15 
779.474	493.28 
779.869	423.43 
780.264	472.32 
780.659	416.45 
781.054	476.98 
781.448	472.32 
781.843	348.93 
782.238	411.79 
782.632	463.01 
783.027	479.31 
783.421	430.42 
783.815	488.62 
784.21	423.43  
784.604	435.07 
784.998	353.59 
785.392	423.43 
785.786	451.37 
786.18	465.34  
786.574	402.48 
786.968	360.57 
787.361	465.34 
787.755	428.09 
788.149	467.67 
788.542	474.65 
788.936	411.79 
789.329	421.1  
789.722	411.79 
790.116	386.18 
790.509	416.45 
790.902	358.24 
791.295	423.43 
791.688	376.87 
792.081	451.37 
792.474	425.76 
792.867	414.12 
793.26	334.96  
793.653	483.96 
794.045	404.81 
794.438	360.57 
794.83	479.31  
795.223	421.1  
795.615	453.7  
796.008	451.37 
796.4	481.64   
796.792	446.71 
797.184	451.37 
797.576	435.07 
797.968	442.06 
798.36	314.01  
798.752	430.42 
799.144	390.84 
799.536	439.73 
799.928	423.43 
800.319	388.51 
800.711	414.12 
801.102	463.01 
801.494	414.12 
801.885	362.9  
802.276	383.85 
802.668	414.12 
803.059	393.17 
803.45	409.46  
803.841	402.48 
804.232	348.93 
804.623	469.99 
805.014	400.15 
805.405	374.54 
805.795	469.99 
806.186	395.49 
806.577	390.84 
806.967	472.32 
807.358	344.27 
807.748	437.4  
808.139	409.46 
808.529	486.29 
808.919	449.04 
809.309	402.48 
809.699	397.82 
810.089	369.88 
810.479	381.53 
810.869	409.46 
811.259	358.24 
811.649	397.82 
812.039	388.51 
812.428	439.73 
812.818	430.42 
813.207	446.71 
813.597	472.32 
813.986	355.92 
814.376	320.99 
814.765	428.09 
815.154	407.13 
815.543	388.51 
815.932	437.4  
816.321	414.12 
816.71	383.85  
817.099	379.2  
817.488	444.38 
817.877	425.76 
818.265	428.09 
818.654	437.4  
819.043	388.51 
819.431	411.79 
819.819	407.13 
820.208	383.85 
820.596	421.1  
820.984	411.79 
821.372	390.84 
821.761	458.35 
822.149	362.9  
822.537	432.74 
822.924	362.9  
823.312	374.54 
823.7	390.84   
824.088	416.45 
824.475	414.12 
824.863	425.76 
825.251	400.15 
825.638	374.54 
826.025	416.45 
826.413	381.53 
826.8	430.42   
827.187	411.79 
827.574	330.31 
827.961	416.45 
828.348	486.29 
828.735	390.84 
829.122	376.87 
829.509	493.28 
829.896	472.32 
830.282	442.06 
830.669	407.13 
831.055	353.59 
831.442	481.64 
831.828	453.7  
832.215	428.09 
832.601	402.48 
832.987	402.48 
833.373	393.17 
833.759	411.79 
834.145	411.79 
834.531	423.43 
834.917	358.24 
835.303	339.62 
835.689	372.21 
836.074	362.9  
836.46	409.46  
836.846	376.87 
837.231	474.65 
837.617	453.7  
838.002	397.82 
838.387	374.54 
838.772	404.81 
839.158	430.42 
839.543	430.42 
839.928	360.57 
840.313	432.74 
840.698	395.49 
841.082	437.4  
841.467	428.09 
841.852	444.38 
842.237	404.81 
842.621	423.43 
843.006	374.54 
843.39	393.17  
843.774	430.42 
844.159	437.4  
844.543	409.46 
844.927	446.71 
845.311	465.34 
845.695	404.81 
846.079	374.54 
846.463	341.95 
846.847	379.2  
847.231	379.2  
847.615	400.15 
847.998	423.43 
848.382	472.32 
848.765	374.54 
849.149	458.35 
849.532	402.48 
849.916	325.65 
850.299	379.2  
850.682	353.59 
851.065	446.71 
851.448	381.53 
851.831	421.1  
852.214	393.17 
852.597	425.76 
852.98	379.2   
853.363	407.13 
853.745	386.18 
854.128	418.78 
854.51	397.82  
854.893	355.92 
855.275	407.13 
855.658	372.21 
856.04	495.6   
856.422	369.88 
856.804	358.24 
857.186	444.38 
857.568	365.23 
857.95	446.71  
858.332	407.13 
858.714	474.65 
859.096	379.2  
859.477	414.12 
859.859	393.17 
860.24	407.13  
860.622	332.63 
861.003	374.54 
861.385	437.4  
861.766	381.53 
862.147	341.95 
862.528	449.04 
862.909	442.06 
863.29	355.92  
863.671	355.92 
864.052	318.67 
864.433	404.81 
864.814	414.12 
865.194	474.65 
865.575	400.15 
865.955	372.21 
866.336	381.53 
866.716	469.99 
867.097	463.01 
867.477	439.73 
867.857	388.51 
868.237	360.57 
868.617	423.43 
868.997	341.95 
869.377	395.49 
869.757	411.79 
870.137	355.92 
870.517	446.71 
870.896	453.7  
871.276	456.03 
871.655	316.34 
872.035	442.06 
872.414	449.04 
872.794	421.1  
873.173	327.98 
873.552	416.45 
873.931	418.78 
874.31	539.84  
874.689	395.49 
875.068	400.15 
875.447	430.42 
875.826	388.51 
876.205	397.82 
876.583	423.43 
876.962	300.04 
877.341	414.12 
877.719	481.64 
878.097	402.48 
878.476	390.84 
878.854	400.15 
879.232	502.59 
879.61	369.88  
879.988	395.49 
880.366	351.26 
880.744	481.64 
881.122	379.2  
881.5	421.1    
881.878	418.78 
882.255	397.82 
882.633	453.7  
883.011	435.07 
883.388	376.87 
883.765	435.07 
884.143	416.45 
884.52	374.54  
884.897	402.48 
885.274	409.46 
885.651	332.63 
886.028	425.76 
886.405	404.81 
886.782	418.78 
887.159	421.1  
887.536	425.76 
887.912	421.1  
888.289	400.15 
888.665	439.73 
889.042	348.93 
889.418	444.38 
889.794	344.27 
890.171	318.67 
890.547	451.37 
890.923	390.84 
891.299	393.17 
891.675	435.07 
892.051	404.81 
892.427	423.43 
892.803	449.04 
893.178	400.15 
893.554	439.73 
893.929	372.21 
894.305	400.15 
894.68	446.71  
895.056	411.79 
895.431	446.71 
895.806	425.76 
896.181	416.45 
896.557	397.82 
896.932	390.84 
897.307	402.48 
897.681	365.23 
898.056	425.76 
898.431	374.54 
898.806	369.88 
899.18	330.31  
899.555	423.43 
899.929	435.07 
900.304	400.15 
900.678	337.29 
901.052	353.59 
901.427	353.59 
901.801	421.1  
902.175	416.45 
902.549	404.81 
902.923	444.38 
903.297	416.45 
903.67	423.43  
904.044	495.6  
904.418	428.09 
904.791	421.1  
905.165	467.67 
905.538	437.4  
905.912	437.4  
906.285	421.1  
906.658	404.81 
907.032	400.15 
907.405	453.7  
907.778	346.6  
908.151	386.18 
908.524	362.9  
908.896	421.1  
909.269	383.85 
909.642	395.49 
910.015	395.49 
910.387	402.48 
910.76	418.78  
911.132	409.46 
911.504	395.49 
911.877	386.18 
912.249	437.4  
912.621	458.35 
912.993	383.85 
913.365	376.87 
913.737	386.18 
914.109	332.63 
914.481	469.99 
914.853	344.27 
915.224	395.49 
915.596	409.46 
915.968	439.73 
916.339	372.21 
916.71	318.67  
917.082	404.81 
917.453	355.92 
917.824	428.09 
918.195	449.04 
918.566	414.12 
918.937	456.03 
919.308	409.46 
919.679	486.29 
920.05	428.09  
920.421	404.81 
920.791	355.92 
921.162	374.54 
921.532	493.28 
921.903	430.42 
922.273	400.15 
922.644	469.99 
923.014	390.84 
923.384	379.2  
923.754	390.84 
924.124	360.57 
924.494	390.84 
924.864	407.13 
925.234	449.04 
925.604	435.07 
925.973	379.2  
926.343	411.79 
926.712	402.48 
927.082	432.74 
927.451	444.38 
927.821	327.98 
928.19	423.43  
928.559	418.78 
928.928	367.56 
929.297	416.45 
929.666	409.46 
930.035	414.12 
930.404	407.13 
930.773	428.09 
931.142	388.51 
931.51	402.48  
931.879	418.78 
932.247	346.6  
932.616	374.54 
932.984	402.48 
933.353	390.84 
933.721	374.54 
934.089	386.18 
934.457	395.49 
934.825	390.84 
935.193	360.57 
935.561	437.4  
935.929	423.43 
936.296	376.87 
936.664	327.98 
937.032	495.6  
937.399	416.45 
937.767	469.99 
938.134	376.87 
938.501	367.56 
938.869	386.18 
939.236	341.95 
939.603	409.46 
939.97	376.87  
940.337	381.53 
940.704	404.81 
941.071	463.01 
941.438	425.76 
941.804	404.81 
942.171	383.85 
942.538	437.4  
942.904	332.63 
943.27	407.13  
943.637	381.53 
944.003	418.78 
944.369	435.07 
944.735	379.2  
945.102	439.73 
945.468	472.32 
945.833	393.17 
946.199	365.23 
946.565	388.51 
946.931	395.49 
947.296	369.88 
947.662	400.15 
948.028	432.74 
948.393	393.17 
948.758	362.9  
949.124	379.2  
949.489	393.17 
949.854	376.87 
950.219	409.46 
950.584	439.73 
950.949	388.51 
951.314	437.4  
951.679	386.18 
952.044	327.98 
952.408	442.06 
952.773	365.23 
953.137	388.51 
953.502	376.87 
953.866	456.03 
954.231	442.06 
954.595	386.18 
954.959	374.54 
955.323	381.53 
955.687	411.79 
956.051	367.56 
956.415	418.78 
956.779	451.37 
957.143	388.51 
957.506	395.49 
957.87	390.84  
958.234	393.17 
958.597	414.12 
958.961	425.76 
959.324	460.68 
959.687	383.85 
960.05	418.78  
960.413	344.27 
960.776	411.79 
961.139	446.71 
961.502	386.18 
961.865	397.82 
962.228	453.7  
962.591	404.81 
962.953	369.88 
963.316	465.34 
963.678	374.54 
964.041	355.92 
964.403	376.87 
964.765	421.1  
965.128	435.07 
965.49	381.53  
965.852	409.46 
966.214	428.09 
966.576	404.81 
966.938	421.1  
967.299	365.23 
967.661	365.23 
968.023	393.17 
968.384	400.15 
968.746	367.56 
969.107	386.18 
969.469	353.59 
969.83	428.09  
970.191	374.54 
970.552	479.31 
970.913	320.99 
971.274	346.6  
971.635	411.79 
971.996	409.46 
972.357	381.53 
972.718	442.06 
973.078	437.4  
973.439	465.34 
973.8	369.88   
974.16	421.1   
974.52	428.09  
974.881	351.26 
975.241	332.63 
975.601	421.1  
975.961	367.56 
976.321	407.13 
976.681	402.48 
977.041	383.85 
977.401	386.18 
977.76	409.46  
978.12	337.29  
978.48	418.78  
978.839	409.46 
979.199	395.49 
979.558	346.6  
979.917	390.84 
980.277	407.13 
980.636	374.54 
980.995	451.37 
981.354	423.43 
981.713	425.76 
982.072	416.45 
982.43	414.12  
982.789	376.87 
983.148	390.84 
983.506	379.2  
983.865	453.7  
984.223	404.81 
984.582	460.68 
984.94	421.1   
985.298	500.26 
985.656	379.2  
986.015	330.31 
986.373	409.46 
986.731	339.62 
987.088	411.79 
987.446	416.45 
987.804	414.12 
988.162	407.13 
988.519	423.43 
988.877	409.46 
989.234	388.51 
989.591	409.46 
989.949	388.51 
990.306	442.06 
990.663	388.51 
991.02	532.85  
991.377	332.63 
991.734	416.45 
992.091	418.78 
992.448	388.51 
992.805	362.9  
993.161	453.7  
993.518	444.38 
993.874	467.67 
994.231	430.42 
994.587	444.38 
994.943	402.48 
995.3	430.42   
995.656	348.93 
996.012	428.09 
996.368	416.45 
996.724	362.9  
997.08	367.56  
997.435	409.46 
997.791	439.73 
998.147	379.2  
998.502	486.29 
998.858	362.9  
999.213	397.82 
999.569	358.24 
999.924	332.63 
1000.279	423.43
1000.634	421.1 
1000.989	458.35
1001.344	414.12
1001.699	416.45
1002.054	409.46
1002.409	386.18
1002.764	348.93
1003.118	423.43
1003.473	444.38
1003.827	360.57
1004.182	381.53
1004.536	344.27
1004.89	381.53 
1005.245	346.6 
1005.599	388.51
1005.953	416.45
1006.307	425.76
1006.661	435.07
1007.015	376.87
1007.368	327.98
1007.722	374.54
1008.076	341.95
1008.429	393.17
1008.783	418.78
1009.136	404.81
1009.489	456.03
1009.843	351.26
1010.196	358.24
1010.549	444.38
1010.902	372.21
1011.255	425.76
1011.608	341.95
1011.961	428.09
1012.313	383.85
1012.666	458.35
1013.019	369.88
1013.371	374.54
1013.724	337.29
1014.076	400.15
1014.428	414.12
1014.781	379.2 
1015.133	428.09
1015.485	437.4 
1015.837	388.51
1016.189	414.12
1016.541	369.88
1016.893	416.45
1017.244	444.38
1017.596	421.1 
1017.947	376.87
1018.299	402.48
1018.65	374.54 
1019.002	435.07
1019.353	432.74
1019.704	451.37
1020.055	446.71
1020.407	372.21
1020.758	402.48
1021.108	488.62
1021.459	404.81
1021.81	449.04 
1022.161	430.42
1022.511	372.21
1022.862	376.87
1023.213	456.03
1023.563	469.99
1023.913	409.46
1024.264	383.85
1024.614	358.24
1024.964	435.07
1025.314	428.09
1025.664	388.51
1026.014	437.4 
1026.364	311.68
1026.713	397.82
1027.063	374.54
1027.413	365.23
1027.762	430.42
1028.112	381.53
1028.461	262.79
1028.81	381.53 
1029.16	344.27 
1029.509	404.81
1029.858	421.1 
1030.207	307.02
1030.556	402.48
1030.905	435.07
1031.254	372.21
1031.602	437.4 
1031.951	435.07
1032.3	451.37  
1032.648	355.92
1032.996	355.92
1033.345	355.92