187.879	4.8    
188.346	4.8    
188.813	4.8    
189.28	-18.48  
189.747	-79.01 
190.214	-60.39 
190.681	-109.28
191.148	-32.45 
191.614	-48.75 
192.081	-106.95
192.548	-83.67 
193.014	-95.31 
193.481	-23.14 
193.948	32.74  
194.414	4.8    
194.881	49.04  
195.347	60.68  
195.813	-23.14 
196.28	139.83  
196.746	125.87 
197.212	170.1  
197.678	144.49 
198.145	200.37 
198.611	202.69 
199.077	158.46 
199.543	258.57 
200.009	265.55 
200.475	307.46 
200.941	232.96 
201.407	291.16 
201.873	344.71 
202.338	386.62 
202.804	379.63 
203.27	374.98  
203.735	384.29 
204.201	407.57 
204.667	419.21 
205.132	479.74 
205.598	421.54 
206.063	356.35 
206.529	400.59 
206.994	458.79 
207.459	433.18 
207.925	426.2  
208.39	356.35  
208.855	435.51 
209.32	370.32  
209.785	428.52 
210.25	381.96  
210.715	430.85 
211.18	405.24  
211.645	451.81 
212.11	365.66  
212.575	398.26 
213.04	472.76  
213.504	419.21 
213.969	377.31 
214.434	402.91 
214.899	419.21 
215.363	377.31 
215.828	472.76 
216.292	372.65 
216.757	407.57 
217.221	402.91 
217.685	526.31 
218.15	395.93  
218.614	402.91 
219.078	335.4  
219.542	412.23 
220.007	484.4  
220.471	395.93 
220.935	398.26 
221.399	323.76 
221.863	370.32 
222.327	356.35 
222.791	437.84 
223.254	363.34 
223.718	344.71 
224.182	400.59 
224.646	323.76 
225.109	430.85 
225.573	421.54 
226.037	370.32 
226.5	365.66   
226.964	381.96 
227.427	398.26 
227.89	435.51  
228.354	428.52 
228.817	393.6  
229.28	379.63  
229.744	433.18 
230.207	372.65 
230.67	426.2   
231.133	351.7  
231.596	358.68 
232.059	372.65 
232.522	388.95 
232.985	377.31 
233.448	377.31 
233.911	400.59 
234.374	393.6  
234.836	423.87 
235.299	391.27 
235.762	409.9  
236.224	393.6  
236.687	365.66 
237.149	354.02 
237.612	402.91 
238.074	351.7  
238.537	374.98 
238.999	361.01 
239.461	393.6  
239.924	351.7  
240.386	381.96 
240.848	430.85 
241.31	344.71  
241.772	407.57 
242.234	367.99 
242.696	412.23 
243.158	412.23 
243.62	426.2   
244.082	377.31 
244.544	405.24 
245.006	356.35 
245.468	402.91 
245.929	381.96 
246.391	377.31 
246.852	381.96 
247.314	393.6  
247.776	468.1  
248.237	388.95 
248.698	400.59 
249.16	398.26  
249.621	388.95 
250.082	379.63 
250.544	377.31 
251.005	365.66 
251.466	405.24 
251.927	414.56 
252.388	358.68 
252.849	400.59 
253.31	416.88  
253.771	344.71 
254.232	433.18 
254.693	461.12 
255.154	519.32 
255.615	395.93 
256.075	398.26 
256.536	386.62 
256.997	447.15 
257.457	428.52 
257.918	442.49 
258.378	386.62 
258.839	437.84 
259.299	416.88 
259.759	402.91 
260.22	433.18  
260.68	400.59  
261.14	416.88  
261.6	400.59   
262.06	393.6   
262.521	386.62 
262.981	388.95 
263.441	484.4  
263.901	379.63 
264.36	416.88  
264.82	391.27  
265.28	423.87  
265.74	393.6   
266.2	391.27   
266.659	381.96 
267.119	444.82 
267.579	377.31 
268.038	440.17 
268.498	426.2  
268.957	374.98 
269.416	400.59 
269.876	395.93 
270.335	388.95 
270.794	395.93 
271.254	388.95 
271.713	407.57 
272.172	372.65 
272.631	419.21 
273.09	395.93  
273.549	409.9  
274.008	381.96 
274.467	402.91 
274.926	402.91 
275.385	400.59 
275.843	435.51 
276.302	393.6  
276.761	454.13 
277.22	398.26  
277.678	370.32 
278.137	419.21 
278.595	421.54 
279.054	386.62 
279.512	391.27 
279.97	400.59  
280.429	500.7  
280.887	388.95 
281.345	372.65 
281.803	449.48 
282.262	426.2  
282.72	386.62  
283.178	456.46 
283.636	365.66 
284.094	393.6  
284.552	442.49 
285.01	428.52  
285.467	374.98 
285.925	398.26 
286.383	337.73 
286.841	377.31 
287.298	430.85 
287.756	444.82 
288.213	442.49 
288.671	388.95 
289.128	419.21 
289.586	477.42 
290.043	400.59 
290.5	484.4    
290.958	423.87 
291.415	449.48 
291.872	444.82 
292.329	477.42 
292.786	435.51 
293.243	484.4  
293.7	454.13   
294.157	442.49 
294.614	370.32 
295.071	354.02 
295.528	430.85 
295.985	493.71 
296.441	391.27 
296.898	414.56 
297.355	416.88 
297.811	435.51 
298.268	430.85 
298.724	519.32 
299.181	414.56 
299.637	367.99 
300.094	377.31 
300.55	458.79  
301.006	395.93 
301.462	437.84 
301.919	433.18 
302.375	414.56 
302.831	463.45 
303.287	507.68 
303.743	444.82 
304.199	381.96 
304.655	358.68 
305.11	470.43  
305.566	498.37 
306.022	470.43 
306.478	356.35 
306.933	451.81 
307.389	451.81 
307.845	433.18 
308.3	461.12   
308.756	486.73 
309.211	428.52 
309.666	395.93 
310.122	381.96 
310.577	395.93 
311.032	393.6  
311.487	510.01 
311.943	405.24 
312.398	347.04 
312.853	461.12 
313.308	430.85 
313.763	437.84 
314.218	414.56 
314.672	402.91 
315.127	437.84 
315.582	463.45 
316.037	393.6  
316.492	433.18 
316.946	412.23 
317.401	458.79 
317.855	433.18 
318.31	412.23  
318.764	479.74 
319.219	342.38 
319.673	393.6  
320.127	428.52 
320.582	426.2  
321.036	414.56 
321.49	498.37  
321.944	542.6  
322.398	412.23 
322.852	456.46 
323.306	461.12 
323.76	428.52  
324.214	430.85 
324.668	347.04 
325.122	430.85 
325.575	400.59 
326.029	393.6  
326.483	435.51 
326.936	388.95 
327.39	449.48  
327.843	412.23 
328.297	430.85 
328.75	433.18  
329.204	447.15 
329.657	430.85 
330.11	482.07  
330.564	449.48 
331.017	377.31 
331.47	435.51  
331.923	444.82 
332.376	461.12 
332.829	463.45 
333.282	442.49 
333.735	447.15 
334.188	437.84 
334.641	433.18 
335.093	419.21 
335.546	456.46 
335.999	374.98 
336.451	398.26 
336.904	461.12 
337.356	440.17 
337.809	407.57 
338.261	426.2  
338.714	433.18 
339.166	475.09 
339.618	458.79 
340.07	419.21  
340.523	363.34 
340.975	433.18 
341.427	468.1  
341.879	444.82 
342.331	449.48 
342.783	449.48 
343.235	456.46 
343.687	472.76 
344.138	461.12 
344.59	505.35  
345.042	421.54 
345.494	458.79 
345.945	489.06 
346.397	442.49 
346.848	454.13 
347.3	440.17   
347.751	458.79 
348.203	456.46 
348.654	479.74 
349.105	470.43 
349.556	472.76 
350.008	398.26 
350.459	440.17 
350.91	489.06  
351.361	484.4  
351.812	414.56 
352.263	414.56 
352.714	384.29 
353.165	442.49 
353.615	407.57 
354.066	405.24 
354.517	409.9  
354.968	407.57 
355.418	433.18 
355.869	423.87 
356.319	386.62 
356.77	388.95  
357.22	451.81  
357.671	479.74 
358.121	470.43 
358.571	479.74 
359.021	479.74 
359.472	470.43 
359.922	456.46 
360.372	470.43 
360.822	475.09 
361.272	433.18 
361.722	451.81 
362.172	449.48 
362.622	512.34 
363.071	421.54 
363.521	456.46 
363.971	479.74 
364.42	472.76  
364.87	523.98  
365.32	440.17  
365.769	379.63 
366.219	447.15 
366.668	428.52 
367.117	449.48 
367.567	458.79 
368.016	493.71 
368.465	486.73 
368.914	449.48 
369.363	477.42 
369.812	537.95 
370.261	486.73 
370.71	361.01  
371.159	426.2  
371.608	468.1  
372.057	400.59 
372.506	454.13 
372.955	433.18 
373.403	558.9  
373.852	454.13 
374.301	426.2  
374.749	437.84 
375.198	414.56 
375.646	328.41 
376.094	484.4  
376.543	409.9  
376.991	463.45 
377.439	419.21 
377.887	430.85 
378.336	449.48 
378.784	468.1  
379.232	475.09 
379.68	491.38  
380.128	468.1  
380.576	444.82 
381.023	458.79 
381.471	440.17 
381.919	470.43 
382.367	468.1  
382.814	423.87 
383.262	430.85 
383.71	412.23  
384.157	428.52 
384.605	458.79 
385.052	419.21 
385.499	472.76 
385.947	402.91 
386.394	500.7  
386.841	416.88 
387.288	421.54 
387.735	558.9  
388.182	454.13 
388.63	428.52  
389.076	475.09 
389.523	342.38 
389.97	384.29  
390.417	423.87 
390.864	454.13 
391.311	421.54 
391.757	447.15 
392.204	477.42 
392.651	395.93 
393.097	423.87 
393.544	402.91 
393.99	416.88  
394.436	430.85 
394.883	344.71 
395.329	405.24 
395.775	440.17 
396.221	395.93 
396.668	468.1  
397.114	458.79 
397.56	451.81  
398.006	468.1  
398.452	493.71 
398.897	486.73 
399.343	421.54 
399.789	391.27 
400.235	482.07 
400.681	384.29 
401.126	449.48 
401.572	407.57 
402.017	482.07 
402.463	386.62 
402.908	472.76 
403.354	505.35 
403.799	428.52 
404.244	470.43 
404.689	484.4  
405.135	437.84 
405.58	440.17  
406.025	379.63 
406.47	423.87  
406.915	496.04 
407.36	449.48  
407.805	458.79 
408.25	503.03  
408.694	479.74 
409.139	393.6  
409.584	468.1  
410.029	435.51 
410.473	458.79 
410.918	447.15 
411.362	486.73 
411.807	528.63 
412.251	451.81 
412.695	496.04 
413.14	510.01  
413.584	491.38 
414.028	484.4  
414.472	409.9  
414.916	496.04 
415.36	479.74  
415.804	489.06 
416.248	491.38 
416.692	505.35 
417.136	444.82 
417.58	433.18  
418.024	456.46 
418.467	470.43 
418.911	468.1  
419.355	503.03 
419.798	428.52 
420.242	570.54 
420.685	428.52 
421.128	500.7  
421.572	510.01 
422.015	528.63 
422.458	486.73 
422.902	542.6  
423.345	512.34 
423.788	530.96 
424.231	610.12 
424.674	556.57 
425.117	519.32 
425.56	584.51  
426.003	547.26 
426.445	572.87 
426.888	540.28 
427.331	605.46 
427.773	670.65 
428.216	633.4  
428.659	647.37 
429.101	645.04 
429.543	686.95 
429.986	682.29 
430.428	812.67 
430.87	703.25  
431.313	770.76 
431.755	759.12 
432.197	835.95 
432.639	910.45 
433.081	824.31 
433.523	894.15 
433.965	982.62 
434.407	982.62 
434.849	926.75 
435.291	1080.41
435.732	1064.11
436.174	1117.66
436.616	1159.56
437.057	1178.19
437.499	1264.33
437.94	1324.86 
438.382	1366.77
438.823	1471.53
439.264	1457.57
439.706	1578.63
440.147	1566.99
440.588	1722.97
441.029	1776.52
441.47	1867.32 
441.911	1918.54
442.352	1939.49
442.793	2041.93
443.234	2183.95
443.675	2272.42
444.116	2321.31
444.556	2521.53
444.997	2651.9 
445.438	2584.39
445.878	2754.34
446.319	2968.53
446.759	2919.64
447.199	3105.89
447.64	3264.21 
448.08	3464.43 
448.52	3729.84 
448.961	3822.96
449.401	3957.99
449.841	4265.31
450.281	4272.29
450.721	4535.38
451.161	4791.47
451.601	4919.52
452.041	5091.8 
452.48	5359.54 
452.92	5585.37 
453.36	5680.82 
453.799	5981.15
454.239	6211.64
454.679	6411.86
455.118	6709.86
455.557	6633.04
455.997	7052.1 
456.436	7256.98
456.875	7198.77
457.315	7561.97
457.754	7866.95
458.193	7843.67
458.632	8095.11
459.071	8244.11
459.51	8174.27 
459.949	8223.16
460.388	8458.3 
460.827	8332.58
461.265	8295.33
461.704	8218.5 
462.143	7974.05
462.581	8230.14
463.02	8209.19 
463.458	7873.94
463.897	8050.88
464.335	7829.7 
464.774	7445.56
465.212	7496.78
465.65	7296.56 
466.088	7343.12
466.527	7059.09
466.965	6649.33
467.403	6702.88
467.841	6444.46
468.279	6174.39
468.716	6097.56
469.154	5874.06
469.592	5652.89
470.03	5590.03 
470.467	5441.02
470.905	5555.1 
471.343	5247.79
471.78	5110.43 
472.218	5180.27
472.655	5012.65
473.092	4940.47
473.53	4749.56 
473.967	4740.25
474.404	4640.14
474.841	4682.05
475.278	4554   
475.716	4649.45
476.153	4351.45
476.589	4458.55
477.026	4339.81
477.463	4370.08
477.9	4370.08  
478.337	4193.14
478.773	4307.22
479.21	4267.64 
479.647	4160.54
480.083	4067.42
480.52	3992.92 
480.956	3813.65
481.392	3899.79
481.829	3776.4 
482.265	3664.65
482.701	3687.93
483.137	3520.3 
483.574	3464.43
484.01	3552.9  
484.446	3450.46
484.882	3355   
485.317	3373.63
485.753	3322.41
486.189	3273.52
486.625	3063.99
487.061	3075.63
487.496	3247.91
487.932	2831.17
488.367	2994.14
488.803	2889.38
489.238	2996.47
489.674	2914.99
490.109	2735.72
490.544	2784.61
490.979	2619.31
491.415	2607.67
491.85	2516.87 
492.285	2630.95
492.72	2549.47 
493.155	2623.97
493.59	2568.09 
494.024	2437.72
494.459	2449.36
494.894	2416.76
495.329	2412.11
495.763	2323.64
496.198	2309.67
496.632	2400.46
497.067	2356.23
497.501	2339.93
497.936	2239.82
498.37	2204.9  
498.804	2277.07
499.238	2325.96
499.673	2288.71
500.107	2090.82
500.541	2188.6 
500.975	2193.26
501.409	2216.54
501.843	2221.2 
502.277	2239.82
502.71	2186.28 
503.144	2253.79
503.578	2153.68
504.011	2193.26
504.445	2244.48
504.878	2221.2 
505.312	2186.28
505.745	2223.53
506.179	2332.95
506.612	2232.84
507.045	2253.79
507.479	2328.29
507.912	2416.76
508.345	2314.32
508.778	2300.35
509.211	2377.18
509.644	2321.31
510.077	2342.26
510.509	2393.48
510.942	2419.09
511.375	2465.65
511.808	2284.06
512.24	2556.45 
512.673	2577.4 
513.105	2640.26
513.538	2523.86
513.97	2619.31 
514.403	2761.33
514.835	2719.42
515.267	2770.64
515.699	2908   
516.131	2917.31
516.564	2779.95
516.996	2856.78
517.428	2980.17
517.859	2912.66
518.291	3066.31
518.723	2947.58
519.155	3022.08
519.587	2940.59
520.018	3185.05
520.45	3182.72 
520.881	3203.68
521.313	3185.05
521.744	3073.3 
522.176	3233.94
522.607	3245.58
523.038	3322.41
523.47	3378.29 
523.901	3504.01
524.332	3420.19
524.763	3422.52
525.194	3441.15
525.625	3427.18
526.056	3485.38
526.487	3452.79
526.917	3576.18
527.348	3641.37
527.779	3676.29
528.21	3629.73 
528.64	3743.81 
529.071	3732.16
529.501	3722.85
529.932	3808.99
530.362	3655.34
530.792	3820.63
531.222	3813.65
531.653	3781.06
532.083	3853.23
532.513	3944.03
532.943	3909.1 
533.373	3906.78
533.803	3778.73
534.233	4032.5 
534.663	3971.96
535.092	4060.43
535.522	4027.84
535.952	4088.37
536.381	4025.51
536.811	4181.5 
537.24	4044.14 
537.67	4130.28 
538.099	4146.57
538.529	4127.95
538.958	4146.57
539.387	4165.2 
539.816	4144.25
540.245	4216.42
540.674	4346.8 
541.103	4253.67
541.532	4197.79
541.961	4286.26
542.39	4214.09 
542.819	4339.81
543.248	4237.37
543.676	4242.03
544.105	4314.2 
544.534	4307.22
544.962	4514.42
545.391	4411.98
545.819	4330.5 
546.247	4411.98
546.676	4256   
547.104	4484.16
547.532	4237.37
547.96	4286.26 
548.388	4381.72
548.816	4267.64
549.244	4405   
549.672	4337.48
550.1	4309.54  
550.528	4325.84
550.956	4463.2 
551.383	4384.05
551.811	4470.19
552.238	4418.97
552.666	4349.12
553.094	4509.77
553.521	4405   
553.948	4411.98
554.376	4423.62
554.803	4393.36
555.23	4402.67 
555.657	4370.08
556.084	4512.09
556.511	4374.73
556.938	4521.41
557.365	4377.06
557.792	4407.33
558.219	4442.25
558.646	4479.5 
559.072	4386.37
559.499	4570.3 
559.926	4374.73
560.352	4384.05
560.779	4360.76
561.205	4486.48
561.632	4400.34
562.058	4269.97
562.484	4405   
562.91	4514.42 
563.337	4418.97
563.763	4460.87
564.189	4558.66
564.615	4621.52
565.041	4516.75
565.466	4516.75
565.892	4565.64
566.318	4512.09
566.744	4514.42
567.169	4467.86
567.595	4467.86
568.021	4509.77
568.446	4563.31
568.872	4521.41
569.297	4567.97
569.722	4409.66
570.148	4607.55
570.573	4500.45
570.998	4432.94
571.423	4232.72
571.848	4279.28
572.273	4330.5 
572.698	4221.08
573.123	4295.58
573.548	4358.44
573.973	4232.72
574.397	4137.26
574.822	4197.79
575.247	4118.64
575.671	4300.23
576.096	4148.9 
576.52	4002.23 
576.944	4069.75
577.369	4086.04
577.793	4120.97
578.217	4013.87
578.641	3944.03
579.065	4011.54
579.49	3902.12 
579.914	4027.84
580.337	3881.17
580.761	4004.56
581.185	3906.78
581.609	3876.51
582.033	3934.71
582.456	3944.03
582.88	3792.7  
583.303	3813.65
583.727	3774.07
584.15	3683.27 
584.574	3832.27
584.997	3797.35
585.42	3753.12 
585.844	3713.54
586.267	3795.02
586.69	3725.18 
587.113	3725.18
587.536	3662.32
587.959	3641.37
588.382	3529.62
588.804	3699.57
589.227	3690.26
589.65	3531.94 
590.073	3615.76
590.495	3634.38
590.918	3611.1 
591.34	3592.48 
591.763	3727.51
592.185	3550.57
592.607	3597.13
593.03	3310.77 
593.452	3422.52
593.874	3513.32
594.296	3517.98
594.718	3471.41
595.14	3445.8  
595.562	3315.43
595.984	3448.13
596.406	3524.96
596.827	3487.71
597.249	3382.94
597.671	3476.07
598.092	3373.63
598.514	3371.3 
598.935	3473.74
599.357	3578.51
599.778	3485.38
600.199	3583.16
600.621	3694.91
601.042	3476.07
601.463	3434.16
601.884	3648.35
602.305	3562.21
602.726	3543.58
603.147	3531.94
603.568	3427.18
603.988	3566.87
604.409	3427.18
604.83	3413.21 
605.25	3471.41 
605.671	3434.16
606.092	3555.23
606.512	3513.32
606.932	3431.83
607.353	3375.96
607.773	3334.05
608.193	3389.93
608.613	3289.82
609.034	3343.36
609.454	3152.46
609.874	3229.28
610.293	3215.32
610.713	3187.38
611.133	3094.25
611.553	3254.89
611.973	3026.74
612.392	3070.97
612.812	3005.78
613.231	2977.85
613.651	3054.67
614.07	2903.34 
614.49	2975.52 
614.909	2873.08
615.328	2812.55
615.747	2819.53
616.167	2700.8 
616.586	2765.98
617.005	2803.23
617.424	2763.66
617.843	2742.7 
618.261	2684.5 
618.68	2521.53 
619.099	2689.15
619.518	2635.61
619.936	2621.64
620.355	2568.09
620.773	2528.51
621.192	2505.23
621.61	2437.72 
622.029	2570.42
622.447	2444.7 
622.865	2454.01
623.283	2386.5 
623.701	2477.29
624.119	2437.72
624.537	2379.51
624.955	2458.67
625.373	2325.96
625.791	2358.56
626.209	2258.45
626.627	2360.89
627.044	2270.09
627.462	2346.92
627.879	2265.43
628.297	2132.73
628.714	2114.1 
629.132	2263.1 
629.549	2135.06
629.966	2195.59
630.383	2214.21
630.8	2135.06  
631.217	2111.77
631.634	2093.15
632.051	2067.54
632.468	2104.79
632.885	2046.59
633.302	2067.54
633.719	2007.01
634.135	1958.12
634.552	1986.05
634.969	1867.32
635.385	1823.08
635.801	1899.91
636.218	1925.52
636.634	1878.96
637.05	1858.01 
637.467	1792.82
637.883	1864.99
638.299	1760.22
638.715	1797.47
639.131	1885.94
639.547	1885.94
639.963	1762.55
640.378	1809.12
640.794	1864.99
641.21	1937.16 
641.626	1802.13
642.041	1669.43
642.457	1669.43
642.872	1646.15
643.287	1683.4 
643.703	1760.22
644.118	1753.24
644.533	1683.4 
644.948	1611.22
645.364	1592.6 
645.779	1585.61
646.194	1562.33
646.609	1564.66
647.023	1692.71
647.438	1627.52
647.853	1553.02
648.268	1597.25
648.682	1562.33
649.097	1490.16
649.511	1560   
649.926	1532.07
650.34	1490.16 
650.755	1522.75
651.169	1455.24
651.583	1508.78
651.997	1480.85
652.411	1459.89
652.825	1369.1 
653.239	1385.39
653.653	1473.86
654.067	1417.99
654.481	1518.1 
654.895	1376.08
655.309	1383.06
655.722	1390.05
656.136	1320.2 
656.549	1362.11
656.963	1411   
657.376	1378.41
657.79	1268.99 
658.203	1355.13
658.616	1287.61
659.029	1294.6 
659.442	1334.17
659.855	1362.11
660.268	1364.44
660.681	1287.61
661.094	1245.7 
661.507	1245.7 
661.92	1185.17 
662.333	1215.44
662.745	1199.14
663.158	1220.09
663.57	1252.69 
663.983	1171.2 
664.395	1224.75
664.808	1117.66
665.22	1241.05 
665.632	1131.62
666.044	1150.25
666.456	1122.31
666.868	1129.3 
667.28	1147.92 
667.692	1080.41
668.104	1108.34
668.516	1178.19
668.928	1129.3 
669.34	1161.89 
669.751	1101.36
670.163	1124.64
670.574	1126.97
670.986	989.61 
671.397	1117.66
671.809	1026.86
672.22	1024.53 
672.631	1110.67
673.042	1008.23
673.453	1087.39
673.864	1022.2 
674.275	901.14 
674.686	1036.17
675.097	1022.2 
675.508	1019.87
675.919	991.94 
676.33	1057.12 
676.74	975.64  
677.151	968.65 
677.561	870.87 
677.972	1005.9 
678.382	954.69 
678.792	964    
679.203	929.08 
679.613	852.25 
680.023	1008.23
680.433	926.75 
680.843	922.09 
681.253	903.47 
681.663	950.03 
682.073	887.17 
682.483	908.12 
682.893	873.2  
683.302	845.26 
683.712	808.01 
684.122	877.86 
684.531	847.59 
684.94	796.37  
685.35	866.22  
685.759	791.72 
686.168	817.32 
686.578	877.86 
686.987	749.81 
687.396	761.45 
687.805	728.86 
688.214	815    
688.623	821.98 
689.032	852.25 
689.44	735.84  
689.849	761.45 
690.258	838.28 
690.666	808.01 
691.075	773.09 
691.484	770.76 
691.892	777.75 
692.3	696.26   
692.709	754.47 
693.117	808.01 
693.525	805.68 
693.933	745.15 
694.341	819.65 
694.749	821.98 
695.157	763.78 
695.565	652.03 
695.973	696.26 
696.381	756.79 
696.788	738.17 
697.196	738.17 
697.604	714.89 
698.011	693.93 
698.419	705.57 
698.826	677.64 
699.234	724.2  
699.641	675.31 
700.048	693.93 
700.455	684.62 
700.862	670.65 
701.269	675.31 
701.676	628.75 
702.083	661.34 
702.49	689.28  
702.897	766.11 
703.304	666    
703.71	693.93  
704.117	682.29 
704.524	607.79 
704.93	714.89  
705.337	679.96 
705.743	726.53 
706.149	593.82 
706.556	640.39 
706.962	656.68 
707.368	649.7  
707.774	663.67 
708.18	726.53  
708.586	661.34 
708.992	689.28 
709.398	698.59 
709.804	621.76 
710.209	589.17 
710.615	654.35 
711.021	617.1  
711.426	575.2  
711.832	572.87 
712.237	677.64 
712.642	528.63 
713.048	607.79 
713.453	600.81 
713.858	624.09 
714.263	679.96 
714.668	493.71 
715.073	598.48 
715.478	647.37 
715.883	649.7  
716.288	542.6  
716.693	575.2  
717.097	565.89 
717.502	544.93 
717.906	605.46 
718.311	579.85 
718.715	535.62 
719.12	614.78  
719.524	530.96 
719.928	575.2  
720.333	565.89 
720.737	544.93 
721.141	491.38 
721.545	561.23 
721.949	489.06 
722.353	558.9  
722.757	507.68 
723.16	558.9   
723.564	556.57 
723.968	577.53 
724.371	575.2  
724.775	554.24 
725.178	551.92 
725.582	530.96 
725.985	533.29 
726.388	544.93 
726.792	582.18 
727.195	500.7  
727.598	551.92 
728.001	523.98 
728.404	503.03 
728.807	558.9  
729.21	544.93  
729.612	491.38 
730.015	505.35 
730.418	463.45 
730.82	551.92  
731.223	479.74 
731.625	498.37 
732.028	575.2  
732.43	479.74  
732.833	565.89 
733.235	516.99 
733.637	493.71 
734.039	558.9  
734.441	507.68 
734.843	507.68 
735.245	461.12 
735.647	444.82 
736.049	472.76 
736.451	489.06 
736.852	507.68 
737.254	526.31 
737.655	568.21 
738.057	535.62 
738.458	544.93 
738.86	503.03  
739.261	493.71 
739.662	575.2  
740.064	479.74 
740.465	465.77 
740.866	463.45 
741.267	440.17 
741.668	493.71 
742.069	493.71 
742.469	472.76 
742.87	423.87  
743.271	458.79 
743.672	500.7  
744.072	547.26 
744.473	503.03 
744.873	503.03 
745.274	486.73 
745.674	521.65 
746.074	493.71 
746.474	528.63 
746.875	570.54 
747.275	496.04 
747.675	477.42 
748.075	519.32 
748.474	465.77 
748.874	491.38 
749.274	440.17 
749.674	486.73 
750.073	479.74 
750.473	402.91 
750.873	423.87 
751.272	500.7  
751.671	463.45 
752.071	521.65 
752.47	468.1   
752.869	493.71 
753.268	503.03 
753.668	461.12 
754.067	519.32 
754.466	402.91 
754.864	440.17 
755.263	500.7  
755.662	503.03 
756.061	475.09 
756.459	519.32 
756.858	426.2  
757.257	493.71 
757.655	444.82 
758.053	500.7  
758.452	447.15 
758.85	437.84  
759.248	412.23 
759.646	507.68 
760.045	465.77 
760.443	416.88 
760.841	472.76 
761.238	519.32 
761.636	433.18 
762.034	421.54 
762.432	423.87 
762.829	442.49 
763.227	428.52 
763.625	479.74 
764.022	449.48 
764.419	503.03 
764.817	475.09 
765.214	421.54 
765.611	516.99 
766.008	449.48 
766.406	468.1  
766.803	477.42 
767.199	440.17 
767.596	470.43 
767.993	491.38 
768.39	454.13  
768.787	514.67 
769.183	407.57 
769.58	409.9   
769.977	507.68 
770.373	428.52 
770.769	416.88 
771.166	428.52 
771.562	430.85 
771.958	409.9  
772.354	477.42 
772.75	461.12  
773.146	523.98 
773.542	426.2  
773.938	449.48 
774.334	482.07 
774.73	381.96  
775.126	486.73 
775.521	461.12 
775.917	468.1  
776.312	395.93 
776.708	426.2  
777.103	379.63 
777.499	405.24 
777.894	412.23 
778.289	461.12 
778.684	395.93 
779.079	433.18 
779.474	442.49 
779.869	435.51 
780.264	437.84 
780.659	451.81 
781.054	437.84 
781.448	414.56 
781.843	484.4  
782.238	407.57 
782.632	358.68 
783.027	444.82 
783.421	498.37 
783.815	384.29 
784.21	437.84  
784.604	372.65 
784.998	423.87 
785.392	419.21 
785.786	398.26 
786.18	365.66  
786.574	510.01 
786.968	493.71 
787.361	374.98 
787.755	470.43 
788.149	458.79 
788.542	400.59 
788.936	454.13 
789.329	468.1  
789.722	451.81 
790.116	388.95 
790.509	379.63 
790.902	414.56 
791.295	458.79 
791.688	433.18 
792.081	391.27 
792.474	386.62 
792.867	358.68 
793.26	398.26  
793.653	386.62 
794.045	430.85 
794.438	470.43 
794.83	479.74  
795.223	433.18 
795.615	395.93 
796.008	393.6  
796.4	363.34   
796.792	381.96 
797.184	437.84 
797.576	381.96 
797.968	356.35 
798.36	454.13  
798.752	477.42 
799.144	435.51 
799.536	440.17 
799.928	407.57 
800.319	419.21 
800.711	482.07 
801.102	451.81 
801.494	449.48 
801.885	442.49 
802.276	374.98 
802.668	395.93 
803.059	419.21 
803.45	458.79  
803.841	461.12 
804.232	440.17 
804.623	451.81 
805.014	426.2  
805.405	510.01 
805.795	381.96 
806.186	412.23 
806.577	419.21 
806.967	405.24 
807.358	372.65 
807.748	472.76 
808.139	388.95 
808.529	463.45 
808.919	461.12 
809.309	435.51 
809.699	419.21 
810.089	437.84 
810.479	437.84 
810.869	377.31 
811.259	516.99 
811.649	454.13 
812.039	486.73 
812.428	402.91 
812.818	484.4  
813.207	479.74 
813.597	391.27 
813.986	463.45 
814.376	407.57 
814.765	398.26 
815.154	461.12 
815.543	491.38 
815.932	475.09 
816.321	433.18 
816.71	400.59  
817.099	395.93 
817.488	391.27 
817.877	412.23 
818.265	451.81 
818.654	388.95 
819.043	451.81 
819.431	454.13 
819.819	463.45 
820.208	442.49 
820.596	479.74 
820.984	451.81 
821.372	386.62 
821.761	526.31 
822.149	447.15 
822.537	442.49 
822.924	381.96 
823.312	423.87 
823.7	400.59   
824.088	402.91 
824.475	479.74 
824.863	458.79 
825.251	451.81 
825.638	444.82 
826.025	407.57 
826.413	381.96 
826.8	393.6    
827.187	405.24 
827.574	433.18 
827.961	447.15 
828.348	430.85 
828.735	402.91 
829.122	419.21 
829.509	409.9  
829.896	440.17 
830.282	402.91 
830.669	435.51 
831.055	412.23 
831.442	472.76 
831.828	407.57 
832.215	398.26 
832.601	400.59 
832.987	402.91 
833.373	419.21 
833.759	489.06 
834.145	391.27 
834.531	482.07 
834.917	463.45 
835.303	454.13 
835.689	447.15 
836.074	482.07 
836.46	419.21  
836.846	470.43 
837.231	423.87 
837.617	393.6  
838.002	400.59 
838.387	412.23 
838.772	372.65 
839.158	423.87 
839.543	402.91 
839.928	482.07 
840.313	356.35 
840.698	407.57 
841.082	377.31 
841.467	444.82 
841.852	358.68 
842.237	435.51 
842.621	428.52 
843.006	405.24 
843.39	335.4   
843.774	489.06 
844.159	414.56 
844.543	430.85 
844.927	405.24 
845.311	416.88 
845.695	465.77 
846.079	409.9  
846.463	398.26 
846.847	395.93 
847.231	326.09 
847.615	435.51 
847.998	412.23 
848.382	470.43 
848.765	423.87 
849.149	398.26 
849.532	475.09 
849.916	398.26 
850.299	372.65 
850.682	437.84 
851.065	451.81 
851.448	402.91 
851.831	461.12 
852.214	491.38 
852.597	486.73 
852.98	428.52  
853.363	384.29 
853.745	456.46 
854.128	354.02 
854.51	416.88  
854.893	430.85 
855.275	398.26 
855.658	402.91 
856.04	412.23  
856.422	395.93 
856.804	426.2  
857.186	363.34 
857.568	416.88 
857.95	435.51  
858.332	419.21 
858.714	386.62 
859.096	458.79 
859.477	409.9  
859.859	409.9  
860.24	314.45  
860.622	475.09 
861.003	440.17 
861.385	416.88 
861.766	361.01 
862.147	428.52 
862.528	440.17 
862.909	454.13 
863.29	344.71  
863.671	461.12 
864.052	407.57 
864.433	440.17 
864.814	354.02 
865.194	416.88 
865.575	400.59 
865.955	381.96 
866.336	402.91 
866.716	477.42 
867.097	465.77 
867.477	454.13 
867.857	449.48 
868.237	388.95 
868.617	426.2  
868.997	468.1  
869.377	400.59 
869.757	412.23 
870.137	405.24 
870.517	437.84 
870.896	426.2  
871.276	337.73 
871.655	365.66 
872.035	386.62 
872.414	440.17 
872.794	354.02 
873.173	416.88 
873.552	402.91 
873.931	428.52 
874.31	430.85  
874.689	435.51 
875.068	409.9  
875.447	449.48 
875.826	426.2  
876.205	421.54 
876.583	377.31 
876.962	412.23 
877.341	356.35 
877.719	386.62 
878.097	454.13 
878.476	395.93 
878.854	402.91 
879.232	351.7  
879.61	442.49  
879.988	391.27 
880.366	381.96 
880.744	458.79 
881.122	437.84 
881.5	381.96   
881.878	393.6  
882.255	384.29 
882.633	435.51 
883.011	444.82 
883.388	449.48 
883.765	402.91 
884.143	421.54 
884.52	372.65  
884.897	414.56 
885.274	444.82 
885.651	458.79 
886.028	458.79 
886.405	351.7  
886.782	414.56 
887.159	489.06 
887.536	384.29 
887.912	468.1  
888.289	428.52 
888.665	321.43 
889.042	461.12 
889.418	430.85 
889.794	468.1  
890.171	430.85 
890.547	372.65 
890.923	442.49 
891.299	379.63 
891.675	449.48 
892.051	416.88 
892.427	454.13 
892.803	400.59 
893.178	414.56 
893.554	463.45 
893.929	475.09 
894.305	451.81 
894.68	374.98  
895.056	321.43 
895.431	479.74 
895.806	416.88 
896.181	423.87 
896.557	398.26 
896.932	386.62 
897.307	461.12 
897.681	372.65 
898.056	358.68 
898.431	451.81 
898.806	307.46 
899.18	386.62  
899.555	454.13 
899.929	428.52 
900.304	400.59 
900.678	393.6  
901.052	363.34 
901.427	447.15 
901.801	421.54 
902.175	430.85 
902.549	440.17 
902.923	388.95 
903.297	323.76 
903.67	384.29  
904.044	426.2  
904.418	421.54 
904.791	409.9  
905.165	437.84 
905.538	356.35 
905.912	405.24 
906.285	458.79 
906.658	449.48 
907.032	421.54 
907.405	430.85 
907.778	381.96 
908.151	365.66 
908.524	454.13 
908.896	370.32 
909.269	440.17 
909.642	430.85 
910.015	421.54 
910.387	437.84 
910.76	400.59  
911.132	482.07 
911.504	388.95 
911.877	430.85 
912.249	430.85 
912.621	444.82 
912.993	456.46 
913.365	395.93 
913.737	384.29 
914.109	407.57 
914.481	381.96 
914.853	412.23 
915.224	395.93 
915.596	402.91 
915.968	419.21 
916.339	449.48 
916.71	444.82  
917.082	442.49 
917.453	440.17 
917.824	398.26 
918.195	463.45 
918.566	465.77 
918.937	409.9  
919.308	426.2  
919.679	405.24 
920.05	344.71  
920.421	435.51 
920.791	365.66 
921.162	372.65 
921.532	358.68 
921.903	379.63 
922.273	433.18 
922.644	416.88 
923.014	430.85 
923.384	400.59 
923.754	437.84 
924.124	475.09 
924.494	395.93 
924.864	416.88 
925.234	398.26 
925.604	449.48 
925.973	449.48 
926.343	428.52 
926.712	363.34 
927.082	377.31 
927.451	458.79 
927.821	416.88 
928.19	393.6   
928.559	486.73 
928.928	489.06 
929.297	402.91 
929.666	409.9  
930.035	444.82 
930.404	426.2  
930.773	381.96 
931.142	388.95 
931.51	370.32  
931.879	395.93 
932.247	354.02 
932.616	398.26 
932.984	386.62 
933.353	395.93 
933.721	442.49 
934.089	435.51 
934.457	433.18 
934.825	381.96 
935.193	489.06 
935.561	419.21 
935.929	433.18 
936.296	414.56 
936.664	393.6  
937.032	475.09 
937.399	337.73 
937.767	307.46 
938.134	447.15 
938.501	407.57 
938.869	402.91 
939.236	412.23 
939.603	384.29 
939.97	370.32  
940.337	442.49 
940.704	468.1  
941.071	440.17 
941.438	444.82 
941.804	354.02 
942.171	409.9  
942.538	412.23 
942.904	463.45 
943.27	419.21  
943.637	416.88 
944.003	444.82 
944.369	384.29 
944.735	419.21 
945.102	435.51 
945.468	451.81 
945.833	354.02 
946.199	393.6  
946.565	398.26 
946.931	419.21 
947.296	409.9  
947.662	454.13 
948.028	444.82 
948.393	442.49 
948.758	402.91 
949.124	454.13 
949.489	493.71 
949.854	391.27 
950.219	354.02 
950.584	361.01 
950.949	423.87 
951.314	365.66 
951.679	426.2  
952.044	374.98 
952.408	409.9  
952.773	442.49 
953.137	468.1  
953.502	470.43 
953.866	374.98 
954.231	482.07 
954.595	465.77 
954.959	430.85 
955.323	400.59 
955.687	468.1  
956.051	349.37 
956.415	407.57 
956.779	388.95 
957.143	319.1  
957.506	361.01 
957.87	419.21  
958.234	470.43 
958.597	386.62 
958.961	444.82 
959.324	465.77 
959.687	468.1  
960.05	405.24  
960.413	428.52 
960.776	326.09 
961.139	430.85 
961.502	416.88 
961.865	405.24 
962.228	416.88 
962.591	379.63 
962.953	412.23 
963.316	489.06 
963.678	475.09 
964.041	386.62 
964.403	479.74 
964.765	361.01 
965.128	433.18 
965.49	440.17  
965.852	423.87 
966.214	423.87 
966.576	456.46 
966.938	451.81 
967.299	454.13 
967.661	414.56 
968.023	447.15 
968.384	440.17 
968.746	465.77 
969.107	470.43 
969.469	405.24 
969.83	454.13  
970.191	463.45 
970.552	440.17 
970.913	433.18 
971.274	419.21 
971.635	349.37 
971.996	433.18 
972.357	402.91 
972.718	358.68 
973.078	393.6  
973.439	479.74 
973.8	437.84   
974.16	449.48  
974.52	428.52  
974.881	402.91 
975.241	400.59 
975.601	444.82 
975.961	416.88 
976.321	519.32 
976.681	482.07 
977.041	454.13 
977.401	386.62 
977.76	358.68  
978.12	475.09  
978.48	395.93  
978.839	409.9  
979.199	451.81 
979.558	423.87 
979.917	374.98 
980.277	381.96 
980.636	458.79 
980.995	414.56 
981.354	414.56 
981.713	426.2  
982.072	421.54 
982.43	388.95  
982.789	437.84 
983.148	465.77 
983.506	414.56 
983.865	426.2  
984.223	470.43 
984.582	402.91 
984.94	393.6   
985.298	419.21 
985.656	428.52 
986.015	405.24 
986.373	458.79 
986.731	426.2  
987.088	407.57 
987.446	384.29 
987.804	381.96 
988.162	472.76 
988.519	433.18 
988.877	358.68 
989.234	388.95 
989.591	435.51 
989.949	423.87 
990.306	419.21 
990.663	451.81 
991.02	437.84  
991.377	465.77 
991.734	414.56 
992.091	426.2  
992.448	442.49 
992.805	426.2  
993.161	426.2  
993.518	400.59 
993.874	423.87 
994.231	400.59 
994.587	442.49 
994.943	400.59 
995.3	374.98   
995.656	489.06 
996.012	393.6  
996.368	395.93 
996.724	416.88 
997.08	356.35  
997.435	372.65 
997.791	393.6  
998.147	433.18 
998.502	456.46 
998.858	351.7  
999.213	486.73 
999.569	421.54 
999.924	377.31 
1000.279	361.01
1000.634	428.52
1000.989	440.17
1001.344	398.26
1001.699	391.27
1002.054	442.49
1002.409	351.7 
1002.764	416.88
1003.118	437.84
1003.473	440.17
1003.827	354.02
1004.182	405.24
1004.536	372.65
1004.89	412.23 
1005.245	482.07
1005.599	388.95
1005.953	433.18
1006.307	402.91
1006.661	379.63
1007.015	433.18
1007.368	437.84
1007.722	391.27
1008.076	398.26
1008.429	437.84
1008.783	395.93
1009.136	421.54
1009.489	384.29
1009.843	442.49
1010.196	412.23
1010.549	377.31
1010.902	435.51
1011.255	388.95
1011.608	498.37
1011.961	435.51
1012.313	419.21
1012.666	400.59
1013.019	447.15
1013.371	433.18
1013.724	349.37
1014.076	379.63
1014.428	365.66
1014.781	421.54
1015.133	456.46
1015.485	302.8 
1015.837	409.9 
1016.189	430.85
1016.541	444.82
1016.893	407.57
1017.244	419.21
1017.596	430.85
1017.947	365.66
1018.299	386.62
1018.65	437.84 
1019.002	435.51
1019.353	347.04
1019.704	430.85
1020.055	395.93
1020.407	370.32
1020.758	451.81
1021.108	500.7 
1021.459	444.82
1021.81	470.43 
1022.161	451.81
1022.511	405.24
1022.862	395.93
1023.213	340.05
1023.563	391.27
1023.913	428.52
1024.264	298.15
1024.614	461.12
1024.964	419.21
1025.314	463.45
1025.664	435.51
1026.014	435.51
1026.364	428.52
1026.713	379.63
1027.063	405.24
1027.413	437.84
1027.762	475.09
1028.112	398.26
1028.461	405.24
1028.81	400.59 
1029.16	337.73 
1029.509	421.54
1029.858	409.9 
1030.207	372.65
1030.556	365.66
1030.905	421.54
1031.254	510.01
1031.602	333.07
1031.951	351.7 
1032.3	463.45  
1032.648	458.79
1032.996	458.79
1033.345	458.79