187.879	-8     
188.346	-8     
188.813	-8     
189.28	-82.5   
189.747	-70.86 
190.214	-108.11
190.681	-77.85 
191.148	-138.38
191.614	-61.55 
192.081	-96.47 
192.548	-63.88 
193.014	-17.32 
193.481	31.58  
193.948	19.93  
194.414	-35.94 
194.881	40.89  
195.347	96.76  
195.813	61.84  
196.28	110.73  
196.746	101.42 
197.212	136.34 
197.678	141    
198.145	187.56 
198.611	180.58 
199.077	231.8  
199.543	220.16 
200.009	264.39 
200.475	348.2  
200.941	327.25 
201.407	352.86 
201.873	359.84 
202.338	331.91 
202.804	341.22 
203.27	343.55  
203.735	385.45 
204.201	331.91 
204.667	434.34 
205.132	434.34 
205.598	380.8  
206.063	420.38 
206.529	373.81 
206.994	420.38 
207.459	387.78 
207.925	357.52 
208.39	385.45  
208.855	376.14 
209.32	432.02  
209.785	401.75 
210.25	406.41  
210.715	401.75 
211.18	411.06  
211.645	373.81 
212.11	459.95  
212.575	448.31 
213.04	362.17  
213.504	371.48 
213.969	357.52 
214.434	434.34 
214.899	362.17 
215.363	487.89 
215.828	418.05 
216.292	420.38 
216.757	327.25 
217.221	394.77 
217.685	494.88 
218.15	334.23  
218.614	362.17 
219.078	394.77 
219.542	387.78 
220.007	352.86 
220.471	413.39 
220.935	399.42 
221.399	425.03 
221.863	457.63 
222.327	315.61 
222.791	331.91 
223.254	385.45 
223.718	383.13 
224.182	390.11 
224.646	362.17 
225.109	415.72 
225.573	387.78 
226.037	343.55 
226.5	404.08   
226.964	455.3  
227.427	401.75 
227.89	425.03  
228.354	404.08 
228.817	336.56 
229.28	408.74  
229.744	390.11 
230.207	369.16 
230.67	359.84  
231.133	343.55 
231.596	334.23 
232.059	390.11 
232.522	359.84 
232.985	359.84 
233.448	408.74 
233.911	441.33 
234.374	334.23 
234.836	448.31 
235.299	401.75 
235.762	436.67 
236.224	452.97 
236.687	394.77 
237.149	380.8  
237.612	376.14 
238.074	366.83 
238.537	401.75 
238.999	369.16 
239.461	390.11 
239.924	373.81 
240.386	401.75 
240.848	371.48 
241.31	369.16  
241.772	418.05 
242.234	362.17 
242.696	408.74 
243.158	380.8  
243.62	425.03  
244.082	329.58 
244.544	380.8  
245.006	404.08 
245.468	427.36 
245.929	415.72 
246.391	448.31 
246.852	399.42 
247.314	480.91 
247.776	441.33 
248.237	452.97 
248.698	394.77 
249.16	376.14  
249.621	327.25 
250.082	415.72 
250.544	392.44 
251.005	387.78 
251.466	448.31 
251.927	413.39 
252.388	350.53 
252.849	418.05 
253.31	443.66  
253.771	445.99 
254.232	401.75 
254.693	462.28 
255.154	478.58 
255.615	336.56 
256.075	473.92 
256.536	371.48 
256.997	415.72 
257.457	425.03 
257.918	390.11 
258.378	380.8  
258.839	376.14 
259.299	378.47 
259.759	336.56 
260.22	413.39  
260.68	371.48  
261.14	448.31  
261.6	420.38   
262.06	371.48  
262.521	462.28 
262.981	469.27 
263.441	450.64 
263.901	399.42 
264.36	422.7   
264.82	415.72  
265.28	392.44  
265.74	359.84  
266.2	371.48   
266.659	420.38 
267.119	401.75 
267.579	390.11 
268.038	434.34 
268.498	362.17 
268.957	432.02 
269.416	408.74 
269.876	404.08 
270.335	415.72 
270.794	380.8  
271.254	369.16 
271.713	427.36 
272.172	378.47 
272.631	327.25 
273.09	436.67  
273.549	392.44 
274.008	408.74 
274.467	490.22 
274.926	422.7  
275.385	366.83 
275.843	422.7  
276.302	464.61 
276.761	415.72 
277.22	429.69  
277.678	434.34 
278.137	448.31 
278.595	394.77 
279.054	355.19 
279.512	445.99 
279.97	355.19  
280.429	413.39 
280.887	369.16 
281.345	422.7  
281.803	371.48 
282.262	427.36 
282.72	466.94  
283.178	387.78 
283.636	466.94 
284.094	394.77 
284.552	418.05 
285.01	427.36  
285.467	513.5  
285.925	413.39 
286.383	392.44 
286.841	413.39 
287.298	436.67 
287.756	436.67 
288.213	383.13 
288.671	427.36 
289.128	392.44 
289.586	394.77 
290.043	455.3  
290.5	408.74   
290.958	371.48 
291.415	408.74 
291.872	457.63 
292.329	473.92 
292.786	427.36 
293.243	511.17 
293.7	432.02   
294.157	455.3  
294.614	483.24 
295.071	394.77 
295.528	343.55 
295.985	411.06 
296.441	404.08 
296.898	445.99 
297.355	439    
297.811	422.7  
298.268	399.42 
298.724	425.03 
299.181	441.33 
299.637	492.55 
300.094	480.91 
300.55	441.33  
301.006	411.06 
301.462	369.16 
301.919	376.14 
302.375	443.66 
302.831	499.53 
303.287	459.95 
303.743	448.31 
304.199	452.97 
304.655	425.03 
305.11	415.72  
305.566	462.28 
306.022	432.02 
306.478	527.47 
306.933	406.41 
307.389	443.66 
307.845	471.6  
308.3	480.91   
308.756	411.06 
309.211	480.91 
309.666	406.41 
310.122	471.6  
310.577	499.53 
311.032	422.7  
311.487	508.85 
311.943	452.97 
312.398	392.44 
312.853	471.6  
313.308	425.03 
313.763	485.56 
314.218	434.34 
314.672	515.83 
315.127	439    
315.582	452.97 
316.037	404.08 
316.492	425.03 
316.946	406.41 
317.401	432.02 
317.855	425.03 
318.31	443.66  
318.764	466.94 
319.219	415.72 
319.673	471.6  
320.127	550.75 
320.582	406.41 
321.036	422.7  
321.49	406.41  
321.944	434.34 
322.398	445.99 
322.852	471.6  
323.306	434.34 
323.76	415.72  
324.214	406.41 
324.668	478.58 
325.122	397.09 
325.575	378.47 
326.029	387.78 
326.483	401.75 
326.936	471.6  
327.39	443.66  
327.843	480.91 
328.297	369.16 
328.75	455.3   
329.204	490.22 
329.657	425.03 
330.11	434.34  
330.564	434.34 
331.017	487.89 
331.47	457.63  
331.923	443.66 
332.376	513.5  
332.829	378.47 
333.282	425.03 
333.735	445.99 
334.188	397.09 
334.641	422.7  
335.093	462.28 
335.546	415.72 
335.999	413.39 
336.451	466.94 
336.904	406.41 
337.356	434.34 
337.809	466.94 
338.261	471.6  
338.714	455.3  
339.166	415.72 
339.618	490.22 
340.07	492.55  
340.523	406.41 
340.975	450.64 
341.427	494.88 
341.879	425.03 
342.331	455.3  
342.783	476.25 
343.235	425.03 
343.687	413.39 
344.138	471.6  
344.59	553.08  
345.042	511.17 
345.494	425.03 
345.945	462.28 
346.397	466.94 
346.848	443.66 
347.3	441.33   
347.751	443.66 
348.203	480.91 
348.654	520.49 
349.105	448.31 
349.556	434.34 
350.008	452.97 
350.459	480.91 
350.91	459.95  
351.361	487.89 
351.812	518.16 
352.263	466.94 
352.714	462.28 
353.165	425.03 
353.615	439    
354.066	448.31 
354.517	450.64 
354.968	429.69 
355.418	434.34 
355.869	413.39 
356.319	469.27 
356.77	462.28  
357.22	478.58  
357.671	429.69 
358.121	443.66 
358.571	457.63 
359.021	448.31 
359.472	443.66 
359.922	380.8  
360.372	420.38 
360.822	422.7  
361.272	441.33 
361.722	462.28 
362.172	390.11 
362.622	469.27 
363.071	406.41 
363.521	434.34 
363.971	466.94 
364.42	413.39  
364.87	415.72  
365.32	494.88  
365.769	471.6  
366.219	408.74 
366.668	536.78 
367.117	452.97 
367.567	427.36 
368.016	387.78 
368.465	492.55 
368.914	434.34 
369.363	490.22 
369.812	422.7  
370.261	406.41 
370.71	385.45  
371.159	364.5  
371.608	485.56 
372.057	541.44 
372.506	452.97 
372.955	490.22 
373.403	436.67 
373.852	492.55 
374.301	394.77 
374.749	443.66 
375.198	471.6  
375.646	376.14 
376.094	436.67 
376.543	494.88 
376.991	490.22 
377.439	499.53 
377.887	378.47 
378.336	520.49 
378.784	455.3  
379.232	397.09 
379.68	448.31  
380.128	471.6  
380.576	487.89 
381.023	399.42 
381.471	448.31 
381.919	390.11 
382.367	429.69 
382.814	420.38 
383.262	441.33 
383.71	408.74  
384.157	441.33 
384.605	427.36 
385.052	445.99 
385.499	480.91 
385.947	418.05 
386.394	476.25 
386.841	450.64 
387.288	483.24 
387.735	401.75 
388.182	445.99 
388.63	371.48  
389.076	443.66 
389.523	525.14 
389.97	473.92  
390.417	413.39 
390.864	348.2  
391.311	411.06 
391.757	513.5  
392.204	506.52 
392.651	452.97 
393.097	494.88 
393.544	413.39 
393.99	390.11  
394.436	476.25 
394.883	443.66 
395.329	422.7  
395.775	508.85 
396.221	459.95 
396.668	506.52 
397.114	452.97 
397.56	369.16  
398.006	392.44 
398.452	480.91 
398.897	485.56 
399.343	448.31 
399.789	462.28 
400.235	478.58 
400.681	397.09 
401.126	394.77 
401.572	483.24 
402.017	341.22 
402.463	448.31 
402.908	425.03 
403.354	434.34 
403.799	408.74 
404.244	415.72 
404.689	432.02 
405.135	457.63 
405.58	457.63  
406.025	422.7  
406.47	536.78  
406.915	518.16 
407.36	469.27  
407.805	455.3  
408.25	452.97  
408.694	560.06 
409.139	499.53 
409.584	425.03 
410.029	511.17 
410.473	457.63 
410.918	506.52 
411.362	494.88 
411.807	452.97 
412.251	408.74 
412.695	418.05 
413.14	480.91  
413.584	469.27 
414.028	508.85 
414.472	469.27 
414.916	515.83 
415.36	420.38  
415.804	471.6  
416.248	513.5  
416.692	513.5  
417.136	480.91 
417.58	399.42  
418.024	490.22 
418.467	492.55 
418.911	520.49 
419.355	499.53 
419.798	487.89 
420.242	504.19 
420.685	450.64 
421.128	459.95 
421.572	532.13 
422.015	550.75 
422.458	487.89 
422.902	527.47 
423.345	476.25 
423.788	557.74 
424.231	646.21 
424.674	574.03 
425.117	615.94 
425.56	571.71  
426.003	585.67 
426.445	601.97 
426.888	639.22 
427.331	674.14 
427.773	634.57 
428.216	622.92 
428.659	685.78 
429.101	695.1  
429.543	774.25 
429.986	711.39 
430.428	776.58 
430.87	797.54  
431.313	825.47 
431.755	827.8  
432.197	862.72 
432.639	904.63 
433.081	909.29 
433.523	1025.69
433.965	962.83 
434.407	1100.19
434.849	1121.15
435.291	1086.23
435.732	1200.31
436.174	1277.13
436.616	1251.52
437.057	1398.2 
437.499	1388.88
437.94	1479.68 
438.382	1465.71
438.823	1472.7 
439.264	1605.4 
439.706	1642.65
440.147	1782.34
440.588	1798.64
441.029	1884.78
441.47	1975.58 
441.911	1980.23
442.352	2105.95
442.793	2327.13
443.234	2329.46
443.675	2504.07
444.116	2627.46
444.556	2792.76
444.997	2881.23
445.438	3030.23
445.878	3072.14
446.319	3225.79
446.759	3337.54
447.199	3526.12
447.64	3577.34 
448.08	3854.39 
448.52	3898.63 
448.961	4126.79
449.401	4392.19
449.841	4459.71
450.281	4822.9 
450.721	4913.7 
451.161	5130.22
451.601	5104.61
452.041	5512.03
452.48	5712.25 
452.92	6035.87 
453.36	6038.19 
453.799	6382.76
454.239	6727.33
454.679	7013.69
455.118	7337.3 
455.557	7316.35
455.997	7558.47
456.436	7744.73
456.875	7886.74
457.315	8147.49
457.754	8364.01
458.193	8368.67
458.632	8731.86
459.071	8948.38
459.51	8799.38 
459.949	8897.16
460.388	9020.55
460.827	9076.43
461.265	9092.72
461.704	8622.44
462.143	8680.64
462.581	8461.79
463.02	8708.58 
463.458	8377.98
463.897	8324.43
464.335	8222   
464.774	7972.88
465.212	7975.21
465.65	7591.07 
466.088	7467.68
466.527	7644.62
466.965	7085.86
467.403	7078.88
467.841	6964.8 
468.279	6461.92
468.716	6466.57
469.154	6145.29
469.592	6066.13
470.03	5959.04 
470.467	5698.28
470.905	5677.33
471.343	5400.28
471.78	5505.05 
472.218	5311.81
472.655	5414.25
473.092	5234.98
473.53	4962.59 
473.967	5032.43
474.404	5011.48
474.841	4871.79
475.278	4715.81
475.716	4771.68
476.153	4694.85
476.589	4576.12
477.026	4576.12
477.463	4522.57
477.9	4541.2   
478.337	4441.09
478.773	4476.01
479.21	4527.23 
479.647	4229.22
480.083	4252.51
480.52	4296.74 
480.956	4112.82
481.392	4035.99
481.829	3896.3 
482.265	3921.91
482.701	3861.38
483.137	3921.91
483.574	3740.31
484.01	3637.87 
484.446	3607.61
484.882	3786.88
485.317	3556.39
485.753	3330.56
486.189	3451.62
486.625	3395.75
487.061	3307.28
487.496	3207.17
487.932	3055.84
488.367	3218.81
488.803	3074.46
489.238	2927.79
489.674	3041.87
490.109	2941.76
490.544	2916.15
490.979	2899.85
491.415	2827.68
491.85	2711.27 
492.285	2760.16
492.72	2681.01 
493.155	2748.52
493.59	2669.37 
494.024	2699.63
494.459	2576.24
494.894	2504.07
495.329	2406.29
495.763	2483.11
496.198	2578.57
496.632	2431.89
497.067	2490.1 
497.501	2441.21
497.936	2403.96
498.37	2392.32 
498.804	2317.82
499.238	2399.3 
499.673	2378.35
500.107	2299.19
500.541	2406.29
500.975	2420.25
501.409	2417.93
501.843	2250.3 
502.277	2373.69
502.71	2315.49 
503.144	2387.66
503.578	2268.92
504.011	2310.83
504.445	2355.07
504.878	2376.02
505.312	2324.8 
505.745	2287.55
506.179	2383   
506.612	2378.35
507.045	2350.41
507.479	2511.05
507.912	2422.58
508.345	2527.35
508.778	2450.52
509.211	2459.83
509.644	2520.36
510.077	2545.97
510.509	2571.58
510.942	2606.51
511.375	2611.16
511.808	2613.49
512.24	2753.18 
512.673	2592.54
513.105	2699.63
513.538	2757.84
513.97	2701.96 
514.403	2832.34
514.835	2739.21
515.267	2941.76
515.699	2881.23
516.131	2983.67
516.564	2955.73
516.996	3034.88
517.428	3090.76
517.859	3088.43
518.291	3009.28
518.723	3116.37
519.155	3253.73
519.587	3193.2 
520.018	3218.81
520.45	3323.57 
520.881	3386.43
521.313	3363.15
521.744	3407.39
522.176	3433   
522.607	3426.01
523.038	3437.65
523.47	3491.2  
523.901	3654.17
524.332	3777.56
524.763	3588.98
525.194	3742.64
525.625	3807.83
526.056	3782.22
526.487	3847.41
526.917	3772.91
527.348	3896.3 
527.779	4054.61
528.21	3882.33 
528.64	3849.74 
529.071	3924.24
529.501	4066.25
529.932	4117.47
530.362	3994.08
530.792	4024.35
531.222	4010.38
531.653	4289.76
532.083	4091.86
532.513	4315.37
532.943	4236.21
533.373	4164.04
533.803	4136.1 
534.233	4313.04
534.663	4303.72
535.092	4264.15
535.522	4459.71
535.952	4473.68
536.381	4231.55
536.811	4329.33
537.24	4310.71 
537.67	4445.74 
538.099	4354.94
538.529	4327.01
538.958	4478.34
539.387	4562.15
539.816	4489.98
540.245	4489.98
540.674	4452.73
541.103	4487.65
541.532	4487.65
541.961	4585.43
542.39	4524.9  
542.819	4580.77
543.248	4347.96
543.676	4715.81
544.105	4634.32
544.534	4594.74
544.962	4641.31
545.391	4590.09
545.819	4722.79
546.247	4671.57
546.676	4611.04
547.104	4662.26
547.532	4571.46
547.96	4701.84 
548.388	4741.42
548.816	4748.4 
549.244	4704.17
549.672	4799.62
550.1	4622.68  
550.528	4687.87
550.956	4678.56
551.383	4692.53
551.811	4587.76
552.238	4727.45
552.666	4722.79
553.094	4648.29
553.521	4729.78
553.948	4732.1 
554.376	4727.45
554.803	4599.4 
555.23	4785.65 
555.657	4836.87
556.084	4753.06
556.511	4638.98
556.938	4720.46
557.365	4808.93
557.792	4722.79
558.219	4736.76
558.646	4678.56
559.072	4767.03
559.499	4787.98
559.926	4739.09
560.352	4755.39
560.779	4694.85
561.205	4762.37
561.632	4669.24
562.058	4762.37
562.484	4685.54
562.91	4878.78 
563.337	4923.01
563.763	4750.73
564.189	4792.64
564.615	4883.43
565.041	4799.62
565.466	4899.73
565.892	4771.68
566.318	4732.1 
566.744	4801.95
567.169	4755.39
567.595	4673.9 
568.021	4801.95
568.446	4715.81
568.872	4825.23
569.297	4722.79
569.722	4776.34
570.148	4746.07
570.573	4732.1 
570.998	4669.24
571.423	4757.71
571.848	4534.21
572.273	4592.41
572.698	4604.06
573.123	4531.88
573.548	4385.21
573.973	4455.05
574.397	4422.46
574.822	4452.73
575.247	4420.13
575.671	4487.65
576.096	4294.41
576.52	4417.8  
576.944	4268.8 
577.369	4345.63
577.793	4250.18
578.217	4203.61
578.641	4313.04
579.065	4266.47
579.49	4219.91 
579.914	4289.76
580.337	4275.79
580.761	4152.4 
581.185	4287.43
581.609	4236.21
582.033	4070.91
582.456	4096.52
582.88	4157.05 
583.303	4317.69
583.727	4077.89
584.15	3980.11 
584.574	4008.05
584.997	4038.32
585.42	4103.5  
585.844	3998.74
586.267	4070.91
586.69	4024.35 
587.113	4029   
587.536	3917.25
587.959	4145.41
588.382	3900.96
588.804	3817.14
589.227	3912.6 
589.65	3861.38 
590.073	3812.49
590.495	3849.74
590.918	3756.61
591.34	3793.86 
591.763	3828.78
592.185	3642.53
592.607	3800.84
593.03	3768.25 
593.452	3758.94
593.874	3775.24
594.296	3761.27
594.718	3682.11
595.14	3609.94 
595.562	3568.03
595.984	3698.41
596.406	3728.67
596.827	3623.91
597.249	3665.81
597.671	3640.2 
598.092	3630.89
598.514	3684.44
598.935	3686.77
599.357	3651.84
599.778	3761.27
600.199	3737.98
600.621	3703.06
601.042	3621.58
601.463	3640.2 
601.884	3705.39
602.305	3754.28
602.726	3782.22
603.147	3677.45
603.568	3742.64
603.988	3784.55
604.409	3700.73
604.83	3626.23 
605.25	3696.08 
605.671	3616.92
606.092	3647.19
606.512	3651.84
606.932	3558.72
607.353	3421.36
607.773	3414.37
608.193	3665.81
608.613	3449.29
609.034	3444.64
609.454	3381.78
609.874	3409.72
610.293	3330.56
610.713	3465.59
611.133	3323.57
611.553	3328.23
611.973	3235.11
612.392	3134.99
612.812	3225.79
613.231	3137.32
613.651	3176.9 
614.07	3027.9  
614.49	3186.21 
614.909	3069.81
615.328	3132.67
615.747	2974.35
616.167	2895.2 
616.586	2937.1 
617.005	2832.34
617.424	2944.09
617.843	2995.31
618.261	2848.63
618.68	2832.34 
619.099	2746.19
619.518	2820.7 
619.936	2855.62
620.355	2778.79
620.773	2732.23
621.192	2718.26
621.61	2736.88 
622.029	2632.12
622.447	2701.96
622.865	2608.83
623.283	2420.25
623.701	2545.97
624.119	2562.27
624.537	2504.07
624.955	2532   
625.373	2522.69
625.791	2492.43
626.209	2466.82
626.627	2387.66
627.044	2490.1 
627.462	2387.66
627.879	2455.18
628.297	2336.44
628.714	2268.92
629.132	2348.08
629.549	2450.52
629.966	2376.02
630.383	2280.57
630.8	2245.64  
631.217	2145.53
631.634	2229.35
632.051	2192.1 
632.468	2159.5 
632.885	2094.31
633.302	2240.99
633.719	2231.67
634.135	2152.52
634.552	2052.41
634.969	2066.38
635.385	2101.3 
635.801	2087.33
636.218	2015.16
636.634	2087.33
637.05	1940.66 
637.467	2115.27
637.883	1922.03
638.299	1956.95
638.715	2043.09
639.131	1873.14
639.547	1754.4 
639.963	1812.61
640.378	1842.87
640.794	1863.83
641.21	1870.81 
641.626	1798.64
642.041	1807.95
642.457	1707.84
642.872	1796.31
643.287	1773.03
643.703	1754.4 
644.118	1731.12
644.533	1705.51
644.948	1712.5 
645.364	1789.33
645.779	1724.14
646.194	1814.94
646.609	1665.93
647.023	1628.68
647.438	1740.44
647.853	1731.12
648.268	1703.18
648.682	1675.25
649.097	1661.28
649.511	1651.97
649.926	1628.68
650.34	1675.25 
650.755	1577.46
651.169	1523.92
651.583	1621.7 
651.997	1521.59
652.411	1563.5 
652.825	1468.04
653.239	1551.86
653.653	1479.68
654.067	1519.26
654.481	1530.9 
654.895	1551.86
655.309	1430.79
655.722	1502.96
656.136	1475.03
656.549	1440.1 
656.963	1384.23
657.376	1468.04
657.79	1319.04 
658.203	1491.32
658.616	1416.82
659.029	1412.17
659.442	1407.51
659.855	1421.48
660.268	1395.87
660.681	1326.03
661.094	1412.17
661.507	1395.87
661.92	1370.26 
662.333	1270.15
662.745	1337.67
663.158	1305.07
663.57	1270.15 
663.983	1237.56
664.395	1221.26
664.808	1328.35
665.22	1242.21 
665.632	1197.98
666.044	1214.27
666.456	1223.59
666.868	1207.29
667.28	1184.01 
667.692	1174.7 
668.104	1281.79
668.516	1170.04
668.928	1239.88
669.34	1135.12 
669.751	1116.49
670.163	1067.6 
670.574	1170.04
670.986	1144.43
671.397	1204.96
671.809	1088.55
672.22	1058.29 
672.631	1076.91
673.042	1116.49
673.453	1151.41
673.864	1083.9 
674.275	1072.26
674.686	1025.69
675.097	1046.65
675.508	1048.98
675.919	1086.23
676.33	1079.24 
676.74	1051.3  
677.151	965.16 
677.561	997.76 
677.972	1086.23
678.382	976.8  
678.792	1014.05
679.203	960.51 
679.613	1041.99
680.023	1002.41
680.433	981.46 
680.843	939.55 
681.253	911.61 
681.663	953.52 
682.073	955.85 
682.483	853.41 
682.893	897.65 
683.302	925.58 
683.712	932.57 
684.122	890.66 
684.531	858.07 
684.94	802.19  
685.35	848.75  
685.759	855.74 
686.168	872.04 
686.578	869.71 
686.987	920.93 
687.396	846.43 
687.805	888.33 
688.214	876.69 
688.623	806.85 
689.032	799.86 
689.44	809.18  
689.849	825.47 
690.258	827.8  
690.666	760.29 
691.075	743.99 
691.484	799.86 
691.892	834.79 
692.3	776.58   
692.709	755.63 
693.117	813.83 
693.525	771.93 
693.933	806.85 
694.341	802.19 
694.749	767.27 
695.157	755.63 
695.565	697.43 
695.973	741.66 
696.381	781.24 
696.788	620.6  
697.196	813.83 
697.604	734.68 
698.011	783.57 
698.419	674.14 
698.826	750.97 
699.234	685.78 
699.641	781.24 
700.048	669.49 
700.455	713.72 
700.862	676.47 
701.269	653.19 
701.676	655.52 
702.083	655.52 
702.49	671.82  
702.897	681.13 
703.304	650.86 
703.71	690.44  
704.117	597.32 
704.524	711.39 
704.93	711.39  
705.337	664.83 
705.743	771.93 
706.149	692.77 
706.556	704.41 
706.962	653.19 
707.368	639.22 
707.774	678.8  
708.18	662.5   
708.586	615.94 
708.992	641.55 
709.398	629.91 
709.804	688.11 
710.209	562.39 
710.615	562.39 
711.021	655.52 
711.426	546.1  
711.832	650.86 
712.237	690.44 
712.642	657.85 
713.048	583.35 
713.453	597.32 
713.858	576.36 
714.263	557.74 
714.668	560.06 
715.073	620.6  
715.478	636.89 
715.883	581.02 
716.288	608.96 
716.693	650.86 
717.097	667.16 
717.502	569.38 
717.906	657.85 
718.311	690.44 
718.715	515.83 
719.12	643.88  
719.524	571.71 
719.928	569.38 
720.333	562.39 
720.737	606.63 
721.141	576.36 
721.545	527.47 
721.949	557.74 
722.353	601.97 
722.757	613.61 
723.16	501.86  
723.564	564.72 
723.968	585.67 
724.371	569.38 
724.775	492.55 
725.178	571.71 
725.582	578.69 
725.985	534.46 
726.388	613.61 
726.792	539.11 
727.195	560.06 
727.598	548.42 
728.001	522.81 
728.404	520.49 
728.807	492.55 
729.21	576.36  
729.612	585.67 
730.015	571.71 
730.418	562.39 
730.82	525.14  
731.223	567.05 
731.625	548.42 
732.028	555.41 
732.43	527.47  
732.833	555.41 
733.235	506.52 
733.637	529.8  
734.039	550.75 
734.441	471.6  
734.843	578.69 
735.245	504.19 
735.647	459.95 
736.049	520.49 
736.451	434.34 
736.852	497.2  
737.254	487.89 
737.655	499.53 
738.057	534.46 
738.458	434.34 
738.86	597.32  
739.261	466.94 
739.662	457.63 
740.064	513.5  
740.465	476.25 
740.866	534.46 
741.267	501.86 
741.668	436.67 
742.069	534.46 
742.469	483.24 
742.87	485.56  
743.271	487.89 
743.672	459.95 
744.072	555.41 
744.473	450.64 
744.873	432.02 
745.274	522.81 
745.674	499.53 
746.074	541.44 
746.474	490.22 
746.875	508.85 
747.275	506.52 
747.675	532.13 
748.075	492.55 
748.474	485.56 
748.874	480.91 
749.274	518.16 
749.674	511.17 
750.073	478.58 
750.473	497.2  
750.873	499.53 
751.272	471.6  
751.671	515.83 
752.071	490.22 
752.47	466.94  
752.869	485.56 
753.268	452.97 
753.668	508.85 
754.067	550.75 
754.466	506.52 
754.864	483.24 
755.263	411.06 
755.662	397.09 
756.061	436.67 
756.459	476.25 
756.858	492.55 
757.257	539.11 
757.655	448.31 
758.053	455.3  
758.452	478.58 
758.85	459.95  
759.248	478.58 
759.646	445.99 
760.045	581.02 
760.443	508.85 
760.841	462.28 
761.238	429.69 
761.636	529.8  
762.034	452.97 
762.432	476.25 
762.829	443.66 
763.227	459.95 
763.625	539.11 
764.022	415.72 
764.419	487.89 
764.817	462.28 
765.214	490.22 
765.611	473.92 
766.008	462.28 
766.406	508.85 
766.803	452.97 
767.199	429.69 
767.596	501.86 
767.993	466.94 
768.39	420.38  
768.787	508.85 
769.183	422.7  
769.58	492.55  
769.977	418.05 
770.373	436.67 
770.769	480.91 
771.166	434.34 
771.562	511.17 
771.958	385.45 
772.354	432.02 
772.75	452.97  
773.146	415.72 
773.542	464.61 
773.938	508.85 
774.334	439    
774.73	452.97  
775.126	387.78 
775.521	464.61 
775.917	392.44 
776.312	418.05 
776.708	550.75 
777.103	471.6  
777.499	436.67 
777.894	483.24 
778.289	506.52 
778.684	408.74 
779.079	439    
779.474	455.3  
779.869	455.3  
780.264	415.72 
780.659	432.02 
781.054	450.64 
781.448	483.24 
781.843	450.64 
782.238	476.25 
782.632	425.03 
783.027	420.38 
783.421	427.36 
783.815	425.03 
784.21	450.64  
784.604	504.19 
784.998	390.11 
785.392	515.83 
785.786	401.75 
786.18	443.66  
786.574	422.7  
786.968	394.77 
787.361	397.09 
787.755	404.08 
788.149	485.56 
788.542	443.66 
788.936	420.38 
789.329	420.38 
789.722	457.63 
790.116	483.24 
790.509	434.34 
790.902	427.36 
791.295	362.17 
791.688	445.99 
792.081	385.45 
792.474	397.09 
792.867	436.67 
793.26	487.89  
793.653	418.05 
794.045	425.03 
794.438	434.34 
794.83	380.8   
795.223	443.66 
795.615	436.67 
796.008	415.72 
796.4	452.97   
796.792	445.99 
797.184	490.22 
797.576	399.42 
797.968	415.72 
798.36	485.56  
798.752	422.7  
799.144	457.63 
799.536	432.02 
799.928	443.66 
800.319	427.36 
800.711	420.38 
801.102	408.74 
801.494	443.66 
801.885	397.09 
802.276	399.42 
802.668	455.3  
803.059	422.7  
803.45	387.78  
803.841	443.66 
804.232	408.74 
804.623	473.92 
805.014	359.84 
805.405	462.28 
805.795	387.78 
806.186	445.99 
806.577	445.99 
806.967	401.75 
807.358	401.75 
807.748	439    
808.139	390.11 
808.529	506.52 
808.919	487.89 
809.309	483.24 
809.699	399.42 
810.089	418.05 
810.479	476.25 
810.869	471.6  
811.259	390.11 
811.649	441.33 
812.039	473.92 
812.428	408.74 
812.818	504.19 
813.207	464.61 
813.597	462.28 
813.986	427.36 
814.376	436.67 
814.765	492.55 
815.154	427.36 
815.543	504.19 
815.932	450.64 
816.321	459.95 
816.71	413.39  
817.099	427.36 
817.488	445.99 
817.877	462.28 
818.265	448.31 
818.654	494.88 
819.043	385.45 
819.431	445.99 
819.819	480.91 
820.208	473.92 
820.596	455.3  
820.984	434.34 
821.372	390.11 
821.761	471.6  
822.149	445.99 
822.537	348.2  
822.924	434.34 
823.312	352.86 
823.7	462.28   
824.088	366.83 
824.475	392.44 
824.863	411.06 
825.251	464.61 
825.638	345.88 
826.025	485.56 
826.413	450.64 
826.8	404.08   
827.187	376.14 
827.574	478.58 
827.961	441.33 
828.348	336.56 
828.735	457.63 
829.122	443.66 
829.509	415.72 
829.896	369.16 
830.282	427.36 
830.669	455.3  
831.055	429.69 
831.442	452.97 
831.828	452.97 
832.215	385.45 
832.601	422.7  
832.987	450.64 
833.373	401.75 
833.759	476.25 
834.145	397.09 
834.531	471.6  
834.917	355.19 
835.303	408.74 
835.689	371.48 
836.074	462.28 
836.46	378.47  
836.846	390.11 
837.231	436.67 
837.617	422.7  
838.002	522.81 
838.387	439    
838.772	408.74 
839.158	362.17 
839.543	466.94 
839.928	362.17 
840.313	399.42 
840.698	390.11 
841.082	441.33 
841.467	404.08 
841.852	399.42 
842.237	408.74 
842.621	469.27 
843.006	466.94 
843.39	471.6   
843.774	362.17 
844.159	418.05 
844.543	457.63 
844.927	436.67 
845.311	425.03 
845.695	399.42 
846.079	413.39 
846.463	404.08 
846.847	432.02 
847.231	392.44 
847.615	413.39 
847.998	415.72 
848.382	387.78 
848.765	387.78 
849.149	422.7  
849.532	364.5  
849.916	476.25 
850.299	397.09 
850.682	327.25 
851.065	415.72 
851.448	441.33 
851.831	408.74 
852.214	494.88 
852.597	394.77 
852.98	485.56  
853.363	452.97 
853.745	501.86 
854.128	385.45 
854.51	401.75  
854.893	459.95 
855.275	383.13 
855.658	399.42 
856.04	480.91  
856.422	413.39 
856.804	439    
857.186	348.2  
857.568	404.08 
857.95	476.25  
858.332	392.44 
858.714	469.27 
859.096	415.72 
859.477	439    
859.859	329.58 
860.24	422.7   
860.622	476.25 
861.003	359.84 
861.385	394.77 
861.766	345.88 
862.147	485.56 
862.528	390.11 
862.909	476.25 
863.29	411.06  
863.671	380.8  
864.052	441.33 
864.433	450.64 
864.814	473.92 
865.194	394.77 
865.575	357.52 
865.955	434.34 
866.336	425.03 
866.716	520.49 
867.097	397.09 
867.477	448.31 
867.857	387.78 
868.237	397.09 
868.617	497.2  
868.997	387.78 
869.377	394.77 
869.757	387.78 
870.137	415.72 
870.517	485.56 
870.896	355.19 
871.276	359.84 
871.655	425.03 
872.035	434.34 
872.414	436.67 
872.794	380.8  
873.173	387.78 
873.552	387.78 
873.931	499.53 
874.31	418.05  
874.689	441.33 
875.068	448.31 
875.447	415.72 
875.826	466.94 
876.205	371.48 
876.583	331.91 
876.962	418.05 
877.341	406.41 
877.719	525.14 
878.097	422.7  
878.476	415.72 
878.854	464.61 
879.232	448.31 
879.61	415.72  
879.988	448.31 
880.366	420.38 
880.744	539.11 
881.122	483.24 
881.5	452.97   
881.878	445.99 
882.255	455.3  
882.633	380.8  
883.011	404.08 
883.388	401.75 
883.765	408.74 
884.143	436.67 
884.52	413.39  
884.897	387.78 
885.274	422.7  
885.651	399.42 
886.028	459.95 
886.405	476.25 
886.782	415.72 
887.159	429.69 
887.536	455.3  
887.912	425.03 
888.289	404.08 
888.665	378.47 
889.042	464.61 
889.418	376.14 
889.794	364.5  
890.171	480.91 
890.547	425.03 
890.923	399.42 
891.299	448.31 
891.675	422.7  
892.051	369.16 
892.427	392.44 
892.803	436.67 
893.178	445.99 
893.554	457.63 
893.929	429.69 
894.305	394.77 
894.68	408.74  
895.056	380.8  
895.431	343.55 
895.806	497.2  
896.181	331.91 
896.557	511.17 
896.932	371.48 
897.307	473.92 
897.681	350.53 
898.056	429.69 
898.431	390.11 
898.806	422.7  
899.18	422.7   
899.555	373.81 
899.929	376.14 
900.304	390.11 
900.678	452.97 
901.052	411.06 
901.427	464.61 
901.801	415.72 
902.175	422.7  
902.549	392.44 
902.923	366.83 
903.297	366.83 
903.67	476.25  
904.044	439    
904.418	408.74 
904.791	415.72 
905.165	494.88 
905.538	427.36 
905.912	436.67 
906.285	338.89 
906.658	462.28 
907.032	487.89 
907.405	380.8  
907.778	348.2  
908.151	397.09 
908.524	373.81 
908.896	494.88 
909.269	408.74 
909.642	425.03 
910.015	425.03 
910.387	464.61 
910.76	422.7   
911.132	404.08 
911.504	462.28 
911.877	443.66 
912.249	380.8  
912.621	448.31 
912.993	420.38 
913.365	452.97 
913.737	415.72 
914.109	445.99 
914.481	455.3  
914.853	473.92 
915.224	420.38 
915.596	439    
915.968	459.95 
916.339	441.33 
916.71	450.64  
917.082	399.42 
917.453	445.99 
917.824	457.63 
918.195	383.13 
918.566	378.47 
918.937	394.77 
919.308	385.45 
919.679	418.05 
920.05	478.58  
920.421	420.38 
920.791	457.63 
921.162	439    
921.532	371.48 
921.903	373.81 
922.273	413.39 
922.644	492.55 
923.014	427.36 
923.384	478.58 
923.754	422.7  
924.124	457.63 
924.494	399.42 
924.864	445.99 
925.234	457.63 
925.604	411.06 
925.973	473.92 
926.343	404.08 
926.712	390.11 
927.082	399.42 
927.451	390.11 
927.821	427.36 
928.19	480.91  
928.559	418.05 
928.928	413.39 
929.297	380.8  
929.666	366.83 
930.035	452.97 
930.404	390.11 
930.773	397.09 
931.142	441.33 
931.51	331.91  
931.879	401.75 
932.247	385.45 
932.616	429.69 
932.984	345.88 
933.353	443.66 
933.721	478.58 
934.089	434.34 
934.457	427.36 
934.825	422.7  
935.193	434.34 
935.561	373.81 
935.929	443.66 
936.296	399.42 
936.664	443.66 
937.032	345.88 
937.399	436.67 
937.767	373.81 
938.134	525.14 
938.501	359.84 
938.869	450.64 
939.236	487.89 
939.603	464.61 
939.97	494.88  
940.337	443.66 
940.704	476.25 
941.071	452.97 
941.438	413.39 
941.804	371.48 
942.171	401.75 
942.538	501.86 
942.904	425.03 
943.27	434.34  
943.637	441.33 
944.003	432.02 
944.369	343.55 
944.735	448.31 
945.102	429.69 
945.468	406.41 
945.833	429.69 
946.199	408.74 
946.565	511.17 
946.931	483.24 
947.296	462.28 
947.662	408.74 
948.028	492.55 
948.393	422.7  
948.758	348.2  
949.124	401.75 
949.489	422.7  
949.854	422.7  
950.219	429.69 
950.584	485.56 
950.949	427.36 
951.314	383.13 
951.679	373.81 
952.044	469.27 
952.408	445.99 
952.773	390.11 
953.137	436.67 
953.502	455.3  
953.866	397.09 
954.231	422.7  
954.595	418.05 
954.959	432.02 
955.323	408.74 
955.687	406.41 
956.051	471.6  
956.415	385.45 
956.779	466.94 
957.143	394.77 
957.506	397.09 
957.87	406.41  
958.234	331.91 
958.597	464.61 
958.961	504.19 
959.324	443.66 
959.687	406.41 
960.05	392.44  
960.413	422.7  
960.776	497.2  
961.139	494.88 
961.502	350.53 
961.865	455.3  
962.228	420.38 
962.591	397.09 
962.953	487.89 
963.316	420.38 
963.678	390.11 
964.041	450.64 
964.403	420.38 
964.765	420.38 
965.128	469.27 
965.49	394.77  
965.852	364.5  
966.214	469.27 
966.576	399.42 
966.938	420.38 
967.299	480.91 
967.661	455.3  
968.023	415.72 
968.384	441.33 
968.746	385.45 
969.107	397.09 
969.469	422.7  
969.83	411.06  
970.191	425.03 
970.552	452.97 
970.913	448.31 
971.274	452.97 
971.635	371.48 
971.996	434.34 
972.357	425.03 
972.718	376.14 
973.078	415.72 
973.439	445.99 
973.8	378.47   
974.16	359.84  
974.52	494.88  
974.881	397.09 
975.241	432.02 
975.601	397.09 
975.961	466.94 
976.321	394.77 
976.681	513.5  
977.041	425.03 
977.401	471.6  
977.76	427.36  
978.12	425.03  
978.48	385.45  
978.839	425.03 
979.199	452.97 
979.558	455.3  
979.917	373.81 
980.277	322.59 
980.636	420.38 
980.995	415.72 
981.354	436.67 
981.713	394.77 
982.072	369.16 
982.43	404.08  
982.789	415.72 
983.148	432.02 
983.506	448.31 
983.865	439    
984.223	369.16 
984.582	448.31 
984.94	466.94  
985.298	422.7  
985.656	478.58 
986.015	387.78 
986.373	432.02 
986.731	380.8  
987.088	415.72 
987.446	392.44 
987.804	429.69 
988.162	462.28 
988.519	366.83 
988.877	373.81 
989.234	408.74 
989.591	399.42 
989.949	462.28 
990.306	364.5  
990.663	366.83 
991.02	329.58  
991.377	436.67 
991.734	383.13 
992.091	413.39 
992.448	406.41 
992.805	369.16 
993.161	450.64 
993.518	492.55 
993.874	476.25 
994.231	434.34 
994.587	383.13 
994.943	387.78 
995.3	352.86   
995.656	497.2  
996.012	434.34 
996.368	362.17 
996.724	406.41 
997.08	483.24  
997.435	345.88 
997.791	411.06 
998.147	413.39 
998.502	429.69 
998.858	459.95 
999.213	497.2  
999.569	362.17 
999.924	387.78 
1000.279	390.11
1000.634	429.69
1000.989	406.41
1001.344	418.05
1001.699	457.63
1002.054	385.45
1002.409	432.02
1002.764	411.06
1003.118	436.67
1003.473	343.55
1003.827	415.72
1004.182	387.78
1004.536	441.33
1004.89	418.05 
1005.245	376.14
1005.599	429.69
1005.953	401.75
1006.307	518.16
1006.661	427.36
1007.015	443.66
1007.368	385.45
1007.722	459.95
1008.076	345.88
1008.429	497.2 
1008.783	359.84
1009.136	378.47
1009.489	425.03
1009.843	404.08
1010.196	429.69
1010.549	434.34
1010.902	411.06
1011.255	504.19
1011.608	439   
1011.961	343.55
1012.313	448.31
1012.666	455.3 
1013.019	441.33
1013.371	352.86
1013.724	404.08
1014.076	487.89
1014.428	394.77
1014.781	401.75
1015.133	413.39
1015.485	401.75
1015.837	401.75
1016.189	397.09
1016.541	385.45
1016.893	448.31
1017.244	394.77
1017.596	413.39
1017.947	420.38
1018.299	350.53
1018.65	427.36 
1019.002	434.34
1019.353	439   
1019.704	441.33
1020.055	415.72
1020.407	422.7 
1020.758	439   
1021.108	385.45
1021.459	401.75
1021.81	415.72 
1022.161	420.38
1022.511	436.67
1022.862	415.72
1023.213	436.67
1023.563	387.78
1023.913	441.33
1024.264	399.42
1024.614	406.41
1024.964	404.08
1025.314	425.03
1025.664	434.34
1026.014	385.45
1026.364	494.88
1026.713	466.94
1027.063	373.81
1027.413	364.5 
1027.762	425.03
1028.112	418.05
1028.461	408.74
1028.81	404.08 
1029.16	427.36 
1029.509	476.25
1029.858	427.36
1030.207	469.27
1030.556	434.34
1030.905	441.33
1031.254	371.48
1031.602	432.02
1031.951	359.84
1032.3	443.66  
1032.648	331.91
1032.996	331.91
1033.345	331.91