187.879	-75.08  
188.346	-75.08  
188.813	-75.08  
189.28	-103.02  
189.747	-77.41  
190.214	-128.63 
190.681	-26.19  
191.148	-42.49  
191.614	-77.41  
192.081	-61.11  
192.548	-100.69 
193.014	-26.19  
193.481	13.39   
193.948	-9.89   
194.414	-5.24   
194.881	-2.91   
195.347	-12.22  
195.813	73.92   
196.28	90.22    
196.746	129.79  
197.212	185.67  
197.678	171.7   
198.145	164.72  
198.611	153.08  
199.077	313.72  
199.543	215.94  
200.009	283.45  
200.475	264.83  
200.941	306.73  
201.407	297.42  
201.873	323.03  
202.338	227.58  
202.804	320.7   
203.27	369.59   
203.735	290.44  
204.201	390.55  
204.667	339.33  
205.132	334.67  
205.598	367.27  
206.063	416.16  
206.529	337     
206.994	432.45  
207.459	364.94  
207.925	418.48  
208.39	432.45   
208.855	406.84  
209.32	437.11   
209.785	425.47  
210.25	392.87   
210.715	371.92  
211.18	409.17   
211.645	406.84  
212.11	362.61   
212.575	378.91  
213.04	444.09   
213.504	392.87  
213.969	404.52  
214.434	397.53  
214.899	390.55  
215.363	390.55  
215.828	360.28  
216.292	362.61  
216.757	399.86  
217.221	327.69  
217.685	406.84  
218.15	409.17   
218.614	364.94  
219.078	406.84  
219.542	318.37  
220.007	362.61  
220.471	360.28  
220.935	364.94  
221.399	413.83  
221.863	388.22  
222.327	355.62  
222.791	357.95  
223.254	346.31  
223.718	437.11  
224.182	371.92  
224.646	355.62  
225.109	353.3   
225.573	397.53  
226.037	364.94  
226.5	327.69    
226.964	383.56  
227.427	406.84  
227.89	395.2    
228.354	383.56  
228.817	383.56  
229.28	392.87   
229.744	418.48  
230.207	353.3   
230.67	374.25   
231.133	374.25  
231.596	406.84  
232.059	392.87  
232.522	448.75  
232.985	346.31  
233.448	369.59  
233.911	381.23  
234.374	341.66  
234.836	458.06  
235.299	309.06  
235.762	348.64  
236.224	439.44  
236.687	409.17  
237.149	416.16  
237.612	304.41  
238.074	376.58  
238.537	392.87  
238.999	397.53  
239.461	357.95  
239.924	381.23  
240.386	409.17  
240.848	392.87  
241.31	390.55   
241.772	367.27  
242.234	355.62  
242.696	411.5   
243.158	434.78  
243.62	341.66   
244.082	325.36  
244.544	406.84  
245.006	360.28  
245.468	316.05  
245.929	343.98  
246.391	364.94  
246.852	446.42  
247.314	325.36  
247.776	360.28  
248.237	369.59  
248.698	416.16  
249.16	402.19   
249.621	430.13  
250.082	399.86  
250.544	376.58  
251.005	376.58  
251.466	355.62  
251.927	425.47  
252.388	402.19  
252.849	418.48  
253.31	390.55   
253.771	369.59  
254.232	455.73  
254.693	383.56  
255.154	383.56  
255.615	383.56  
256.075	357.95  
256.536	397.53  
256.997	439.44  
257.457	411.5   
257.918	416.16  
258.378	413.83  
258.839	339.33  
259.299	323.03  
259.759	341.66  
260.22	376.58   
260.68	339.33   
261.14	357.95   
261.6	390.55    
262.06	418.48   
262.521	348.64  
262.981	381.23  
263.441	339.33  
263.901	416.16  
264.36	327.69   
264.82	418.48   
265.28	341.66   
265.74	362.61   
266.2	348.64    
266.659	425.47  
267.119	355.62  
267.579	460.39  
268.038	402.19  
268.498	385.89  
268.957	348.64  
269.416	355.62  
269.876	325.36  
270.335	364.94  
270.794	418.48  
271.254	399.86  
271.713	434.78  
272.172	425.47  
272.631	383.56  
273.09	402.19   
273.549	397.53  
274.008	409.17  
274.467	399.86  
274.926	416.16  
275.385	337     
275.843	418.48  
276.302	360.28  
276.761	430.13  
277.22	399.86   
277.678	411.5   
278.137	369.59  
278.595	385.89  
279.054	355.62  
279.512	430.13  
279.97	453.41   
280.429	385.89  
280.887	371.92  
281.345	532.56  
281.803	406.84  
282.262	413.83  
282.72	353.3    
283.178	406.84  
283.636	355.62  
284.094	390.55  
284.552	390.55  
285.01	392.87   
285.467	362.61  
285.925	318.37  
286.383	383.56  
286.841	318.37  
287.298	374.25  
287.756	434.78  
288.213	434.78  
288.671	444.09  
289.128	420.81  
289.586	416.16  
290.043	427.8   
290.5	376.58    
290.958	455.73  
291.415	425.47  
291.872	399.86  
292.329	406.84  
292.786	418.48  
293.243	392.87  
293.7	404.52    
294.157	364.94  
294.614	385.89  
295.071	402.19  
295.528	299.75  
295.985	446.42  
296.441	364.94  
296.898	427.8   
297.355	392.87  
297.811	434.78  
298.268	444.09  
298.724	397.53  
299.181	425.47  
299.637	355.62  
300.094	451.08  
300.55	432.45   
301.006	413.83  
301.462	395.2   
301.919	472.03  
302.375	395.2   
302.831	423.14  
303.287	399.86  
303.743	418.48  
304.199	371.92  
304.655	395.2   
305.11	423.14   
305.566	374.25  
306.022	406.84  
306.478	411.5   
306.933	446.42  
307.389	409.17  
307.845	472.03  
308.3	423.14    
308.756	462.72  
309.211	374.25  
309.666	369.59  
310.122	455.73  
310.577	437.11  
311.032	395.2   
311.487	374.25  
311.943	427.8   
312.398	448.75  
312.853	430.13  
313.308	432.45  
313.763	406.84  
314.218	416.16  
314.672	397.53  
315.127	462.72  
315.582	446.42  
316.037	399.86  
316.492	348.64  
316.946	437.11  
317.401	385.89  
317.855	416.16  
318.31	425.47   
318.764	423.14  
319.219	416.16  
319.673	483.67  
320.127	385.89  
320.582	362.61  
321.036	390.55  
321.49	353.3    
321.944	504.63  
322.398	395.2   
322.852	392.87  
323.306	416.16  
323.76	397.53   
324.214	434.78  
324.668	446.42  
325.122	392.87  
325.575	451.08  
326.029	404.52  
326.483	399.86  
326.936	439.44  
327.39	425.47   
327.843	390.55  
328.297	404.52  
328.75	383.56   
329.204	383.56  
329.657	451.08  
330.11	402.19   
330.564	451.08  
331.017	392.87  
331.47	444.09   
331.923	455.73  
332.376	397.53  
332.829	455.73  
333.282	397.53  
333.735	390.55  
334.188	499.97  
334.641	432.45  
335.093	434.78  
335.546	427.8   
335.999	369.59  
336.451	390.55  
336.904	404.52  
337.356	399.86  
337.809	411.5   
338.261	451.08  
338.714	416.16  
339.166	427.8   
339.618	355.62  
340.07	420.81   
340.523	460.39  
340.975	367.27  
341.427	388.22  
341.879	509.28  
342.331	462.72  
342.783	432.45  
343.235	367.27  
343.687	479.02  
344.138	469.7   
344.59	362.61   
345.042	460.39  
345.494	451.08  
345.945	399.86  
346.397	413.83  
346.848	425.47  
347.3	423.14    
347.751	399.86  
348.203	402.19  
348.654	432.45  
349.105	371.92  
349.556	404.52  
350.008	397.53  
350.459	397.53  
350.91	413.83   
351.361	425.47  
351.812	418.48  
352.263	483.67  
352.714	399.86  
353.165	381.23  
353.615	455.73  
354.066	411.5   
354.517	416.16  
354.968	430.13  
355.418	476.69  
355.869	420.81  
356.319	458.06  
356.77	390.55   
357.22	472.03   
357.671	462.72  
358.121	434.78  
358.571	448.75  
359.021	411.5   
359.472	460.39  
359.922	418.48  
360.372	469.7   
360.822	374.25  
361.272	420.81  
361.722	469.7   
362.172	444.09  
362.622	404.52  
363.071	420.81  
363.521	420.81  
363.971	465.05  
364.42	330.01   
364.87	465.05   
365.32	486      
365.769	378.91  
366.219	430.13  
366.668	446.42  
367.117	397.53  
367.567	416.16  
368.016	460.39  
368.465	434.78  
368.914	444.09  
369.363	362.61  
369.812	418.48  
370.261	385.89  
370.71	413.83   
371.159	437.11  
371.608	430.13  
372.057	397.53  
372.506	395.2   
372.955	413.83  
373.403	397.53  
373.852	434.78  
374.301	413.83  
374.749	371.92  
375.198	334.67  
375.646	455.73  
376.094	455.73  
376.543	446.42  
376.991	420.81  
377.439	425.47  
377.887	444.09  
378.336	402.19  
378.784	383.56  
379.232	416.16  
379.68	441.77   
380.128	362.61  
380.576	388.22  
381.023	402.19  
381.471	376.58  
381.919	455.73  
382.367	434.78  
382.814	404.52  
383.262	420.81  
383.71	409.17   
384.157	420.81  
384.605	432.45  
385.052	423.14  
385.499	406.84  
385.947	420.81  
386.394	411.5   
386.841	353.3   
387.288	423.14  
387.735	441.77  
388.182	430.13  
388.63	444.09   
389.076	383.56  
389.523	404.52  
389.97	371.92   
390.417	430.13  
390.864	413.83  
391.311	462.72  
391.757	413.83  
392.204	416.16  
392.651	374.25  
393.097	399.86  
393.544	460.39  
393.99	460.39   
394.436	432.45  
394.883	416.16  
395.329	481.34  
395.775	423.14  
396.221	367.27  
396.668	395.2   
397.114	441.77  
397.56	423.14   
398.006	409.17  
398.452	418.48  
398.897	432.45  
399.343	469.7   
399.789	423.14  
400.235	402.19  
400.681	402.19  
401.126	367.27  
401.572	367.27  
402.017	381.23  
402.463	453.41  
402.908	444.09  
403.354	437.11  
403.799	404.52  
404.244	397.53  
404.689	427.8   
405.135	455.73  
405.58	448.75   
406.025	427.8   
406.47	474.36   
406.915	458.06  
407.36	374.25   
407.805	518.59  
408.25	416.16   
408.694	476.69  
409.139	397.53  
409.584	472.03  
410.029	423.14  
410.473	339.33  
410.918	392.87  
411.362	385.89  
411.807	492.99  
412.251	390.55  
412.695	465.05  
413.14	448.75   
413.584	427.8   
414.028	476.69  
414.472	430.13  
414.916	425.47  
415.36	378.91   
415.804	495.31  
416.248	448.75  
416.692	495.31  
417.136	465.05  
417.58	469.7    
418.024	416.16  
418.467	411.5   
418.911	523.25  
419.355	486     
419.798	497.64  
420.242	576.8   
420.685	472.03  
421.128	495.31  
421.572	509.28  
422.015	483.67  
422.458	537.22  
422.902	465.05  
423.345	569.81  
423.788	520.92  
424.231	495.31  
424.674	572.14  
425.117	602.41  
425.56	607.06   
426.003	583.78  
426.445	639.66  
426.888	735.11  
427.331	730.46  
427.773	667.6   
428.216	707.17  
428.659	655.96  
429.101	797.97  
429.543	804.96  
429.986	772.36  
430.428	853.85  
430.87	814.27   
431.313	981.9   
431.755	888.77  
432.197	928.35  
432.639	972.58  
433.081	995.86  
433.523	1056.4  
433.965	1070.37 
434.407	1158.83 
434.849	1149.52 
435.291	1258.95 
435.732	1303.18 
436.174	1352.07 
436.616	1359.06 
437.057	1480.12 
437.499	1594.2  
437.94	1668.7   
438.382	1556.95 
438.823	1715.26 
439.264	1813.04 
439.706	2008.61 
440.147	1966.7  
440.588	2087.77 
441.029	2204.17 
441.47	2243.75  
441.911	2420.69 
442.352	2469.58 
442.793	2613.93 
443.234	2737.32 
443.675	2734.99 
444.116	2967.8  
444.556	3112.15 
444.997	3156.38 
445.438	3340.31 
445.878	3449.73 
446.319	3715.14 
446.759	3950.28 
447.199	4034.1  
447.64	4320.46  
448.08	4469.46  
448.52	4620.79  
448.961	4848.95 
449.401	5044.51 
449.841	5198.17 
450.281	5398.39 
450.721	5514.8  
451.161	5735.97 
451.601	6145.73 
452.041	6255.15 
452.48	6727.76  
452.92	6837.18  
453.36	6953.59  
453.799	7088.62 
454.239	7589.18 
454.679	7854.58 
455.118	8131.63 
455.557	8096.71 
455.997	8662.45 
456.436	8406.36 
456.875	8897.59 
457.315	9128.08 
457.754	9488.94 
458.193	9407.46 
458.632	9623.98 
459.071	9977.85 
459.51	9630.96  
459.949	9919.65 
460.388	9710.12 
460.827	10057.01
461.265	9698.48 
461.704	9812.56 
462.143	9542.49 
462.581	9228.19 
463.02	9575.09  
463.458	9083.85 
463.897	9200.25 
464.335	8976.75 
464.774	8764.89 
465.212	8750.92 
465.65	8357.46  
466.088	8229.42 
466.527	8345.82 
466.965	7768.44 
467.403	7537.96 
467.841	7528.64 
468.279	7007.14 
468.716	6990.84 
469.154	6790.62 
469.592	6485.63 
470.03	6387.85  
470.467	6304.04 
470.905	6057.26 
471.343	5887.3  
471.78	5917.57  
472.218	5910.58 
472.655	5836.08 
473.092	5577.66 
473.53	5449.61  
473.967	5419.34 
474.404	5461.25 
474.841	5330.87 
475.278	5119.01 
475.716	5100.39 
476.153	4997.95 
476.589	5060.81 
477.026	4972.34 
477.463	5004.93 
477.9	4939.75   
478.337	4804.71 
478.773	4921.12 
479.21	4695.29  
479.647	4623.12 
480.083	4525.34 
480.52	4490.41  
480.956	4497.4  
481.392	4439.19 
481.829	4255.27 
482.265	4197.07 
482.701	4178.44 
483.137	4206.38 
483.574	4064.36 
484.01	4001.5   
484.446	4045.74 
484.882	3766.36 
485.317	3724.45 
485.753	3771.02 
486.189	3603.39 
486.625	3608.05 
487.061	3538.2  
487.496	3456.72 
487.932	3307.71 
488.367	3279.78 
488.803	3310.04 
489.238	3172.68 
489.674	3154.06 
490.109	3205.28 
490.544	3051.62 
490.979	3049.29 
491.415	2942.2  
491.85	2900.29  
492.285	2888.65 
492.72	2918.91  
493.155	2858.38 
493.59	2823.46  
494.024	2858.38 
494.459	2804.83 
494.894	2816.48 
495.329	2697.74 
495.763	2641.86 
496.198	2679.11 
496.632	2581.33 
497.067	2467.25 
497.501	2602.29 
497.936	2700.07 
498.37	2527.79  
498.804	2539.43 
499.238	2530.11 
499.673	2443.97 
500.107	2562.71 
500.541	2616.25 
500.975	2541.75 
501.409	2495.19 
501.843	2443.97 
502.277	2455.61 
502.71	2595.3   
503.144	2506.83 
503.578	2520.8  
504.011	2504.5  
504.445	2537.1  
504.878	2639.54 
505.312	2520.8  
505.745	2467.25 
506.179	2613.93 
506.612	2592.97 
507.045	2569.69 
507.479	2625.57 
507.912	2641.86 
508.345	2672.13 
508.778	2686.1  
509.211	2748.96 
509.644	2660.49 
510.077	2890.98 
510.509	2753.62 
510.942	2867.69 
511.375	2846.74 
511.808	2937.54 
512.24	2816.48  
512.673	2928.23 
513.105	2963.15 
513.538	2993.41 
513.97	3067.92  
514.403	2904.94 
514.835	3039.98 
515.267	3135.43 
515.699	3147.07 
516.131	3249.51 
516.564	3298.4  
516.996	3272.79 
517.428	3361.26 
517.859	3419.47 
518.291	3349.62 
518.723	3433.43 
519.155	3514.92 
519.587	3577.78 
520.018	3461.37 
520.45	3440.42  
520.881	3649.95 
521.313	3696.51 
521.744	3675.56 
522.176	3715.14 
522.607	3831.55 
523.038	3866.47 
523.47	3987.53  
523.901	3957.27 
524.332	3913.03 
524.763	3975.89 
525.194	3847.84 
525.625	4113.25 
526.056	4113.25 
526.487	4225    
526.917	4108.6  
527.348	4248.29 
527.779	4245.96 
528.21	4176.11  
528.64	4287.86  
529.071	4411.26 
529.501	4294.85 
529.932	4387.97 
530.362	4506.71 
530.792	4483.43 
531.222	4478.77 
531.653	4602.16 
532.083	4392.63 
532.513	4550.94 
532.943	4534.65 
533.373	4588.2  
533.803	4769.79 
534.233	4730.21 
534.663	4571.9  
535.092	4672.01 
535.522	4660.37 
535.952	4709.26 
536.381	4802.38 
536.811	4970.01 
537.24	4697.62  
537.67	4846.62  
538.099	4837.31 
538.529	4949.06 
538.958	4846.62 
539.387	4893.18 
539.816	5079.43 
540.245	4921.12 
540.674	5018.9  
541.103	5046.84 
541.532	4990.96 
541.961	4921.12 
542.39	5102.72  
542.819	4937.42 
543.248	5081.76 
543.676	5095.73 
544.105	5312.25 
544.534	5109.7  
544.962	5007.26 
545.391	5200.5  
545.819	5356.48 
546.247	5223.78 
546.676	5102.72 
547.104	5112.03 
547.532	5037.53 
547.96	5179.54  
548.388	5105.04 
548.816	5188.86 
549.244	5132.98 
549.672	5160.92 
550.1	5109.7    
550.528	5184.2  
550.956	5174.89 
551.383	5277.33 
551.811	5049.17 
552.238	5195.84 
552.666	5121.34 
553.094	5037.53 
553.521	5181.87 
553.948	5170.23 
554.376	5258.7  
554.803	5281.98 
555.23	5119.01  
555.657	5191.18 
556.084	5156.26 
556.511	5112.03 
556.938	5132.98 
557.365	5223.78 
557.792	5139.97 
558.219	5139.97 
558.646	5151.61 
559.072	5077.11 
559.499	5249.39 
559.926	5221.45 
560.352	5193.51 
560.779	5281.98 
561.205	5240.08 
561.632	5181.87 
562.058	5163.25 
562.484	5205.15 
562.91	5286.64  
563.337	5242.4  
563.763	5349.5  
564.189	5153.93 
564.615	5146.95 
565.041	5084.09 
565.466	5361.14 
565.892	5349.5  
566.318	5209.81 
566.744	5424    
567.169	5263.36 
567.595	5410.03 
568.021	5177.22 
568.446	5298.28 
568.872	5358.81 
569.297	5277.33 
569.722	5333.2  
570.148	5212.14 
570.573	5151.61 
570.998	5326.22 
571.423	5060.81 
571.848	5126    
572.273	5065.47 
572.698	4755.82 
573.123	5091.07 
573.548	5046.84 
573.973	4902.49 
574.397	5016.57 
574.822	4851.28 
575.247	4888.53 
575.671	4811.7  
576.096	4888.53 
576.52	4846.62  
576.944	4821.01 
577.369	4811.7  
577.793	4683.65 
578.217	4839.63 
578.641	4762.81 
579.065	4744.18 
579.49	4571.9   
579.914	4625.45 
580.337	4548.62 
580.761	4553.27 
581.185	4697.62 
581.609	4648.73 
582.033	4627.77 
582.456	4432.21 
582.88	4574.23  
583.303	4497.4  
583.727	4592.85 
584.15	4453.16  
584.574	4355.38 
584.997	4471.79 
585.42	4332.1   
585.844	4150.5  
586.267	4276.22 
586.69	4380.99  
587.113	4197.07 
587.536	4332.1  
587.959	4255.27 
588.382	4401.94 
588.804	4259.93 
589.227	4180.77 
589.65	4192.41  
590.073	4266.91 
590.495	4106.27 
590.918	4120.24 
591.34	4089.97  
591.763	4187.75 
592.185	4108.6  
592.607	4192.41 
593.03	4003.83  
593.452	4117.91 
593.874	3999.17 
594.296	4183.1  
594.718	4034.1  
595.14	4229.66  
595.562	4127.22 
595.984	4222.68 
596.406	3819.91 
596.827	4006.16 
597.249	3992.19 
597.671	4108.6  
598.092	4213.36 
598.514	4062.03 
598.935	4010.81 
599.357	3943.3  
599.778	4089.97 
600.199	4082.99 
600.621	4155.16 
601.042	3999.17 
601.463	4120.24 
601.884	4192.41 
602.305	4166.8  
602.726	4080.66 
603.147	4017.8  
603.568	4124.89 
603.988	4015.47 
604.409	4045.74 
604.83	4089.97  
605.25	4045.74  
605.671	4089.97 
606.092	3875.78 
606.512	4059.71 
606.932	3978.22 
607.353	3999.17 
607.773	3861.81 
608.193	3908.38 
608.613	3847.84 
609.034	3717.47 
609.454	3622.01 
609.874	3747.73 
610.293	3710.48 
610.713	3624.34 
611.133	3587.09 
611.553	3549.84 
611.973	3524.23 
612.392	3496.29 
612.812	3405.5  
613.231	3363.59 
613.651	3270.46 
614.07	3528.89  
614.49	3375.23  
614.909	3384.54 
615.328	3326.34 
615.747	3386.87 
616.167	3307.71 
616.586	3226.23 
617.005	2993.41 
617.424	3154.06 
617.843	3170.35 
618.261	3135.43 
618.68	3077.23  
619.099	3002.73 
619.518	3114.48 
619.936	2951.51 
620.355	2946.85 
620.773	2993.41 
621.192	2872.35 
621.61	2900.29  
622.029	2930.55 
622.447	2844.41 
622.865	2853.73 
623.283	2695.41 
623.701	2760.6  
624.119	2714.04 
624.537	2746.63 
624.955	2718.69 
625.373	2741.97 
625.791	2518.47 
626.209	2634.88 
626.627	2716.37 
627.044	2637.21 
627.462	2569.69 
627.879	2541.75 
628.297	2497.52 
628.714	2606.94 
629.132	2502.18 
629.549	2413.71 
629.966	2450.96 
630.383	2474.24 
630.8	2404.39   
631.217	2457.94 
631.634	2339.21 
632.051	2376.46 
632.468	2299.63 
632.885	2385.77 
633.302	2376.46 
633.719	2250.74 
634.135	2325.24 
634.552	2311.27 
634.969	2232.11 
635.385	2274.02 
635.801	2225.13 
636.218	2229.78 
636.634	2311.27 
637.05	2257.72  
637.467	2134.33 
637.883	2162.27 
638.299	2090.09 
638.715	1994.64 
639.131	2122.69 
639.547	2041.2  
639.963	2087.77 
640.378	2066.81 
640.794	1943.42 
641.21	2003.95  
641.626	2031.89 
642.041	1957.39 
642.457	2059.83 
642.872	2006.28 
643.287	1924.8  
643.703	1910.83 
644.118	1910.83 
644.533	1859.61 
644.948	1852.62 
645.364	1908.5  
645.779	1817.7  
646.194	1738.54 
646.609	1764.15 
647.023	1873.58 
647.438	1845.64 
647.853	1817.7  
648.268	1619.81 
648.682	1708.28 
649.097	1603.51 
649.511	1724.57 
649.926	1729.23 
650.34	1724.57  
650.755	1796.75 
651.169	1691.98 
651.583	1678.01 
651.997	1661.71 
652.411	1608.17 
652.825	1640.76 
653.239	1661.71 
653.653	1547.64 
654.067	1582.56 
654.481	1638.43 
654.895	1533.67 
655.309	1633.78 
655.722	1477.79 
656.136	1575.57 
656.549	1477.79 
656.963	1494.09 
657.376	1638.43 
657.79	1512.71  
658.203	1454.51 
658.616	1480.12 
659.029	1433.56 
659.442	1519.7  
659.855	1461.49 
660.268	1407.95 
660.681	1482.45 
661.094	1468.48 
661.507	1380.01 
661.92	1352.07  
662.333	1417.26 
662.745	1384.67 
663.158	1340.43 
663.57	1449.85  
663.983	1393.98 
664.395	1291.54 
664.808	1279.9  
665.22	1263.6   
665.632	1228.68 
666.044	1386.99 
666.456	1303.18 
666.868	1219.37 
667.28	1298.52  
667.692	1175.13 
668.104	1328.79 
668.516	1277.57 
668.928	1286.88 
669.34	1237.99  
669.751	1249.63 
670.163	1121.58 
670.574	1193.76 
670.986	1193.76 
671.397	1198.41 
671.809	1095.98 
672.22	1088.99  
672.631	1058.72 
673.042	1165.82 
673.453	1140.21 
673.864	1061.05 
674.275	1091.32 
674.686	1130.9  
675.097	1133.23 
675.508	1158.83 
675.919	1054.07 
676.33	974.91   
676.74	995.86   
677.151	1019.15 
677.561	1102.96 
677.972	1016.82 
678.382	981.9   
678.792	1026.13 
679.203	1037.77 
679.613	977.24  
680.023	1026.13 
680.433	1061.05 
680.843	928.35  
681.253	1033.12 
681.663	1016.82 
682.073	993.54  
682.483	965.6   
682.893	944.65  
683.302	960.94  
683.712	905.07  
684.122	963.27  
684.531	898.08  
684.94	972.58   
685.35	849.19   
685.759	946.97  
686.168	851.52  
686.578	902.74  
686.987	921.36  
687.396	914.38  
687.805	851.52  
688.214	916.71  
688.623	863.16  
689.032	765.38  
689.44	891.1    
689.849	823.58  
690.258	809.61  
690.666	828.24  
691.075	886.44  
691.484	870.14  
691.892	851.52  
692.3	788.66    
692.709	807.28  
693.117	839.88  
693.525	823.58  
693.933	786.33  
694.341	786.33  
694.749	809.61  
695.157	821.25  
695.565	763.05  
695.973	767.71  
696.381	758.39  
696.788	779.35  
697.196	760.72  
697.604	695.53  
698.011	693.21  
698.419	772.36  
698.826	818.93  
699.234	735.11  
699.641	739.77  
700.048	721.14  
700.455	760.72  
700.862	686.22  
701.269	695.53  
701.676	688.55  
702.083	646.64  
702.49	697.86   
702.897	716.49  
703.304	646.64  
703.71	704.85   
704.117	721.14  
704.524	630.35  
704.93	602.41   
705.337	711.83  
705.743	590.77  
706.149	651.3   
706.556	697.86  
706.962	614.05  
707.368	646.64  
707.774	655.96  
708.18	658.28   
708.586	658.28  
708.992	630.35  
709.398	665.27  
709.804	725.8   
710.209	632.67  
710.615	655.96  
711.021	604.74  
711.426	655.96  
711.832	672.25  
712.237	681.56  
712.642	655.96  
713.048	648.97  
713.453	651.3   
713.858	662.94  
714.263	709.5   
714.668	651.3   
715.073	637.33  
715.478	555.85  
715.883	518.59  
716.288	630.35  
716.693	537.22  
717.097	590.77  
717.502	604.74  
717.906	669.92  
718.311	576.8   
718.715	553.52  
719.12	609.39   
719.524	662.94  
719.928	541.88  
720.333	555.85  
720.737	572.14  
721.141	623.36  
721.545	551.19  
721.949	546.53  
722.353	520.92  
722.757	544.2   
723.16	546.53   
723.564	588.44  
723.968	590.77  
724.371	546.53  
724.775	534.89  
725.178	558.17  
725.582	513.94  
725.985	530.24  
726.388	544.2   
726.792	562.83  
727.195	555.85  
727.598	537.22  
728.001	555.85  
728.404	558.17  
728.807	506.95  
729.21	558.17   
729.612	562.83  
730.015	511.61  
730.418	499.97  
730.82	446.42   
731.223	513.94  
731.625	488.33  
732.028	495.31  
732.43	548.86   
732.833	513.94  
733.235	476.69  
733.637	488.33  
734.039	537.22  
734.441	490.66  
734.843	518.59  
735.245	518.59  
735.647	506.95  
736.049	460.39  
736.451	427.8   
736.852	437.11  
737.254	432.45  
737.655	502.3   
738.057	534.89  
738.458	527.91  
738.86	546.53   
739.261	506.95  
739.662	509.28  
740.064	558.17  
740.465	520.92  
740.866	465.05  
741.267	399.86  
741.668	432.45  
742.069	467.38  
742.469	490.66  
742.87	537.22   
743.271	518.59  
743.672	539.55  
744.072	551.19  
744.473	520.92  
744.873	446.42  
745.274	506.95  
745.674	453.41  
746.074	467.38  
746.474	467.38  
746.875	462.72  
747.275	492.99  
747.675	488.33  
748.075	486     
748.474	504.63  
748.874	469.7   
749.274	527.91  
749.674	460.39  
750.073	551.19  
750.473	453.41  
750.873	399.86  
751.272	441.77  
751.671	511.61  
752.071	434.78  
752.47	516.27   
752.869	434.78  
753.268	441.77  
753.668	458.06  
754.067	432.45  
754.466	432.45  
754.864	465.05  
755.263	395.2   
755.662	476.69  
756.061	446.42  
756.459	506.95  
756.858	481.34  
757.257	399.86  
757.655	439.44  
758.053	499.97  
758.452	460.39  
758.85	395.2    
759.248	439.44  
759.646	462.72  
760.045	451.08  
760.443	441.77  
760.841	395.2   
761.238	392.87  
761.636	441.77  
762.034	409.17  
762.432	423.14  
762.829	474.36  
763.227	374.25  
763.625	465.05  
764.022	467.38  
764.419	432.45  
764.817	504.63  
765.214	411.5   
765.611	397.53  
766.008	495.31  
766.406	488.33  
766.803	355.62  
767.199	425.47  
767.596	395.2   
767.993	444.09  
768.39	371.92   
768.787	420.81  
769.183	432.45  
769.58	390.55   
769.977	432.45  
770.373	364.94  
770.769	425.47  
771.166	432.45  
771.562	518.59  
771.958	483.67  
772.354	462.72  
772.75	390.55   
773.146	441.77  
773.542	427.8   
773.938	392.87  
774.334	427.8   
774.73	430.13   
775.126	367.27  
775.521	425.47  
775.917	378.91  
776.312	355.62  
776.708	444.09  
777.103	348.64  
777.499	357.95  
777.894	455.73  
778.289	430.13  
778.684	497.64  
779.079	404.52  
779.474	357.95  
779.869	392.87  
780.264	369.59  
780.659	479.02  
781.054	455.73  
781.448	432.45  
781.843	425.47  
782.238	348.64  
782.632	418.48  
783.027	388.22  
783.421	437.11  
783.815	479.02  
784.21	413.83   
784.604	360.28  
784.998	376.58  
785.392	504.63  
785.786	437.11  
786.18	460.39   
786.574	469.7   
786.968	385.89  
787.361	420.81  
787.755	434.78  
788.149	367.27  
788.542	385.89  
788.936	381.23  
789.329	430.13  
789.722	427.8   
790.116	427.8   
790.509	381.23  
790.902	406.84  
791.295	378.91  
791.688	392.87  
792.081	350.97  
792.474	416.16  
792.867	418.48  
793.26	441.77   
793.653	383.56  
794.045	441.77  
794.438	413.83  
794.83	411.5    
795.223	413.83  
795.615	425.47  
796.008	357.95  
796.4	371.92    
796.792	411.5   
797.184	451.08  
797.576	395.2   
797.968	404.52  
798.36	481.34   
798.752	420.81  
799.144	455.73  
799.536	423.14  
799.928	488.33  
800.319	390.55  
800.711	374.25  
801.102	327.69  
801.494	362.61  
801.885	492.99  
802.276	453.41  
802.668	462.72  
803.059	402.19  
803.45	392.87   
803.841	383.56  
804.232	381.23  
804.623	404.52  
805.014	416.16  
805.405	406.84  
805.795	402.19  
806.186	388.22  
806.577	395.2   
806.967	437.11  
807.358	413.83  
807.748	388.22  
808.139	418.48  
808.529	376.58  
808.919	420.81  
809.309	423.14  
809.699	413.83  
810.089	439.44  
810.479	492.99  
810.869	313.72  
811.259	395.2   
811.649	381.23  
812.039	388.22  
812.428	416.16  
812.818	437.11  
813.207	451.08  
813.597	378.91  
813.986	423.14  
814.376	367.27  
814.765	439.44  
815.154	446.42  
815.543	465.05  
815.932	418.48  
816.321	437.11  
816.71	430.13   
817.099	392.87  
817.488	378.91  
817.877	369.59  
818.265	420.81  
818.654	411.5   
819.043	416.16  
819.431	353.3   
819.819	376.58  
820.208	430.13  
820.596	355.62  
820.984	427.8   
821.372	299.75  
821.761	371.92  
822.149	402.19  
822.537	453.41  
822.924	420.81  
823.312	341.66  
823.7	406.84    
824.088	425.47  
824.475	353.3   
824.863	467.38  
825.251	362.61  
825.638	446.42  
826.025	469.7   
826.413	397.53  
826.8	411.5     
827.187	406.84  
827.574	392.87  
827.961	437.11  
828.348	385.89  
828.735	350.97  
829.122	446.42  
829.509	378.91  
829.896	392.87  
830.282	399.86  
830.669	390.55  
831.055	369.59  
831.442	399.86  
831.828	406.84  
832.215	337     
832.601	425.47  
832.987	367.27  
833.373	360.28  
833.759	432.45  
834.145	411.5   
834.531	385.89  
834.917	441.77  
835.303	371.92  
835.689	437.11  
836.074	341.66  
836.46	437.11   
836.846	399.86  
837.231	388.22  
837.617	430.13  
838.002	437.11  
838.387	378.91  
838.772	430.13  
839.158	348.64  
839.543	499.97  
839.928	364.94  
840.313	385.89  
840.698	481.34  
841.082	395.2   
841.467	399.86  
841.852	369.59  
842.237	371.92  
842.621	357.95  
843.006	381.23  
843.39	392.87   
843.774	409.17  
844.159	425.47  
844.543	381.23  
844.927	476.69  
845.311	402.19  
845.695	383.56  
846.079	409.17  
846.463	383.56  
846.847	411.5   
847.231	346.31  
847.615	388.22  
847.998	337     
848.382	355.62  
848.765	439.44  
849.149	402.19  
849.532	441.77  
849.916	416.16  
850.299	448.75  
850.682	360.28  
851.065	369.59  
851.448	395.2   
851.831	437.11  
852.214	332.34  
852.597	413.83  
852.98	418.48   
853.363	418.48  
853.745	369.59  
854.128	437.11  
854.51	399.86   
854.893	420.81  
855.275	420.81  
855.658	418.48  
856.04	378.91   
856.422	374.25  
856.804	374.25  
857.186	313.72  
857.568	448.75  
857.95	423.14   
858.332	341.66  
858.714	411.5   
859.096	418.48  
859.477	374.25  
859.859	357.95  
860.24	404.52   
860.622	411.5   
861.003	467.38  
861.385	430.13  
861.766	404.52  
862.147	427.8   
862.528	346.31  
862.909	402.19  
863.29	416.16   
863.671	437.11  
864.052	439.44  
864.433	416.16  
864.814	420.81  
865.194	381.23  
865.575	420.81  
865.955	392.87  
866.336	441.77  
866.716	430.13  
867.097	374.25  
867.477	397.53  
867.857	369.59  
868.237	367.27  
868.617	434.78  
868.997	402.19  
869.377	413.83  
869.757	404.52  
870.137	302.08  
870.517	418.48  
870.896	383.56  
871.276	432.45  
871.655	385.89  
872.035	409.17  
872.414	383.56  
872.794	374.25  
873.173	334.67  
873.552	353.3   
873.931	388.22  
874.31	355.62   
874.689	462.72  
875.068	411.5   
875.447	448.75  
875.826	353.3   
876.205	369.59  
876.583	395.2   
876.962	420.81  
877.341	425.47  
877.719	458.06  
878.097	399.86  
878.476	469.7   
878.854	425.47  
879.232	423.14  
879.61	392.87   
879.988	369.59  
880.366	427.8   
880.744	385.89  
881.122	357.95  
881.5	374.25    
881.878	418.48  
882.255	434.78  
882.633	353.3   
883.011	348.64  
883.388	378.91  
883.765	420.81  
884.143	404.52  
884.52	388.22   
884.897	348.64  
885.274	353.3   
885.651	355.62  
886.028	404.52  
886.405	381.23  
886.782	427.8   
887.159	369.59  
887.536	388.22  
887.912	385.89  
888.289	402.19  
888.665	341.66  
889.042	404.52  
889.418	446.42  
889.794	409.17  
890.171	360.28  
890.547	437.11  
890.923	371.92  
891.299	388.22  
891.675	355.62  
892.051	381.23  
892.427	374.25  
892.803	439.44  
893.178	376.58  
893.554	472.03  
893.929	416.16  
894.305	476.69  
894.68	364.94   
895.056	306.73  
895.431	465.05  
895.806	441.77  
896.181	462.72  
896.557	388.22  
896.932	439.44  
897.307	299.75  
897.681	381.23  
898.056	423.14  
898.431	325.36  
898.806	392.87  
899.18	383.56   
899.555	364.94  
899.929	381.23  
900.304	411.5   
900.678	388.22  
901.052	458.06  
901.427	434.78  
901.801	490.66  
902.175	406.84  
902.549	413.83  
902.923	378.91  
903.297	357.95  
903.67	418.48   
904.044	348.64  
904.418	385.89  
904.791	413.83  
905.165	441.77  
905.538	453.41  
905.912	395.2   
906.285	423.14  
906.658	390.55  
907.032	465.05  
907.405	348.64  
907.778	418.48  
908.151	409.17  
908.524	346.31  
908.896	378.91  
909.269	381.23  
909.642	388.22  
910.015	392.87  
910.387	434.78  
910.76	343.98   
911.132	458.06  
911.504	390.55  
911.877	453.41  
912.249	371.92  
912.621	430.13  
912.993	360.28  
913.365	383.56  
913.737	371.92  
914.109	374.25  
914.481	448.75  
914.853	385.89  
915.224	350.97  
915.596	392.87  
915.968	355.62  
916.339	355.62  
916.71	367.27   
917.082	367.27  
917.453	374.25  
917.824	378.91  
918.195	444.09  
918.566	385.89  
918.937	395.2   
919.308	420.81  
919.679	376.58  
920.05	367.27   
920.421	343.98  
920.791	427.8   
921.162	411.5   
921.532	390.55  
921.903	446.42  
922.273	425.47  
922.644	420.81  
923.014	406.84  
923.384	388.22  
923.754	346.31  
924.124	385.89  
924.494	388.22  
924.864	423.14  
925.234	357.95  
925.604	430.13  
925.973	446.42  
926.343	353.3   
926.712	395.2   
927.082	362.61  
927.451	425.47  
927.821	411.5   
928.19	355.62   
928.559	334.67  
928.928	416.16  
929.297	423.14  
929.666	402.19  
930.035	411.5   
930.404	378.91  
930.773	371.92  
931.142	395.2   
931.51	411.5    
931.879	402.19  
932.247	483.67  
932.616	495.31  
932.984	357.95  
933.353	364.94  
933.721	425.47  
934.089	406.84  
934.457	397.53  
934.825	488.33  
935.193	402.19  
935.561	469.7   
935.929	423.14  
936.296	371.92  
936.664	376.58  
937.032	406.84  
937.399	395.2   
937.767	362.61  
938.134	397.53  
938.501	334.67  
938.869	362.61  
939.236	423.14  
939.603	360.28  
939.97	362.61   
940.337	378.91  
940.704	430.13  
941.071	367.27  
941.438	399.86  
941.804	397.53  
942.171	409.17  
942.538	434.78  
942.904	446.42  
943.27	434.78   
943.637	427.8   
944.003	411.5   
944.369	409.17  
944.735	402.19  
945.102	427.8   
945.468	416.16  
945.833	518.59  
946.199	383.56  
946.565	462.72  
946.931	364.94  
947.296	409.17  
947.662	348.64  
948.028	318.37  
948.393	390.55  
948.758	332.34  
949.124	434.78  
949.489	404.52  
949.854	397.53  
950.219	341.66  
950.584	376.58  
950.949	395.2   
951.314	395.2   
951.679	395.2   
952.044	437.11  
952.408	395.2   
952.773	409.17  
953.137	409.17  
953.502	404.52  
953.866	369.59  
954.231	362.61  
954.595	355.62  
954.959	360.28  
955.323	511.61  
955.687	390.55  
956.051	374.25  
956.415	383.56  
956.779	371.92  
957.143	388.22  
957.506	425.47  
957.87	383.56   
958.234	392.87  
958.597	392.87  
958.961	427.8   
959.324	399.86  
959.687	448.75  
960.05	425.47   
960.413	411.5   
960.776	416.16  
961.139	402.19  
961.502	392.87  
961.865	423.14  
962.228	430.13  
962.591	367.27  
962.953	383.56  
963.316	420.81  
963.678	353.3   
964.041	360.28  
964.403	455.73  
964.765	392.87  
965.128	360.28  
965.49	369.59   
965.852	371.92  
966.214	425.47  
966.576	378.91  
966.938	418.48  
967.299	390.55  
967.661	458.06  
968.023	376.58  
968.384	371.92  
968.746	313.72  
969.107	406.84  
969.469	439.44  
969.83	371.92   
970.191	392.87  
970.552	423.14  
970.913	320.7   
971.274	392.87  
971.635	416.16  
971.996	472.03  
972.357	418.48  
972.718	446.42  
973.078	364.94  
973.439	339.33  
973.8	418.48    
974.16	411.5    
974.52	374.25   
974.881	383.56  
975.241	395.2   
975.601	425.47  
975.961	369.59  
976.321	402.19  
976.681	397.53  
977.041	390.55  
977.401	390.55  
977.76	404.52   
978.12	323.03   
978.48	404.52   
978.839	369.59  
979.199	355.62  
979.558	446.42  
979.917	390.55  
980.277	427.8   
980.636	376.58  
980.995	388.22  
981.354	360.28  
981.713	383.56  
982.072	402.19  
982.43	423.14   
982.789	446.42  
983.148	395.2   
983.506	332.34  
983.865	388.22  
984.223	348.64  
984.582	374.25  
984.94	367.27   
985.298	381.23  
985.656	334.67  
986.015	330.01  
986.373	388.22  
986.731	446.42  
987.088	434.78  
987.446	360.28  
987.804	376.58  
988.162	334.67  
988.519	434.78  
988.877	441.77  
989.234	339.33  
989.591	385.89  
989.949	388.22  
990.306	362.61  
990.663	371.92  
991.02	432.45   
991.377	325.36  
991.734	441.77  
992.091	337     
992.448	304.41  
992.805	371.92  
993.161	378.91  
993.518	343.98  
993.874	392.87  
994.231	441.77  
994.587	402.19  
994.943	399.86  
995.3	402.19    
995.656	416.16  
996.012	395.2   
996.368	411.5   
996.724	402.19  
997.08	444.09   
997.435	343.98  
997.791	371.92  
998.147	444.09  
998.502	397.53  
998.858	381.23  
999.213	420.81  
999.569	453.41  
999.924	357.95  
1000.279	339.33 
1000.634	416.16 
1000.989	397.53 
1001.344	395.2  
1001.699	334.67 
1002.054	371.92 
1002.409	437.11 
1002.764	362.61 
1003.118	404.52 
1003.473	416.16 
1003.827	397.53 
1004.182	374.25 
1004.536	397.53 
1004.89	455.73  
1005.245	455.73 
1005.599	409.17 
1005.953	476.69 
1006.307	395.2  
1006.661	383.56 
1007.015	462.72 
1007.368	364.94 
1007.722	378.91 
1008.076	376.58 
1008.429	420.81 
1008.783	418.48 
1009.136	411.5  
1009.489	348.64 
1009.843	376.58 
1010.196	369.59 
1010.549	374.25 
1010.902	369.59 
1011.255	395.2  
1011.608	367.27 
1011.961	395.2  
1012.313	392.87 
1012.666	413.83 
1013.019	409.17 
1013.371	367.27 
1013.724	418.48 
1014.076	378.91 
1014.428	316.05 
1014.781	350.97 
1015.133	376.58 
1015.485	369.59 
1015.837	381.23 
1016.189	346.31 
1016.541	432.45 
1016.893	413.83 
1017.244	385.89 
1017.596	472.03 
1017.947	388.22 
1018.299	348.64 
1018.65	437.11  
1019.002	409.17 
1019.353	367.27 
1019.704	334.67 
1020.055	348.64 
1020.407	458.06 
1020.758	472.03 
1021.108	413.83 
1021.459	369.59 
1021.81	376.58  
1022.161	378.91 
1022.511	385.89 
1022.862	399.86 
1023.213	460.39 
1023.563	413.83 
1023.913	423.14 
1024.264	399.86 
1024.614	406.84 
1024.964	376.58 
1025.314	427.8  
1025.664	362.61 
1026.014	486    
1026.364	385.89 
1026.713	367.27 
1027.063	458.06 
1027.413	355.62 
1027.762	369.59 
1028.112	357.95 
1028.461	460.39 
1028.81	364.94  
1029.16	406.84  
1029.509	381.23 
1029.858	437.11 
1030.207	390.55 
1030.556	444.09 
1030.905	316.05 
1031.254	420.81 
1031.602	416.16 
1031.951	388.22 
1032.3	437.11   
1032.648	290.44 
1032.996	290.44 
1033.345	290.44 