187.879	19.79
188.346	19.79
188.813	19.79
189.28	-87.31
189.747	-59.37
190.214	-178.1
190.681	-168.79
191.148	-96.62
191.614	-115.24
192.081	-73.34
192.548	-71.01
193.014	-10.48
193.481	19.79
193.948	-26.77
194.414	-10.48
194.881	-8.15
195.347	77.99
195.813	59.37
196.28	189.74
196.746	203.71
197.212	208.37
197.678	192.07
198.145	210.7
198.611	178.1
199.077	217.68
199.543	252.6
200.009	271.23
200.475	289.85
200.941	268.9
201.407	303.82
201.873	315.46
202.338	301.49
202.804	348.06
203.27	352.71
203.735	415.57
204.201	334.09
204.667	331.76
205.132	406.26
205.598	362.03
206.063	392.29
206.529	389.96
206.994	429.54
207.459	331.76
207.925	385.31
208.39	408.59
208.855	427.21
209.32	431.87
209.785	401.61
210.25	350.39
210.715	417.9
211.18	413.25
211.645	438.86
212.11	376
212.575	355.04
213.04	376
213.504	434.2
213.969	441.18
214.434	382.98
214.899	464.47
215.363	406.26
215.828	378.32
216.292	373.67
216.757	389.96
217.221	422.56
217.685	587.86
218.15	373.67
218.614	413.25
219.078	371.34
219.542	424.89
220.007	403.93
220.471	380.65
220.935	373.67
221.399	389.96
221.863	392.29
222.327	382.98
222.791	399.28
223.254	352.71
223.718	329.43
224.182	352.71
224.646	380.65
225.109	324.78
225.573	338.75
226.037	327.1
226.5	394.62
226.964	380.65
227.427	357.37
227.89	294.51
228.354	394.62
228.817	406.26
229.28	357.37
229.744	466.79
230.207	313.14
230.67	359.7
231.133	355.04
231.596	345.73
232.059	413.25
232.522	415.57
232.985	341.07
233.448	338.75
233.911	399.28
234.374	424.89
234.836	396.95
235.299	364.35
235.762	355.04
236.224	357.37
236.687	373.67
237.149	317.79
237.612	445.84
238.074	320.12
238.537	364.35
238.999	292.18
239.461	394.62
239.924	362.03
240.386	378.32
240.848	385.31
241.31	387.64
241.772	410.92
242.234	385.31
242.696	401.61
243.158	410.92
243.62	350.39
244.082	352.71
244.544	387.64
245.006	357.37
245.468	376
245.929	327.1
246.391	450.5
246.852	369.01
247.314	331.76
247.776	382.98
248.237	464.47
248.698	415.57
249.16	410.92
249.621	322.45
250.082	282.87
250.544	394.62
251.005	406.26
251.466	436.53
251.927	382.98
252.388	350.39
252.849	392.29
253.31	396.95
253.771	403.93
254.232	348.06
254.693	401.61
255.154	394.62
255.615	410.92
256.075	355.04
256.536	350.39
256.997	413.25
257.457	448.17
257.918	380.65
258.378	408.59
258.839	331.76
259.299	369.01
259.759	427.21
260.22	348.06
260.68	408.59
261.14	406.26
261.6	401.61
262.06	306.15
262.521	396.95
262.981	394.62
263.441	382.98
263.901	366.68
264.36	362.03
264.82	364.35
265.28	415.57
265.74	399.28
266.2	424.89
266.659	366.68
267.119	389.96
267.579	369.01
268.038	362.03
268.498	327.1
268.957	448.17
269.416	436.53
269.876	471.45
270.335	441.18
270.794	380.65
271.254	352.71
271.713	362.03
272.172	424.89
272.631	396.95
273.09	408.59
273.549	422.56
274.008	413.25
274.467	448.17
274.926	434.2
275.385	366.68
275.843	415.57
276.302	448.17
276.761	394.62
277.22	406.26
277.678	378.32
278.137	401.61
278.595	403.93
279.054	420.23
279.512	480.76
279.97	420.23
280.429	371.34
280.887	387.64
281.345	427.21
281.803	345.73
282.262	436.53
282.72	380.65
283.178	396.95
283.636	431.87
284.094	478.43
284.552	431.87
285.01	422.56
285.467	462.14
285.925	420.23
286.383	457.48
286.841	508.7
287.298	396.95
287.756	392.29
288.213	464.47
288.671	394.62
289.128	438.86
289.586	401.61
290.043	417.9
290.5	338.75
290.958	341.07
291.415	459.81
291.872	431.87
292.329	427.21
292.786	406.26
293.243	429.54
293.7	392.29
294.157	392.29
294.614	376
295.071	406.26
295.528	338.75
295.985	389.96
296.441	445.84
296.898	415.57
297.355	448.17
297.811	415.57
298.268	399.28
298.724	376
299.181	462.14
299.637	403.93
300.094	364.35
300.55	399.28
301.006	401.61
301.462	392.29
301.919	396.95
302.375	427.21
302.831	487.75
303.287	352.71
303.743	394.62
304.199	476.11
304.655	417.9
305.11	355.04
305.566	417.9
306.022	373.67
306.478	427.21
306.933	459.81
307.389	413.25
307.845	436.53
308.3	483.09
308.756	445.84
309.211	443.51
309.666	448.17
310.122	334.09
310.577	389.96
311.032	380.65
311.487	406.26
311.943	371.34
312.398	366.68
312.853	464.47
313.308	334.09
313.763	485.42
314.218	473.78
314.672	396.95
315.127	427.21
315.582	413.25
316.037	413.25
316.492	366.68
316.946	410.92
317.401	417.9
317.855	396.95
318.31	504.04
318.764	327.1
319.219	352.71
319.673	422.56
320.127	434.2
320.582	501.72
321.036	403.93
321.49	445.84
321.944	443.51
322.398	438.86
322.852	455.15
323.306	424.89
323.76	371.34
324.214	443.51
324.668	380.65
325.122	431.87
325.575	401.61
326.029	450.5
326.483	401.61
326.936	492.4
327.39	448.17
327.843	469.12
328.297	443.51
328.75	413.25
329.204	343.4
329.657	464.47
330.11	448.17
330.564	452.82
331.017	396.95
331.47	417.9
331.923	436.53
332.376	427.21
332.829	443.51
333.282	452.82
333.735	441.18
334.188	436.53
334.641	417.9
335.093	476.11
335.546	476.11
335.999	410.92
336.451	417.9
336.904	403.93
337.356	427.21
337.809	408.59
338.261	389.96
338.714	445.84
339.166	457.48
339.618	501.72
340.07	389.96
340.523	408.59
340.975	427.21
341.427	497.06
341.879	399.28
342.331	473.78
342.783	371.34
343.235	417.9
343.687	457.48
344.138	473.78
344.59	427.21
345.042	492.4
345.494	478.43
345.945	394.62
346.397	441.18
346.848	436.53
347.3	403.93
347.751	499.39
348.203	466.79
348.654	424.89
349.105	431.87
349.556	434.2
350.008	490.07
350.459	459.81
350.91	434.2
351.361	513.36
351.812	434.2
352.263	443.51
352.714	466.79
353.165	387.64
353.615	450.5
354.066	434.2
354.517	462.14
354.968	394.62
355.418	438.86
355.869	429.54
356.319	401.61
356.77	420.23
357.22	434.2
357.671	403.93
358.121	385.31
358.571	394.62
359.021	441.18
359.472	476.11
359.922	490.07
360.372	443.51
360.822	406.26
361.272	382.98
361.722	366.68
362.172	396.95
362.622	443.51
363.071	443.51
363.521	441.18
363.971	420.23
364.42	406.26
364.87	406.26
365.32	457.48
365.769	364.35
366.219	445.84
366.668	443.51
367.117	438.86
367.567	464.47
368.016	399.28
368.465	413.25
368.914	471.45
369.363	473.78
369.812	459.81
370.261	525
370.71	531.98
371.159	457.48
371.608	543.62
372.057	536.64
372.506	485.42
372.955	506.37
373.403	618.12
373.852	578.54
374.301	601.83
374.749	627.44
375.198	722.89
375.646	680.98
376.094	734.53
376.543	811.36
376.991	871.89
377.439	965.02
377.887	1032.53
378.336	1051.16
378.784	1134.97
379.232	1309.58
379.68	1300.27
380.128	1456.26
380.576	1595.94
381.023	1768.23
381.471	1961.46
381.919	2282.75
382.367	2501.59
382.814	2743.72
383.262	2983.52
383.71	3246.6
384.157	3672.65
384.605	4103.36
385.052	4424.64
385.499	4815.77
385.947	5514.22
386.394	6333.72
386.841	6883.17
387.288	7812.1
387.735	8533.82
388.182	9618.74
388.63	10829.37
389.076	12077.26
389.523	13511.4
389.97	14724.36
390.417	16039.77
390.864	18167.69
391.311	20016.24
391.757	21948.6
392.204	24071.87
392.651	26537.38
393.097	28933.04
393.544	31109.86
393.99	33426.37
394.436	35549.64
394.883	37726.45
395.329	39735.64
395.775	41116.23
396.221	41903.15
396.668	42601.59
397.114	42394.39
397.56	41886.85
398.006	40950.94
398.452	39174.56
398.897	37083.88
399.343	34713.83
399.789	32476.48
400.235	30099.44
400.681	27859.77
401.126	25291.82
401.572	23152.25
402.017	21508.58
402.463	19848.61
402.908	18081.55
403.354	17310.93
403.799	16030.45
404.244	15227.24
404.689	14808.18
405.135	13867.61
405.58	13464.84
406.025	13038.79
406.47	12533.58
406.915	12365.95
407.36	11658.19
407.805	11010.97
408.25	11076.16
408.694	10424.28
409.139	9632.71
409.584	9036.7
410.029	8666.53
410.473	8023.96
410.918	7637.49
411.362	7018.2
411.807	6394.25
412.251	6026.41
412.695	5504.9
413.14	5167.32
413.584	4811.12
414.028	4582.96
414.472	4156.91
414.916	3863.56
415.36	3700.59
415.804	3460.79
416.248	3337.4
416.692	3116.22
417.136	2890.39
417.58	2841.5
418.024	2748.38
418.467	2645.94
418.911	2455.03
419.355	2343.28
419.798	2285.08
420.242	2210.58
420.685	2103.48
421.128	2017.34
421.572	1924.21
422.015	1905.59
422.458	1789.18
422.902	1600.6
423.345	1602.93
423.788	1505.15
424.231	1453.93
424.674	1339.85
425.117	1302.6
425.56	1223.44
426.003	1249.05
426.445	1176.88
426.888	1093.06
427.331	1004.6
427.773	988.3
428.216	958.03
428.659	941.74
429.101	941.74
429.543	883.53
429.986	776.44
430.428	790.41
430.87	823
431.313	683.31
431.755	725.22
432.197	774.11
432.639	715.91
433.081	708.92
433.523	755.48
433.965	655.37
434.407	627.44
434.849	594.84
435.291	650.72
435.732	618.12
436.174	559.92
436.616	648.39
437.057	664.69
437.499	538.97
437.94	597.17
438.382	506.37
438.823	471.45
439.264	499.39
439.706	520.34
440.147	562.25
440.588	578.54
441.029	518.01
441.47	573.89
441.911	548.28
442.352	429.54
442.793	525
443.234	434.2
443.675	485.42
444.116	511.03
444.556	422.56
444.997	448.17
445.438	396.95
445.878	487.75
446.319	557.59
446.759	434.2
447.199	431.87
447.64	485.42
448.08	415.57
448.52	473.78
448.961	457.48
449.401	457.48
449.841	487.75
450.281	578.54
450.721	520.34
451.161	450.5
451.601	459.81
452.041	466.79
452.48	450.5
452.92	492.4
453.36	471.45
453.799	513.36
454.239	431.87
454.679	462.14
455.118	464.47
455.557	406.26
455.997	431.87
456.436	424.89
456.875	480.76
457.315	506.37
457.754	406.26
458.193	420.23
458.632	452.82
459.071	476.11
459.51	438.86
459.949	471.45
460.388	478.43
460.827	462.14
461.265	464.47
461.704	459.81
462.143	415.57
462.581	466.79
463.02	410.92
463.458	427.21
463.897	429.54
464.335	434.2
464.774	413.25
465.212	441.18
465.65	441.18
466.088	483.09
466.527	406.26
466.965	471.45
467.403	415.57
467.841	485.42
468.279	394.62
468.716	476.11
469.154	452.82
469.592	387.64
470.03	408.59
470.467	448.17
470.905	399.28
471.343	480.76
471.78	424.89
472.218	329.43
472.655	436.53
473.092	380.65
473.53	443.51
473.967	438.86
474.404	392.29
474.841	445.84
475.278	459.81
475.716	410.92
476.153	459.81
476.589	385.31
477.026	473.78
477.463	438.86
477.9	422.56
478.337	382.98
478.773	466.79
479.21	413.25
479.647	478.43
480.083	457.48
480.52	473.78
480.956	427.21
481.392	364.35
481.829	438.86
482.265	436.53
482.701	483.09
483.137	506.37
483.574	459.81
484.01	469.12
484.446	408.59
484.882	511.03
485.317	452.82
485.753	373.67
486.189	499.39
486.625	469.12
487.061	427.21
487.496	424.89
487.932	431.87
488.367	378.32
488.803	452.82
489.238	371.34
489.674	415.57
490.109	429.54
490.544	457.48
490.979	462.14
491.415	338.75
491.85	369.01
492.285	441.18
492.72	408.59
493.155	392.29
493.59	438.86
494.024	485.42
494.459	401.61
494.894	450.5
495.329	422.56
495.763	483.09
496.198	394.62
496.632	469.12
497.067	406.26
497.501	462.14
497.936	436.53
498.37	406.26
498.804	485.42
499.238	443.51
499.673	420.23
500.107	413.25
500.541	443.51
500.975	427.21
501.409	429.54
501.843	394.62
502.277	494.73
502.71	382.98
503.144	399.28
503.578	403.93
504.011	396.95
504.445	455.15
504.878	436.53
505.312	431.87
505.745	424.89
506.179	443.51
506.612	464.47
507.045	403.93
507.479	429.54
507.912	518.01
508.345	345.73
508.778	520.34
509.211	401.61
509.644	380.65
510.077	424.89
510.509	469.12
510.942	417.9
511.375	562.25
511.808	441.18
512.24	434.2
512.673	438.86
513.105	417.9
513.538	476.11
513.97	406.26
514.403	448.17
514.835	469.12
515.267	408.59
515.699	389.96
516.131	373.67
516.564	422.56
516.996	336.42
517.428	445.84
517.859	417.9
518.291	450.5
518.723	476.11
519.155	515.68
519.587	389.96
520.018	445.84
520.45	387.64
520.881	459.81
521.313	369.01
521.744	417.9
522.176	455.15
522.607	410.92
523.038	448.17
523.47	438.86
523.901	450.5
524.332	389.96
524.763	334.09
525.194	441.18
525.625	399.28
526.056	448.17
526.487	385.31
526.917	357.37
527.348	448.17
527.779	399.28
528.21	394.62
528.64	373.67
529.071	429.54
529.501	478.43
529.932	431.87
530.362	401.61
530.792	436.53
531.222	464.47
531.653	438.86
532.083	448.17
532.513	450.5
532.943	441.18
533.373	436.53
533.803	394.62
534.233	403.93
534.663	406.26
535.092	471.45
535.522	422.56
535.952	452.82
536.381	410.92
536.811	387.64
537.24	494.73
537.67	406.26
538.099	396.95
538.529	394.62
538.958	378.32
539.387	483.09
539.816	424.89
540.245	466.79
540.674	504.04
541.103	480.76
541.532	413.25
541.961	448.17
542.39	389.96
542.819	394.62
543.248	434.2
543.676	434.2
544.105	436.53
544.534	459.81
544.962	499.39
545.391	434.2
545.819	410.92
546.247	506.37
546.676	392.29
547.104	457.48
547.532	434.2
547.96	445.84
548.388	415.57
548.816	380.65
549.244	357.37
549.672	392.29
550.1	450.5
550.528	415.57
550.956	436.53
551.383	378.32
551.811	464.47
552.238	415.57
552.666	392.29
553.094	408.59
553.521	457.48
553.948	403.93
554.376	387.64
554.803	455.15
555.23	417.9
555.657	394.62
556.084	429.54
556.511	480.76
556.938	431.87
557.365	459.81
557.792	448.17
558.219	473.78
558.646	494.73
559.072	485.42
559.499	457.48
559.926	366.68
560.352	413.25
560.779	450.5
561.205	408.59
561.632	464.47
562.058	429.54
562.484	443.51
562.91	420.23
563.337	445.84
563.763	445.84
564.189	422.56
564.615	420.23
565.041	459.81
565.466	422.56
565.892	389.96
566.318	443.51
566.744	492.4
567.169	336.42
567.595	410.92
568.021	436.53
568.446	434.2
568.872	459.81
569.297	436.53
569.722	455.15
570.148	427.21
570.573	438.86
570.998	485.42
571.423	520.34
571.848	417.9
572.273	403.93
572.698	459.81
573.123	445.84
573.548	436.53
573.973	431.87
574.397	429.54
574.822	406.26
575.247	413.25
575.671	441.18
576.096	429.54
576.52	459.81
576.944	420.23
577.369	434.2
577.793	420.23
578.217	483.09
578.641	378.32
579.065	380.65
579.49	410.92
579.914	422.56
580.337	450.5
580.761	434.2
581.185	394.62
581.609	464.47
582.033	448.17
582.456	415.57
582.88	410.92
583.303	415.57
583.727	357.37
584.15	371.34
584.574	387.64
584.997	399.28
585.42	448.17
585.844	359.7
586.267	399.28
586.69	429.54
587.113	445.84
587.536	506.37
587.959	415.57
588.382	413.25
588.804	431.87
589.227	450.5
589.65	494.73
590.073	448.17
590.495	406.26
590.918	457.48
591.34	410.92
591.763	385.31
592.185	403.93
592.607	401.61
593.03	441.18
593.452	403.93
593.874	415.57
594.296	420.23
594.718	450.5
595.14	415.57
595.562	415.57
595.984	443.51
596.406	380.65
596.827	438.86
597.249	373.67
597.671	364.35
598.092	387.64
598.514	431.87
598.935	408.59
599.357	427.21
599.778	469.12
600.199	424.89
600.621	443.51
601.042	394.62
601.463	408.59
601.884	434.2
602.305	387.64
602.726	452.82
603.147	476.11
603.568	455.15
603.988	424.89
604.409	406.26
604.83	457.48
605.25	413.25
605.671	427.21
606.092	466.79
606.512	457.48
606.932	366.68
607.353	429.54
607.773	343.4
608.193	478.43
608.613	464.47
609.034	415.57
609.454	427.21
609.874	464.47
610.293	462.14
610.713	436.53
611.133	350.39
611.553	403.93
611.973	417.9
612.392	448.17
612.812	389.96
613.231	471.45
613.651	457.48
614.07	385.31
614.49	450.5
614.909	389.96
615.328	378.32
615.747	427.21
616.167	410.92
616.586	369.01
617.005	422.56
617.424	462.14
617.843	385.31
618.261	417.9
618.68	429.54
619.099	387.64
619.518	369.01
619.936	443.51
620.355	362.03
620.773	478.43
621.192	424.89
621.61	438.86
622.029	494.73
622.447	389.96
622.865	406.26
623.283	410.92
623.701	431.87
624.119	403.93
624.537	366.68
624.955	438.86
625.373	376
625.791	369.01
626.209	392.29
626.627	410.92
627.044	394.62
627.462	448.17
627.879	476.11
628.297	413.25
628.714	427.21
629.132	401.61
629.549	436.53
629.966	366.68
630.383	369.01
630.8	413.25
631.217	408.59
631.634	417.9
632.051	429.54
632.468	378.32
632.885	364.35
633.302	459.81
633.719	371.34
634.135	417.9
634.552	424.89
634.969	413.25
635.385	313.14
635.801	408.59
636.218	385.31
636.634	387.64
637.05	406.26
637.467	387.64
637.883	357.37
638.299	359.7
638.715	382.98
639.131	438.86
639.547	401.61
639.963	317.79
640.378	429.54
640.794	389.96
641.21	436.53
641.626	464.47
642.041	441.18
642.457	362.03
642.872	417.9
643.287	478.43
643.703	478.43
644.118	410.92
644.533	436.53
644.948	408.59
645.364	341.07
645.779	378.32
646.194	427.21
646.609	413.25
647.023	366.68
647.438	415.57
647.853	410.92
648.268	473.78
648.682	448.17
649.097	341.07
649.511	434.2
649.926	403.93
650.34	403.93
650.755	394.62
651.169	429.54
651.583	350.39
651.997	452.82
652.411	359.7
652.825	401.61
653.239	366.68
653.653	466.79
654.067	410.92
654.481	392.29
654.895	408.59
655.309	452.82
655.722	385.31
656.136	422.56
656.549	445.84
656.963	464.47
657.376	438.86
657.79	429.54
658.203	438.86
658.616	362.03
659.029	427.21
659.442	431.87
659.855	357.37
660.268	399.28
660.681	459.81
661.094	422.56
661.507	420.23
661.92	457.48
662.333	385.31
662.745	345.73
663.158	378.32
663.57	427.21
663.983	497.06
664.395	401.61
664.808	445.84
665.22	420.23
665.632	417.9
666.044	401.61
666.456	436.53
666.868	403.93
667.28	487.75
667.692	357.37
668.104	450.5
668.516	408.59
668.928	504.04
669.34	406.26
669.751	471.45
670.163	341.07
670.574	459.81
670.986	417.9
671.397	471.45
671.809	452.82
672.22	382.98
672.631	410.92
673.042	455.15
673.453	410.92
673.864	452.82
674.275	399.28
674.686	413.25
675.097	376
675.508	394.62
675.919	429.54
676.33	408.59
676.74	355.04
677.151	313.14
677.561	410.92
677.972	380.65
678.382	366.68
678.792	380.65
679.203	345.73
679.613	422.56
680.023	343.4
680.433	387.64
680.843	441.18
681.253	403.93
681.663	373.67
682.073	408.59
682.483	350.39
682.893	420.23
683.302	387.64
683.712	408.59
684.122	357.37
684.531	420.23
684.94	389.96
685.35	392.29
685.759	408.59
686.168	448.17
686.578	385.31
686.987	394.62
687.396	422.56
687.805	431.87
688.214	385.31
688.623	387.64
689.032	387.64
689.44	345.73
689.849	424.89
690.258	410.92
690.666	355.04
691.075	410.92
691.484	357.37
691.892	415.57
692.3	408.59
692.709	483.09
693.117	371.34
693.525	429.54
693.933	396.95
694.341	473.78
694.749	478.43
695.157	422.56
695.565	362.03
695.973	448.17
696.381	483.09
696.788	415.57
697.196	415.57
697.604	431.87
698.011	431.87
698.419	389.96
698.826	387.64
699.234	494.73
699.641	434.2
700.048	401.61
700.455	371.34
700.862	420.23
701.269	441.18
701.676	355.04
702.083	417.9
702.49	376
702.897	408.59
703.304	396.95
703.71	343.4
704.117	441.18
704.524	369.01
704.93	334.09
705.337	410.92
705.743	399.28
706.149	392.29
706.556	392.29
706.962	450.5
707.368	408.59
707.774	403.93
708.18	352.71
708.586	408.59
708.992	410.92
709.398	348.06
709.804	429.54
710.209	408.59
710.615	385.31
711.021	459.81
711.426	396.95
711.832	431.87
712.237	362.03
712.642	364.35
713.048	364.35
713.453	406.26
713.858	396.95
714.263	380.65
714.668	362.03
715.073	357.37
715.478	378.32
715.883	410.92
716.288	376
716.693	408.59
717.097	401.61
717.502	396.95
717.906	455.15
718.311	410.92
718.715	338.75
719.12	366.68
719.524	415.57
719.928	399.28
720.333	389.96
720.737	313.14
721.141	438.86
721.545	448.17
721.949	445.84
722.353	427.21
722.757	448.17
723.16	366.68
723.564	483.09
723.968	403.93
724.371	427.21
724.775	403.93
725.178	396.95
725.582	399.28
725.985	387.64
726.388	338.75
726.792	406.26
727.195	359.7
727.598	403.93
728.001	420.23
728.404	373.67
728.807	355.04
729.21	466.79
729.612	387.64
730.015	413.25
730.418	441.18
730.82	445.84
731.223	403.93
731.625	396.95
732.028	382.98
732.43	341.07
732.833	399.28
733.235	466.79
733.637	438.86
734.039	366.68
734.441	434.2
734.843	385.31
735.245	413.25
735.647	324.78
736.049	406.26
736.451	406.26
736.852	420.23
737.254	382.98
737.655	455.15
738.057	490.07
738.458	410.92
738.86	343.4
739.261	436.53
739.662	464.47
740.064	434.2
740.465	431.87
740.866	403.93
741.267	431.87
741.668	399.28
742.069	415.57
742.469	429.54
742.87	392.29
743.271	392.29
743.672	408.59
744.072	434.2
744.473	315.46
744.873	357.37
745.274	459.81
745.674	376
746.074	420.23
746.474	389.96
746.875	401.61
747.275	452.82
747.675	396.95
748.075	408.59
748.474	441.18
748.874	352.71
749.274	355.04
749.674	476.11
750.073	394.62
750.473	317.79
750.873	422.56
751.272	380.65
751.671	431.87
752.071	466.79
752.47	394.62
752.869	392.29
753.268	357.37
753.668	429.54
754.067	366.68
754.466	466.79
754.864	399.28
755.263	382.98
755.662	455.15
756.061	420.23
756.459	389.96
756.858	301.49
757.257	376
757.655	455.15
758.053	413.25
758.452	389.96
758.85	336.42
759.248	378.32
759.646	380.65
760.045	382.98
760.443	334.09
760.841	389.96
761.238	401.61
761.636	408.59
762.034	408.59
762.432	408.59
762.829	371.34
763.227	455.15
763.625	376
764.022	417.9
764.419	413.25
764.817	441.18
765.214	403.93
765.611	373.67
766.008	380.65
766.406	434.2
766.803	387.64
767.199	392.29
767.596	459.81
767.993	348.06
768.39	396.95
768.787	434.2
769.183	371.34
769.58	359.7
769.977	396.95
770.373	378.32
770.769	424.89
771.166	357.37
771.562	434.2
771.958	406.26
772.354	429.54
772.75	378.32
773.146	401.61
773.542	415.57
773.938	466.79
774.334	436.53
774.73	429.54
775.126	376
775.521	457.48
775.917	422.56
776.312	431.87
776.708	357.37
777.103	429.54
777.499	348.06
777.894	345.73
778.289	387.64
778.684	462.14
779.079	343.4
779.474	331.76
779.869	394.62
780.264	424.89
780.659	359.7
781.054	389.96
781.448	424.89
781.843	438.86
782.238	420.23
782.632	345.73
783.027	469.12
783.421	410.92
783.815	389.96
784.21	487.75
784.604	389.96
784.998	434.2
785.392	427.21
785.786	380.65
786.18	378.32
786.574	445.84
786.968	420.23
787.361	459.81
787.755	431.87
788.149	387.64
788.542	403.93
788.936	399.28
789.329	452.82
789.722	420.23
790.116	415.57
790.509	438.86
790.902	413.25
791.295	373.67
791.688	343.4
792.081	359.7
792.474	366.68
792.867	406.26
793.26	394.62
793.653	408.59
794.045	410.92
794.438	396.95
794.83	443.51
795.223	434.2
795.615	385.31
796.008	385.31
796.4	448.17
796.792	429.54
797.184	434.2
797.576	485.42
797.968	396.95
798.36	399.28
798.752	371.34
799.144	364.35
799.536	427.21
799.928	401.61
800.319	357.37
800.711	348.06
801.102	427.21
801.494	371.34
801.885	329.43
802.276	410.92
802.668	420.23
803.059	487.75
803.45	389.96
803.841	392.29
804.232	357.37
804.623	469.12
805.014	438.86
805.405	380.65
805.795	357.37
806.186	313.14
806.577	345.73
806.967	362.03
807.358	338.75
807.748	373.67
808.139	424.89
808.529	459.81
808.919	399.28
809.309	466.79
809.699	357.37
810.089	438.86
810.479	406.26
810.869	403.93
811.259	478.43
811.649	452.82
812.039	329.43
812.428	387.64
812.818	350.39
813.207	457.48
813.597	415.57
813.986	410.92
814.376	406.26
814.765	485.42
815.154	329.43
815.543	401.61
815.932	422.56
816.321	396.95
816.71	436.53
817.099	322.45
817.488	459.81
817.877	382.98
818.265	406.26
818.654	394.62
819.043	289.85
819.431	341.07
819.819	445.84
820.208	396.95
820.596	396.95
820.984	376
821.372	387.64
821.761	352.71
822.149	378.32
822.537	392.29
822.924	429.54
823.312	410.92
823.7	334.09
824.088	373.67
824.475	436.53
824.863	459.81
825.251	403.93
825.638	413.25
826.025	413.25
826.413	366.68
826.8	443.51
827.187	406.26
827.574	406.26
827.961	369.01
828.348	420.23
828.735	401.61
829.122	424.89
829.509	429.54
829.896	415.57
830.282	417.9
830.669	366.68
831.055	448.17
831.442	376
831.828	429.54
832.215	422.56
832.601	424.89
832.987	422.56
833.373	448.17
833.759	455.15
834.145	420.23
834.531	341.07
834.917	406.26
835.303	394.62
835.689	413.25
836.074	394.62
836.46	462.14
836.846	355.04
837.231	373.67
837.617	387.64
838.002	387.64
838.387	364.35
838.772	408.59
839.158	371.34
839.543	410.92
839.928	364.35
840.313	464.47
840.698	455.15
841.082	459.81
841.467	343.4
841.852	380.65
842.237	455.15
842.621	408.59
843.006	373.67
843.39	343.4
843.774	436.53
844.159	403.93
844.543	497.06
844.927	422.56
845.311	408.59
845.695	417.9
846.079	396.95
846.463	420.23
846.847	369.01
847.231	352.71
847.615	436.53
847.998	378.32
848.382	422.56
848.765	387.64
849.149	431.87
849.532	436.53
849.916	359.7
850.299	285.2
850.682	382.98
851.065	378.32
851.448	385.31
851.831	471.45
852.214	378.32
852.597	436.53
852.98	392.29
853.363	382.98
853.745	355.04
854.128	448.17
854.51	394.62
854.893	366.68
855.275	483.09
855.658	445.84
856.04	394.62
856.422	378.32
856.804	373.67
857.186	371.34
857.568	431.87
857.95	382.98
858.332	369.01
858.714	431.87
859.096	376
859.477	359.7
859.859	441.18
860.24	345.73
860.622	378.32
861.003	401.61
861.385	392.29
861.766	364.35
862.147	422.56
862.528	415.57
862.909	455.15
863.29	408.59
863.671	403.93
864.052	373.67
864.433	369.01
864.814	473.78
865.194	441.18
865.575	392.29
865.955	376
866.336	443.51
866.716	455.15
867.097	406.26
867.477	352.71
867.857	350.39
868.237	490.07
868.617	371.34
868.997	387.64
869.377	408.59
869.757	434.2
870.137	327.1
870.517	436.53
870.896	373.67
871.276	441.18
871.655	364.35
872.035	357.37
872.414	403.93
872.794	362.03
873.173	410.92
873.552	380.65
873.931	382.98
874.31	364.35
874.689	487.75
875.068	441.18
875.447	478.43
875.826	380.65
876.205	399.28
876.583	415.57
876.962	378.32
877.341	434.2
877.719	408.59
878.097	389.96
878.476	392.29
878.854	424.89
879.232	373.67
879.61	436.53
879.988	376
880.366	417.9
880.744	387.64
881.122	469.12
881.5	417.9
881.878	392.29
882.255	413.25
882.633	434.2
883.011	382.98
883.388	334.09
883.765	445.84
884.143	392.29
884.52	438.86
884.897	441.18
885.274	389.96
885.651	334.09
886.028	399.28
886.405	408.59
886.782	438.86
887.159	399.28
887.536	385.31
887.912	450.5
888.289	422.56
888.665	441.18
889.042	371.34
889.418	396.95
889.794	406.26
890.171	429.54
890.547	396.95
890.923	362.03
891.299	415.57
891.675	355.04
892.051	371.34
892.427	387.64
892.803	403.93
893.178	438.86
893.554	469.12
893.929	422.56
894.305	382.98
894.68	499.39
895.056	469.12
895.431	452.82
895.806	420.23
896.181	399.28
896.557	382.98
896.932	378.32
897.307	476.11
897.681	394.62
898.056	329.43
898.431	376
898.806	359.7
899.18	473.78
899.555	401.61
899.929	373.67
900.304	378.32
900.678	387.64
901.052	380.65
901.427	394.62
901.801	422.56
902.175	369.01
902.549	406.26
902.923	366.68
903.297	369.01
903.67	382.98
904.044	364.35
904.418	438.86
904.791	466.79
905.165	429.54
905.538	329.43
905.912	417.9
906.285	431.87
906.658	408.59
907.032	376
907.405	364.35
907.778	445.84
908.151	401.61
908.524	380.65
908.896	448.17
909.269	394.62
909.642	394.62
910.015	385.31
910.387	380.65
910.76	469.12
911.132	387.64
911.504	443.51
911.877	429.54
912.249	352.71
912.621	429.54
912.993	378.32
913.365	415.57
913.737	427.21
914.109	376
914.481	399.28
914.853	457.48
915.224	476.11
915.596	436.53
915.968	415.57
916.339	473.78
916.71	478.43
917.082	394.62
917.453	455.15
917.824	355.04
918.195	417.9
918.566	373.67
918.937	322.45
919.308	366.68
919.679	389.96
920.05	352.71
920.421	427.21
920.791	410.92
921.162	401.61
921.532	389.96
921.903	338.75
922.273	422.56
922.644	389.96
923.014	376
923.384	352.71
923.754	434.2
924.124	485.42
924.494	459.81
924.864	401.61
925.234	394.62
925.604	378.32
925.973	380.65
926.343	382.98
926.712	348.06
927.082	401.61
927.451	373.67
927.821	376
928.19	417.9
928.559	420.23
928.928	292.18
929.297	441.18
929.666	462.14
930.035	427.21
930.404	445.84
930.773	396.95
931.142	341.07
931.51	401.61
931.879	399.28
932.247	408.59
932.616	317.79
932.984	355.04
933.353	427.21
933.721	413.25
934.089	394.62
934.457	408.59
934.825	403.93
935.193	357.37
935.561	415.57
935.929	452.82
936.296	487.75
936.664	452.82
937.032	415.57
937.399	420.23
937.767	345.73
938.134	438.86
938.501	392.29
938.869	406.26
939.236	389.96
939.603	403.93
939.97	408.59
940.337	473.78
940.704	424.89
941.071	431.87
941.438	350.39
941.804	436.53
942.171	483.09
942.538	378.32
942.904	359.7
943.27	424.89
943.637	287.53
944.003	403.93
944.369	462.14
944.735	462.14
945.102	415.57
945.468	417.9
945.833	476.11
946.199	420.23
946.565	341.07
946.931	429.54
947.296	422.56
947.662	417.9
948.028	380.65
948.393	396.95
948.758	338.75
949.124	392.29
949.489	371.34
949.854	380.65
950.219	382.98
950.584	387.64
950.949	417.9
951.314	445.84
951.679	427.21
952.044	376
952.408	303.82
952.773	417.9
953.137	357.37
953.502	334.09
953.866	401.61
954.231	410.92
954.595	362.03
954.959	350.39
955.323	445.84
955.687	417.9
956.051	469.12
956.415	413.25
956.779	420.23
957.143	450.5
957.506	324.78
957.87	373.67
958.234	387.64
958.597	427.21
958.961	387.64
959.324	376
959.687	389.96
960.05	401.61
960.413	399.28
960.776	424.89
961.139	406.26
961.502	445.84
961.865	422.56
962.228	427.21
962.591	378.32
962.953	410.92
963.316	394.62
963.678	359.7
964.041	431.87
964.403	364.35
964.765	320.12
965.128	424.89
965.49	420.23
965.852	350.39
966.214	431.87
966.576	480.76
966.938	429.54
967.299	329.43
967.661	424.89
968.023	466.79
968.384	420.23
968.746	399.28
969.107	401.61
969.469	378.32
969.83	385.31
970.191	464.47
970.552	371.34
970.913	417.9
971.274	382.98
971.635	396.95
971.996	436.53
972.357	389.96
972.718	385.31
973.078	385.31
973.439	434.2
973.8	357.37
974.16	357.37
974.52	438.86
974.881	438.86
975.241	462.14
975.601	462.14
975.961	434.2
976.321	417.9
976.681	455.15
977.041	406.26
977.401	429.54
977.76	448.17
978.12	403.93
978.48	352.71
978.839	373.67
979.199	385.31
979.558	445.84
979.917	415.57
980.277	394.62
980.636	357.37
980.995	429.54
981.354	380.65
981.713	341.07
982.072	480.76
982.43	410.92
982.789	362.03
983.148	403.93
983.506	429.54
983.865	382.98
984.223	352.71
984.582	408.59
984.94	369.01
985.298	413.25
985.656	320.12
986.015	348.06
986.373	431.87
986.731	452.82
987.088	369.01
987.446	322.45
987.804	373.67
988.162	378.32
988.519	382.98
988.877	364.35
989.234	382.98
989.591	413.25
989.949	476.11
990.306	403.93
990.663	436.53
991.02	338.75
991.377	359.7
991.734	357.37
992.091	448.17
992.448	431.87
992.805	382.98
993.161	336.42
993.518	392.29
993.874	385.31
994.231	452.82
994.587	431.87
994.943	469.12
995.3	366.68
995.656	373.67
996.012	378.32
996.368	448.17
996.724	424.89
997.08	429.54
997.435	427.21
997.791	443.51
998.147	473.78
998.502	410.92
998.858	445.84
999.213	441.18
999.569	420.23
999.924	371.34
1000.279	441.18
1000.634	511.03
1000.989	387.64
1001.344	334.09
1001.699	399.28
1002.054	429.54
1002.409	417.9
1002.764	350.39
1003.118	459.81
1003.473	371.34
1003.827	329.43
1004.182	380.65
1004.536	494.73
1004.89	429.54
1005.245	403.93
1005.599	350.39
1005.953	422.56
1006.307	422.56
1006.661	389.96
1007.015	420.23
1007.368	396.95
1007.722	406.26
1008.076	341.07
1008.429	441.18
1008.783	417.9
1009.136	420.23
1009.489	387.64
1009.843	420.23
1010.196	415.57
1010.549	408.59
1010.902	445.84
1011.255	434.2
1011.608	403.93
1011.961	327.1
1012.313	394.62
1012.666	473.78
1013.019	494.73
1013.371	364.35
1013.724	389.96
1014.076	396.95
1014.428	362.03
1014.781	408.59
1015.133	413.25
1015.485	389.96
1015.837	438.86
1016.189	422.56
1016.541	371.34
1016.893	355.04
1017.244	403.93
1017.596	385.31
1017.947	355.04
1018.299	306.15
1018.65	431.87
1019.002	434.2
1019.353	401.61
1019.704	376
1020.055	431.87
1020.407	392.29
1020.758	378.32
1021.108	436.53
1021.459	378.32
1021.81	382.98
1022.161	441.18
1022.511	415.57
1022.862	394.62
1023.213	415.57
1023.563	394.62
1023.913	387.64
1024.264	341.07
1024.614	406.26
1024.964	415.57
1025.314	420.23
1025.664	378.32
1026.014	420.23
1026.364	369.01
1026.713	401.61
1027.063	413.25
1027.413	471.45
1027.762	413.25
1028.112	359.7
1028.461	413.25
1028.81	504.04
1029.16	355.04
1029.509	345.73
1029.858	429.54
1030.207	378.32
1030.556	352.71
1030.905	348.06
1031.254	357.37
1031.602	422.56
1031.951	359.7
1032.3	357.37
1032.648	387.64
1032.996	387.64
1033.345	387.64
