187.879	-3.93
188.346	-3.93
188.813	-3.93
189.28	-50.49
189.747	-27.21
190.214	-122.66
190.681	-36.52
191.148	-64.46
191.614	-108.7
192.081	-22.55
192.548	-36.52
193.014	-36.52
193.481	-13.24
193.948	21.68
194.414	26.34
194.881	-22.55
195.347	-50.49
195.813	142.74
196.28	77.56
196.746	163.7
197.212	82.21
197.678	91.53
198.145	189.31
198.611	193.96
199.077	193.96
199.543	224.23
200.009	261.48
200.475	296.4
200.941	275.45
201.407	261.48
201.873	256.82
202.338	294.07
202.804	270.79
203.27	347.62
203.735	373.23
204.201	384.87
204.667	361.59
205.132	354.61
205.598	389.53
206.063	405.83
206.529	408.15
206.994	438.42
207.459	377.89
207.925	359.26
208.39	426.78
208.855	345.29
209.32	438.42
209.785	422.12
210.25	417.47
210.715	391.86
211.18	424.45
211.645	391.86
212.11	394.18
212.575	438.42
213.04	419.79
213.504	389.53
213.969	452.39
214.434	375.56
214.899	452.39
215.363	410.48
215.828	405.83
216.292	394.18
216.757	370.9
217.221	380.22
217.685	494.29
218.15	384.87
218.614	454.72
219.078	387.2
219.542	433.76
220.007	405.83
220.471	408.15
220.935	373.23
221.399	315.03
221.863	361.59
222.327	319.68
222.791	396.51
223.254	317.36
223.718	312.7
224.182	359.26
224.646	422.12
225.109	394.18
225.573	405.83
226.037	398.84
226.5	342.97
226.964	315.03
227.427	310.37
227.89	319.68
228.354	387.2
228.817	419.79
229.28	368.57
229.744	333.65
230.207	394.18
230.67	384.87
231.133	387.2
231.596	356.93
232.059	401.17
232.522	310.37
232.985	375.56
233.448	333.65
233.911	352.28
234.374	391.86
234.836	431.43
235.299	342.97
235.762	354.61
236.224	405.83
236.687	433.76
237.149	375.56
237.612	368.57
238.074	377.89
238.537	450.06
238.999	366.25
239.461	426.78
239.924	347.62
240.386	431.43
240.848	324.34
241.31	338.31
241.772	354.61
242.234	412.81
242.696	352.28
243.158	345.29
243.62	296.4
244.082	405.83
244.544	468.69
245.006	396.51
245.468	326.67
245.929	345.29
246.391	482.65
246.852	366.25
247.314	394.18
247.776	354.61
248.237	382.54
248.698	391.86
249.16	398.84
249.621	347.62
250.082	373.23
250.544	438.42
251.005	429.11
251.466	354.61
251.927	412.81
252.388	368.57
252.849	424.45
253.31	373.23
253.771	415.14
254.232	431.43
254.693	422.12
255.154	403.5
255.615	377.89
256.075	310.37
256.536	338.31
256.997	394.18
257.457	384.87
257.918	436.09
258.378	412.81
258.839	412.81
259.299	342.97
259.759	450.06
260.22	391.86
260.68	417.47
261.14	403.5
261.6	326.67
262.06	375.56
262.521	424.45
262.981	471.01
263.441	422.12
263.901	354.61
264.36	436.09
264.82	422.12
265.28	333.65
265.74	426.78
266.2	401.17
266.659	419.79
267.119	398.84
267.579	466.36
268.038	396.51
268.498	391.86
268.957	457.04
269.416	363.92
269.876	363.92
270.335	347.62
270.794	429.11
271.254	391.86
271.713	410.48
272.172	415.14
272.631	370.9
273.09	424.45
273.549	419.79
274.008	331.32
274.467	412.81
274.926	335.98
275.385	408.15
275.843	410.48
276.302	375.56
276.761	380.22
277.22	429.11
277.678	391.86
278.137	387.2
278.595	445.4
279.054	410.48
279.512	387.2
279.97	373.23
280.429	412.81
280.887	475.67
281.345	382.54
281.803	431.43
282.262	396.51
282.72	436.09
283.178	359.26
283.636	443.08
284.094	440.75
284.552	352.28
285.01	354.61
285.467	459.37
285.925	440.75
286.383	403.5
286.841	382.54
287.298	401.17
287.756	403.5
288.213	394.18
288.671	333.65
289.128	363.92
289.586	410.48
290.043	426.78
290.5	412.81
290.958	424.45
291.415	382.54
291.872	438.42
292.329	452.39
292.786	352.28
293.243	380.22
293.7	429.11
294.157	424.45
294.614	366.25
295.071	415.14
295.528	494.29
295.985	452.39
296.441	431.43
296.898	431.43
297.355	431.43
297.811	447.73
298.268	422.12
298.724	352.28
299.181	403.5
299.637	440.75
300.094	401.17
300.55	450.06
301.006	443.08
301.462	380.22
301.919	384.87
302.375	447.73
302.831	408.15
303.287	417.47
303.743	443.08
304.199	422.12
304.655	424.45
305.11	368.57
305.566	387.2
306.022	380.22
306.478	408.15
306.933	412.81
307.389	436.09
307.845	450.06
308.3	429.11
308.756	387.2
309.211	478
309.666	354.61
310.122	361.59
310.577	429.11
311.032	380.22
311.487	398.84
311.943	382.54
312.398	377.89
312.853	457.04
313.308	424.45
313.763	443.08
314.218	405.83
314.672	384.87
315.127	382.54
315.582	417.47
316.037	366.25
316.492	431.43
316.946	501.28
317.401	373.23
317.855	452.39
318.31	301.06
318.764	440.75
319.219	363.92
319.673	410.48
320.127	394.18
320.582	412.81
321.036	491.97
321.49	373.23
321.944	410.48
322.398	431.43
322.852	473.34
323.306	405.83
323.76	457.04
324.214	480.33
324.668	464.03
325.122	340.64
325.575	412.81
326.029	447.73
326.483	384.87
326.936	419.79
327.39	468.69
327.843	510.59
328.297	424.45
328.75	431.43
329.204	424.45
329.657	431.43
330.11	457.04
330.564	440.75
331.017	426.78
331.47	440.75
331.923	338.31
332.376	424.45
332.829	361.59
333.282	471.01
333.735	431.43
334.188	478
334.641	403.5
335.093	415.14
335.546	464.03
335.999	454.72
336.451	389.53
336.904	459.37
337.356	422.12
337.809	424.45
338.261	359.26
338.714	438.42
339.166	459.37
339.618	380.22
340.07	422.12
340.523	473.34
340.975	415.14
341.427	412.81
341.879	466.36
342.331	450.06
342.783	443.08
343.235	454.72
343.687	417.47
344.138	452.39
344.59	464.03
345.042	380.22
345.494	396.51
345.945	452.39
346.397	478
346.848	433.76
347.3	433.76
347.751	403.5
348.203	389.53
348.654	459.37
349.105	491.97
349.556	431.43
350.008	487.31
350.459	387.2
350.91	440.75
351.361	429.11
351.812	473.34
352.263	398.84
352.714	361.59
353.165	426.78
353.615	424.45
354.066	438.42
354.517	419.79
354.968	373.23
355.418	429.11
355.869	412.81
356.319	443.08
356.77	363.92
357.22	382.54
357.671	373.23
358.121	347.62
358.571	426.78
359.021	452.39
359.472	433.76
359.922	447.73
360.372	403.5
360.822	503.61
361.272	468.69
361.722	412.81
362.172	433.76
362.622	454.72
363.071	438.42
363.521	496.62
363.971	445.4
364.42	501.28
364.87	443.08
365.32	475.67
365.769	422.12
366.219	443.08
366.668	522.23
367.117	412.81
367.567	461.7
368.016	533.87
368.465	501.28
368.914	480.33
369.363	510.59
369.812	454.72
370.261	473.34
370.71	508.26
371.159	524.56
371.608	559.48
372.057	536.2
372.506	517.58
372.955	580.44
373.403	529.22
373.852	615.36
374.301	631.66
374.749	622.34
375.198	659.59
375.646	647.95
376.094	661.92
376.543	801.61
376.991	866.8
377.439	931.99
377.887	952.94
378.336	1085.64
378.784	1146.18
379.232	1188.08
379.68	1360.37
380.128	1474.44
380.576	1502.38
381.023	1709.59
381.471	1954.04
381.919	2142.62
382.367	2475.55
382.814	2722.33
383.262	3001.71
383.71	3264.79
384.157	3655.92
384.605	4107.58
385.052	4319.44
385.499	5087.73
385.947	5585.95
386.394	6088.83
386.841	6887.39
387.288	7674.3
387.735	8607.89
388.182	9522.85
388.63	10663.64
389.076	11713.63
389.523	13266.51
389.97	14856.63
390.417	16230.24
390.864	17783.11
391.311	19627
391.757	21794.51
392.204	23908.47
392.651	26406.57
393.097	28564.76
393.544	31004.66
393.99	33588.9
394.436	35474.7
394.883	37588.66
395.329	39949.4
395.775	40666.47
396.221	41758.37
396.668	42221.67
397.114	42370.67
397.56	42014.46
398.006	40435.98
398.452	38647.96
398.897	36790.1
399.343	34205.86
399.789	32084.92
400.235	29977.94
400.681	27938.49
401.126	25226.2
401.572	22998.16
402.017	21408.04
402.463	19678.22
402.908	18113.71
403.354	17461.83
403.799	15908.95
404.244	15273.37
404.689	14146.55
405.135	13718.17
405.58	13536.57
406.025	12761.3
406.47	12479.59
406.915	11790.46
407.36	11590.24
407.805	10894.13
408.25	10726.5
408.694	10235.26
409.139	9667.19
409.584	8924.51
410.029	8833.72
410.473	7851.24
410.918	7269.2
411.362	6757.01
411.807	6433.4
412.251	5883.95
412.695	5434.62
413.14	5073.76
413.584	4715.22
414.028	4275.2
414.472	4116.89
414.916	3849.15
415.36	3562.79
415.804	3374.21
416.248	3232.2
416.692	3078.54
417.136	3006.36
417.58	2820.11
418.024	2661.8
418.467	2538.41
418.911	2484.86
419.355	2398.72
419.798	2156.59
420.242	2161.25
420.685	2112.36
421.128	2040.18
421.572	1926.1
422.015	1753.82
422.458	1714.24
422.902	1742.18
423.345	1616.46
423.788	1504.71
424.231	1488.41
424.674	1360.37
425.117	1290.52
425.56	1148.5
426.003	1176.44
426.445	1015.8
426.888	1132.21
427.331	985.53
427.773	962.25
428.216	962.25
428.659	904.05
429.101	906.38
429.543	894.74
429.986	771.34
430.428	785.31
430.87	750.39
431.313	799.28
431.755	741.08
432.197	708.48
432.639	762.03
433.081	752.72
433.523	657.26
433.965	734.09
434.407	694.52
434.849	540.86
435.291	573.45
435.732	552.5
436.174	573.45
436.616	650.28
437.057	526.89
437.499	571.12
437.94	678.22
438.382	603.72
438.823	559.48
439.264	552.5
439.706	585.09
440.147	494.29
440.588	582.76
441.029	578.11
441.47	482.65
441.911	526.89
442.352	484.98
442.793	496.62
443.234	508.26
443.675	447.73
444.116	487.31
444.556	498.95
444.997	515.25
445.438	445.4
445.878	433.76
446.319	533.87
446.759	445.4
447.199	464.03
447.64	382.54
448.08	459.37
448.52	533.87
448.961	461.7
449.401	447.73
449.841	484.98
450.281	501.28
450.721	473.34
451.161	408.15
451.601	447.73
452.041	494.29
452.48	545.51
452.92	391.86
453.36	410.48
453.799	447.73
454.239	466.36
454.679	412.81
455.118	461.7
455.557	419.79
455.997	391.86
456.436	447.73
456.875	478
457.315	440.75
457.754	424.45
458.193	424.45
458.632	471.01
459.071	459.37
459.51	505.94
459.949	478
460.388	454.72
460.827	408.15
461.265	454.72
461.704	464.03
462.143	440.75
462.581	438.42
463.02	401.17
463.458	433.76
463.897	466.36
464.335	468.69
464.774	471.01
465.212	401.17
465.65	403.5
466.088	452.39
466.527	478
466.965	505.94
467.403	443.08
467.841	398.84
468.279	464.03
468.716	482.65
469.154	426.78
469.592	454.72
470.03	433.76
470.467	396.51
470.905	433.76
471.343	447.73
471.78	368.57
472.218	445.4
472.655	408.15
473.092	436.09
473.53	475.67
473.967	431.43
474.404	457.04
474.841	354.61
475.278	419.79
475.716	429.11
476.153	496.62
476.589	401.17
477.026	410.48
477.463	405.83
477.9	405.83
478.337	394.18
478.773	447.73
479.21	447.73
479.647	412.81
480.083	422.12
480.52	375.56
480.956	415.14
481.392	419.79
481.829	431.43
482.265	426.78
482.701	450.06
483.137	445.4
483.574	424.45
484.01	417.47
484.446	419.79
484.882	440.75
485.317	419.79
485.753	366.25
486.189	438.42
486.625	466.36
487.061	482.65
487.496	349.95
487.932	431.43
488.367	433.76
488.803	443.08
489.238	512.92
489.674	440.75
490.109	422.12
490.544	380.22
490.979	347.62
491.415	447.73
491.85	412.81
492.285	431.43
492.72	471.01
493.155	431.43
493.59	396.51
494.024	408.15
494.459	445.4
494.894	398.84
495.329	356.93
495.763	375.56
496.198	429.11
496.632	396.51
497.067	452.39
497.501	440.75
497.936	459.37
498.37	429.11
498.804	440.75
499.238	501.28
499.673	426.78
500.107	445.4
500.541	391.86
500.975	347.62
501.409	489.64
501.843	503.61
502.277	471.01
502.71	382.54
503.144	389.53
503.578	478
504.011	377.89
504.445	422.12
504.878	359.26
505.312	424.45
505.745	464.03
506.179	426.78
506.612	408.15
507.045	468.69
507.479	380.22
507.912	396.51
508.345	429.11
508.778	377.89
509.211	436.09
509.644	368.57
510.077	464.03
510.509	461.7
510.942	487.31
511.375	363.92
511.808	370.9
512.24	415.14
512.673	445.4
513.105	436.09
513.538	498.95
513.97	396.51
514.403	454.72
514.835	429.11
515.267	480.33
515.699	412.81
516.131	356.93
516.564	396.51
516.996	429.11
517.428	450.06
517.859	422.12
518.291	412.81
518.723	422.12
519.155	415.14
519.587	478
520.018	431.43
520.45	426.78
520.881	501.28
521.313	459.37
521.744	333.65
522.176	398.84
522.607	475.67
523.038	419.79
523.47	384.87
523.901	438.42
524.332	489.64
524.763	391.86
525.194	396.51
525.625	422.12
526.056	429.11
526.487	478
526.917	410.48
527.348	426.78
527.779	338.31
528.21	382.54
528.64	342.97
529.071	494.29
529.501	419.79
529.932	468.69
530.362	471.01
530.792	447.73
531.222	484.98
531.653	419.79
532.083	422.12
532.513	408.15
532.943	461.7
533.373	391.86
533.803	415.14
534.233	450.06
534.663	508.26
535.092	436.09
535.522	484.98
535.952	473.34
536.381	356.93
536.811	398.84
537.24	410.48
537.67	401.17
538.099	419.79
538.529	403.5
538.958	494.29
539.387	396.51
539.816	433.76
540.245	419.79
540.674	440.75
541.103	452.39
541.532	394.18
541.961	454.72
542.39	461.7
542.819	468.69
543.248	366.25
543.676	417.47
544.105	387.2
544.534	356.93
544.962	412.81
545.391	338.31
545.819	452.39
546.247	473.34
546.676	491.97
547.104	468.69
547.532	408.15
547.96	440.75
548.388	447.73
548.816	433.76
549.244	408.15
549.672	391.86
550.1	436.09
550.528	457.04
550.956	384.87
551.383	480.33
551.811	354.61
552.238	466.36
552.666	443.08
553.094	375.56
553.521	380.22
553.948	484.98
554.376	471.01
554.803	352.28
555.23	370.9
555.657	471.01
556.084	377.89
556.511	454.72
556.938	410.48
557.365	405.83
557.792	431.43
558.219	384.87
558.646	471.01
559.072	429.11
559.499	431.43
559.926	454.72
560.352	412.81
560.779	422.12
561.205	484.98
561.632	422.12
562.058	382.54
562.484	403.5
562.91	482.65
563.337	359.26
563.763	426.78
564.189	457.04
564.615	361.59
565.041	363.92
565.466	384.87
565.892	410.48
566.318	349.95
566.744	494.29
567.169	443.08
567.595	487.31
568.021	466.36
568.446	366.25
568.872	475.67
569.297	431.43
569.722	403.5
570.148	438.42
570.573	417.47
570.998	401.17
571.423	422.12
571.848	422.12
572.273	396.51
572.698	424.45
573.123	480.33
573.548	445.4
573.973	394.18
574.397	436.09
574.822	459.37
575.247	426.78
575.671	452.39
576.096	384.87
576.52	452.39
576.944	426.78
577.369	438.42
577.793	408.15
578.217	384.87
578.641	375.56
579.065	429.11
579.49	401.17
579.914	443.08
580.337	384.87
580.761	384.87
581.185	405.83
581.609	443.08
582.033	454.72
582.456	417.47
582.88	450.06
583.303	408.15
583.727	375.56
584.15	461.7
584.574	461.7
584.997	422.12
585.42	391.86
585.844	403.5
586.267	384.87
586.69	394.18
587.113	394.18
587.536	433.76
587.959	403.5
588.382	436.09
588.804	440.75
589.227	445.4
589.65	356.93
590.073	431.43
590.495	457.04
590.918	445.4
591.34	415.14
591.763	459.37
592.185	436.09
592.607	410.48
593.03	424.45
593.452	454.72
593.874	487.31
594.296	438.42
594.718	471.01
595.14	454.72
595.562	401.17
595.984	384.87
596.406	457.04
596.827	389.53
597.249	429.11
597.671	368.57
598.092	380.22
598.514	452.39
598.935	387.2
599.357	438.42
599.778	389.53
600.199	415.14
600.621	454.72
601.042	440.75
601.463	484.98
601.884	415.14
602.305	370.9
602.726	457.04
603.147	394.18
603.568	387.2
603.988	338.31
604.409	433.76
604.83	438.42
605.25	342.97
605.671	389.53
606.092	426.78
606.512	431.43
606.932	452.39
607.353	438.42
607.773	396.51
608.193	410.48
608.613	454.72
609.034	412.81
609.454	410.48
609.874	454.72
610.293	433.76
610.713	368.57
611.133	394.18
611.553	433.76
611.973	410.48
612.392	408.15
612.812	384.87
613.231	375.56
613.651	389.53
614.07	331.32
614.49	443.08
614.909	412.81
615.328	417.47
615.747	415.14
616.167	403.5
616.586	464.03
617.005	426.78
617.424	461.7
617.843	426.78
618.261	482.65
618.68	438.42
619.099	401.17
619.518	361.59
619.936	396.51
620.355	387.2
620.773	438.42
621.192	359.26
621.61	461.7
622.029	473.34
622.447	468.69
622.865	475.67
623.283	398.84
623.701	445.4
624.119	424.45
624.537	384.87
624.955	391.86
625.373	419.79
625.791	401.17
626.209	459.37
626.627	398.84
627.044	373.23
627.462	410.48
627.879	387.2
628.297	389.53
628.714	391.86
629.132	415.14
629.549	359.26
629.966	398.84
630.383	447.73
630.8	438.42
631.217	389.53
631.634	389.53
632.051	461.7
632.468	466.36
632.885	424.45
633.302	443.08
633.719	461.7
634.135	380.22
634.552	396.51
634.969	375.56
635.385	422.12
635.801	333.65
636.218	494.29
636.634	375.56
637.05	431.43
637.467	426.78
637.883	335.98
638.299	419.79
638.715	459.37
639.131	417.47
639.547	415.14
639.963	471.01
640.378	429.11
640.794	398.84
641.21	377.89
641.626	389.53
642.041	422.12
642.457	373.23
642.872	322.01
643.287	403.5
643.703	410.48
644.118	491.97
644.533	405.83
644.948	394.18
645.364	338.31
645.779	419.79
646.194	415.14
646.609	417.47
647.023	431.43
647.438	431.43
647.853	480.33
648.268	380.22
648.682	452.39
649.097	380.22
649.511	408.15
649.926	384.87
650.34	391.86
650.755	417.47
651.169	424.45
651.583	443.08
651.997	459.37
652.411	457.04
652.825	382.54
653.239	394.18
653.653	380.22
654.067	440.75
654.481	396.51
654.895	368.57
655.309	370.9
655.722	368.57
656.136	347.62
656.549	408.15
656.963	403.5
657.376	387.2
657.79	436.09
658.203	384.87
658.616	419.79
659.029	426.78
659.442	380.22
659.855	401.17
660.268	389.53
660.681	415.14
661.094	387.2
661.507	377.89
661.92	433.76
662.333	401.17
662.745	445.4
663.158	356.93
663.57	417.47
663.983	412.81
664.395	452.39
664.808	457.04
665.22	342.97
665.632	391.86
666.044	389.53
666.456	426.78
666.868	335.98
667.28	382.54
667.692	377.89
668.104	373.23
668.516	396.51
668.928	401.17
669.34	382.54
669.751	394.18
670.163	377.89
670.574	440.75
670.986	503.61
671.397	452.39
671.809	412.81
672.22	417.47
672.631	482.65
673.042	443.08
673.453	408.15
673.864	417.47
674.275	377.89
674.686	405.83
675.097	436.09
675.508	401.17
675.919	373.23
676.33	426.78
676.74	384.87
677.151	457.04
677.561	424.45
677.972	433.76
678.382	382.54
678.792	454.72
679.203	461.7
679.613	422.12
680.023	450.06
680.433	373.23
680.843	373.23
681.253	342.97
681.663	459.37
682.073	352.28
682.483	419.79
682.893	345.29
683.302	401.17
683.712	422.12
684.122	382.54
684.531	405.83
684.94	443.08
685.35	401.17
685.759	412.81
686.168	429.11
686.578	459.37
686.987	464.03
687.396	354.61
687.805	403.5
688.214	363.92
688.623	431.43
689.032	405.83
689.44	415.14
689.849	356.93
690.258	377.89
690.666	450.06
691.075	370.9
691.484	408.15
691.892	403.5
692.3	370.9
692.709	431.43
693.117	391.86
693.525	396.51
693.933	426.78
694.341	363.92
694.749	398.84
695.157	359.26
695.565	422.12
695.973	415.14
696.381	475.67
696.788	382.54
697.196	482.65
697.604	440.75
698.011	436.09
698.419	415.14
698.826	391.86
699.234	410.48
699.641	426.78
700.048	433.76
700.455	375.56
700.862	429.11
701.269	391.86
701.676	452.39
702.083	403.5
702.49	412.81
702.897	424.45
703.304	373.23
703.71	347.62
704.117	338.31
704.524	347.62
704.93	375.56
705.337	415.14
705.743	431.43
706.149	412.81
706.556	450.06
706.962	389.53
707.368	468.69
707.774	375.56
708.18	361.59
708.586	478
708.992	443.08
709.398	440.75
709.804	426.78
710.209	498.95
710.615	389.53
711.021	319.68
711.426	431.43
711.832	419.79
712.237	338.31
712.642	410.48
713.048	426.78
713.453	431.43
713.858	429.11
714.263	389.53
714.668	382.54
715.073	410.48
715.478	426.78
715.883	461.7
716.288	438.42
716.693	419.79
717.097	391.86
717.502	466.36
717.906	370.9
718.311	415.14
718.715	387.2
719.12	438.42
719.524	368.57
719.928	349.95
720.333	464.03
720.737	436.09
721.141	391.86
721.545	431.43
721.949	361.59
722.353	373.23
722.757	373.23
723.16	438.42
723.564	356.93
723.968	438.42
724.371	410.48
724.775	471.01
725.178	326.67
725.582	398.84
725.985	387.2
726.388	429.11
726.792	417.47
727.195	452.39
727.598	480.33
728.001	408.15
728.404	401.17
728.807	382.54
729.21	398.84
729.612	487.31
730.015	424.45
730.418	349.95
730.82	391.86
731.223	373.23
731.625	394.18
732.028	417.47
732.43	394.18
732.833	429.11
733.235	363.92
733.637	398.84
734.039	475.67
734.441	417.47
734.843	401.17
735.245	391.86
735.647	401.17
736.049	410.48
736.451	349.95
736.852	373.23
737.254	405.83
737.655	461.7
738.057	382.54
738.458	403.5
738.86	415.14
739.261	459.37
739.662	356.93
740.064	415.14
740.465	426.78
740.866	333.65
741.267	403.5
741.668	468.69
742.069	464.03
742.469	396.51
742.87	373.23
743.271	380.22
743.672	436.09
744.072	429.11
744.473	380.22
744.873	401.17
745.274	368.57
745.674	401.17
746.074	415.14
746.474	373.23
746.875	363.92
747.275	361.59
747.675	345.29
748.075	375.56
748.474	447.73
748.874	382.54
749.274	415.14
749.674	415.14
750.073	342.97
750.473	424.45
750.873	382.54
751.272	417.47
751.671	394.18
752.071	447.73
752.47	459.37
752.869	466.36
753.268	345.29
753.668	380.22
754.067	443.08
754.466	408.15
754.864	359.26
755.263	377.89
755.662	438.42
756.061	422.12
756.459	457.04
756.858	468.69
757.257	398.84
757.655	410.48
758.053	426.78
758.452	443.08
758.85	324.34
759.248	429.11
759.646	349.95
760.045	401.17
760.443	426.78
760.841	382.54
761.238	443.08
761.636	450.06
762.034	438.42
762.432	377.89
762.829	415.14
763.227	408.15
763.625	431.43
764.022	401.17
764.419	454.72
764.817	426.78
765.214	396.51
765.611	356.93
766.008	349.95
766.406	438.42
766.803	471.01
767.199	412.81
767.596	491.97
767.993	417.47
768.39	410.48
768.787	333.65
769.183	370.9
769.58	331.32
769.977	405.83
770.373	377.89
770.769	438.42
771.166	373.23
771.562	445.4
771.958	333.65
772.354	324.34
772.75	368.57
773.146	419.79
773.542	405.83
773.938	415.14
774.334	331.32
774.73	412.81
775.126	396.51
775.521	417.47
775.917	426.78
776.312	436.09
776.708	356.93
777.103	356.93
777.499	363.92
777.894	429.11
778.289	359.26
778.684	394.18
779.079	338.31
779.474	387.2
779.869	322.01
780.264	422.12
780.659	324.34
781.054	370.9
781.448	440.75
781.843	398.84
782.238	403.5
782.632	382.54
783.027	359.26
783.421	380.22
783.815	391.86
784.21	338.31
784.604	368.57
784.998	394.18
785.392	405.83
785.786	452.39
786.18	445.4
786.574	356.93
786.968	342.97
787.361	412.81
787.755	375.56
788.149	447.73
788.542	389.53
788.936	382.54
789.329	440.75
789.722	431.43
790.116	363.92
790.509	466.36
790.902	377.89
791.295	356.93
791.688	375.56
792.081	340.64
792.474	317.36
792.867	426.78
793.26	394.18
793.653	440.75
794.045	380.22
794.438	363.92
794.83	424.45
795.223	398.84
795.615	384.87
796.008	377.89
796.4	457.04
796.792	408.15
797.184	396.51
797.576	403.5
797.968	431.43
798.36	536.2
798.752	363.92
799.144	403.5
799.536	361.59
799.928	422.12
800.319	422.12
800.711	335.98
801.102	403.5
801.494	433.76
801.885	380.22
802.276	384.87
802.668	447.73
803.059	394.18
803.45	426.78
803.841	373.23
804.232	468.69
804.623	335.98
805.014	370.9
805.405	396.51
805.795	429.11
806.186	431.43
806.577	340.64
806.967	438.42
807.358	412.81
807.748	391.86
808.139	375.56
808.529	412.81
808.919	457.04
809.309	389.53
809.699	391.86
810.089	436.09
810.479	389.53
810.869	410.48
811.259	368.57
811.649	415.14
812.039	405.83
812.428	419.79
812.818	410.48
813.207	398.84
813.597	370.9
813.986	398.84
814.376	354.61
814.765	471.01
815.154	391.86
815.543	391.86
815.932	429.11
816.321	424.45
816.71	412.81
817.099	391.86
817.488	484.98
817.877	424.45
818.265	403.5
818.654	445.4
819.043	438.42
819.431	419.79
819.819	440.75
820.208	394.18
820.596	387.2
820.984	489.64
821.372	377.89
821.761	394.18
822.149	370.9
822.537	370.9
822.924	426.78
823.312	422.12
823.7	426.78
824.088	457.04
824.475	377.89
824.863	340.64
825.251	422.12
825.638	410.48
826.025	452.39
826.413	436.09
826.8	440.75
827.187	426.78
827.574	480.33
827.961	422.12
828.348	349.95
828.735	394.18
829.122	359.26
829.509	426.78
829.896	370.9
830.282	408.15
830.669	431.43
831.055	356.93
831.442	405.83
831.828	396.51
832.215	438.42
832.601	389.53
832.987	436.09
833.373	412.81
833.759	459.37
834.145	461.7
834.531	373.23
834.917	377.89
835.303	403.5
835.689	394.18
836.074	468.69
836.46	373.23
836.846	366.25
837.231	519.9
837.617	361.59
838.002	403.5
838.387	405.83
838.772	394.18
839.158	377.89
839.543	387.2
839.928	459.37
840.313	426.78
840.698	403.5
841.082	422.12
841.467	366.25
841.852	356.93
842.237	340.64
842.621	384.87
843.006	375.56
843.39	408.15
843.774	324.34
844.159	394.18
844.543	426.78
844.927	422.12
845.311	401.17
845.695	387.2
846.079	398.84
846.463	391.86
846.847	394.18
847.231	377.89
847.615	426.78
847.998	401.17
848.382	429.11
848.765	375.56
849.149	389.53
849.532	438.42
849.916	461.7
850.299	447.73
850.682	361.59
851.065	391.86
851.448	335.98
851.831	356.93
852.214	377.89
852.597	354.61
852.98	373.23
853.363	377.89
853.745	403.5
854.128	366.25
854.51	415.14
854.893	419.79
855.275	426.78
855.658	394.18
856.04	398.84
856.422	403.5
856.804	359.26
857.186	377.89
857.568	408.15
857.95	373.23
858.332	361.59
858.714	417.47
859.096	445.4
859.477	377.89
859.859	391.86
860.24	359.26
860.622	415.14
861.003	410.48
861.385	459.37
861.766	429.11
862.147	459.37
862.528	478
862.909	354.61
863.29	384.87
863.671	443.08
864.052	426.78
864.433	352.28
864.814	405.83
865.194	464.03
865.575	422.12
865.955	303.39
866.336	387.2
866.716	338.31
867.097	447.73
867.477	408.15
867.857	366.25
868.237	408.15
868.617	394.18
868.997	429.11
869.377	391.86
869.757	445.4
870.137	415.14
870.517	431.43
870.896	391.86
871.276	335.98
871.655	345.29
872.035	426.78
872.414	370.9
872.794	396.51
873.173	429.11
873.552	401.17
873.931	368.57
874.31	317.36
874.689	422.12
875.068	447.73
875.447	387.2
875.826	422.12
876.205	438.42
876.583	445.4
876.962	433.76
877.341	422.12
877.719	426.78
878.097	387.2
878.476	433.76
878.854	412.81
879.232	454.72
879.61	415.14
879.988	403.5
880.366	426.78
880.744	454.72
881.122	368.57
881.5	361.59
881.878	408.15
882.255	373.23
882.633	391.86
883.011	431.43
883.388	340.64
883.765	433.76
884.143	373.23
884.52	345.29
884.897	375.56
885.274	333.65
885.651	403.5
886.028	447.73
886.405	410.48
886.782	408.15
887.159	405.83
887.536	431.43
887.912	354.61
888.289	373.23
888.665	391.86
889.042	319.68
889.418	426.78
889.794	382.54
890.171	391.86
890.547	396.51
890.923	408.15
891.299	405.83
891.675	377.89
892.051	480.33
892.427	394.18
892.803	415.14
893.178	352.28
893.554	389.53
893.929	384.87
894.305	366.25
894.68	389.53
895.056	359.26
895.431	415.14
895.806	394.18
896.181	426.78
896.557	377.89
896.932	450.06
897.307	459.37
897.681	361.59
898.056	391.86
898.431	412.81
898.806	431.43
899.18	398.84
899.555	415.14
899.929	391.86
900.304	394.18
900.678	445.4
901.052	429.11
901.427	422.12
901.801	433.76
902.175	389.53
902.549	461.7
902.923	308.04
903.297	389.53
903.67	361.59
904.044	340.64
904.418	375.56
904.791	457.04
905.165	447.73
905.538	396.51
905.912	412.81
906.285	403.5
906.658	373.23
907.032	415.14
907.405	464.03
907.778	342.97
908.151	375.56
908.524	433.76
908.896	384.87
909.269	391.86
909.642	373.23
910.015	356.93
910.387	473.34
910.76	417.47
911.132	387.2
911.504	429.11
911.877	384.87
912.249	405.83
912.621	433.76
912.993	426.78
913.365	424.45
913.737	501.28
914.109	440.75
914.481	356.93
914.853	396.51
915.224	361.59
915.596	433.76
915.968	324.34
916.339	370.9
916.71	412.81
917.082	433.76
917.453	431.43
917.824	359.26
918.195	373.23
918.566	389.53
918.937	352.28
919.308	408.15
919.679	436.09
920.05	275.45
920.421	354.61
920.791	377.89
921.162	331.32
921.532	382.54
921.903	375.56
922.273	405.83
922.644	436.09
923.014	347.62
923.384	424.45
923.754	398.84
924.124	329
924.494	419.79
924.864	389.53
925.234	384.87
925.604	443.08
925.973	398.84
926.343	359.26
926.712	396.51
927.082	431.43
927.451	445.4
927.821	429.11
928.19	375.56
928.559	417.47
928.928	450.06
929.297	354.61
929.666	363.92
930.035	398.84
930.404	363.92
930.773	398.84
931.142	326.67
931.51	429.11
931.879	391.86
932.247	410.48
932.616	359.26
932.984	429.11
933.353	317.36
933.721	405.83
934.089	429.11
934.457	342.97
934.825	373.23
935.193	405.83
935.561	394.18
935.929	415.14
936.296	363.92
936.664	466.36
937.032	394.18
937.399	403.5
937.767	352.28
938.134	415.14
938.501	419.79
938.869	436.09
939.236	380.22
939.603	410.48
939.97	380.22
940.337	382.54
940.704	443.08
941.071	335.98
941.438	382.54
941.804	382.54
942.171	363.92
942.538	426.78
942.904	396.51
943.27	415.14
943.637	443.08
944.003	387.2
944.369	415.14
944.735	375.56
945.102	398.84
945.468	450.06
945.833	408.15
946.199	436.09
946.565	338.31
946.931	447.73
947.296	329
947.662	447.73
948.028	401.17
948.393	333.65
948.758	471.01
949.124	426.78
949.489	335.98
949.854	349.95
950.219	363.92
950.584	426.78
950.949	368.57
951.314	368.57
951.679	403.5
952.044	326.67
952.408	410.48
952.773	408.15
953.137	412.81
953.502	398.84
953.866	359.26
954.231	401.17
954.595	391.86
954.959	370.9
955.323	387.2
955.687	375.56
956.051	429.11
956.415	377.89
956.779	359.26
957.143	380.22
957.506	380.22
957.87	391.86
958.234	398.84
958.597	380.22
958.961	410.48
959.324	303.39
959.687	405.83
960.05	424.45
960.413	359.26
960.776	405.83
961.139	356.93
961.502	408.15
961.865	375.56
962.228	431.43
962.591	473.34
962.953	394.18
963.316	443.08
963.678	412.81
964.041	454.72
964.403	457.04
964.765	426.78
965.128	324.34
965.49	403.5
965.852	452.39
966.214	373.23
966.576	429.11
966.938	419.79
967.299	450.06
967.661	375.56
968.023	322.01
968.384	382.54
968.746	354.61
969.107	389.53
969.469	412.81
969.83	370.9
970.191	382.54
970.552	410.48
970.913	429.11
971.274	436.09
971.635	349.95
971.996	405.83
972.357	331.32
972.718	415.14
973.078	419.79
973.439	310.37
973.8	375.56
974.16	398.84
974.52	496.62
974.881	377.89
975.241	440.75
975.601	431.43
975.961	387.2
976.321	403.5
976.681	431.43
977.041	403.5
977.401	431.43
977.76	398.84
978.12	436.09
978.48	412.81
978.839	324.34
979.199	519.9
979.558	396.51
979.917	424.45
980.277	412.81
980.636	317.36
980.995	405.83
981.354	445.4
981.713	464.03
982.072	464.03
982.43	345.29
982.789	389.53
983.148	415.14
983.506	354.61
983.865	354.61
984.223	419.79
984.582	382.54
984.94	408.15
985.298	391.86
985.656	433.76
986.015	349.95
986.373	382.54
986.731	391.86
987.088	382.54
987.446	352.28
987.804	384.87
988.162	331.32
988.519	387.2
988.877	466.36
989.234	405.83
989.591	417.47
989.949	347.62
990.306	361.59
990.663	354.61
991.02	478
991.377	438.42
991.734	436.09
992.091	387.2
992.448	466.36
992.805	352.28
993.161	475.67
993.518	387.2
993.874	384.87
994.231	391.86
994.587	359.26
994.943	443.08
995.3	389.53
995.656	450.06
996.012	405.83
996.368	366.25
996.724	394.18
997.08	382.54
997.435	403.5
997.791	394.18
998.147	338.31
998.502	324.34
998.858	373.23
999.213	389.53
999.569	426.78
999.924	389.53
1000.279	419.79
1000.634	391.86
1000.989	396.51
1001.344	396.51
1001.699	368.57
1002.054	429.11
1002.409	373.23
1002.764	426.78
1003.118	417.47
1003.473	352.28
1003.827	345.29
1004.182	387.2
1004.536	429.11
1004.89	424.45
1005.245	363.92
1005.599	335.98
1005.953	366.25
1006.307	433.76
1006.661	384.87
1007.015	340.64
1007.368	438.42
1007.722	426.78
1008.076	417.47
1008.429	408.15
1008.783	403.5
1009.136	415.14
1009.489	359.26
1009.843	387.2
1010.196	405.83
1010.549	412.81
1010.902	333.65
1011.255	370.9
1011.608	417.47
1011.961	450.06
1012.313	380.22
1012.666	387.2
1013.019	415.14
1013.371	382.54
1013.724	408.15
1014.076	424.45
1014.428	310.37
1014.781	417.47
1015.133	322.01
1015.485	377.89
1015.837	375.56
1016.189	342.97
1016.541	359.26
1016.893	375.56
1017.244	412.81
1017.596	408.15
1017.947	457.04
1018.299	324.34
1018.65	412.81
1019.002	422.12
1019.353	331.32
1019.704	452.39
1020.055	382.54
1020.407	422.12
1020.758	408.15
1021.108	398.84
1021.459	459.37
1021.81	429.11
1022.161	356.93
1022.511	382.54
1022.862	382.54
1023.213	445.4
1023.563	415.14
1023.913	403.5
1024.264	391.86
1024.614	419.79
1024.964	368.57
1025.314	431.43
1025.664	412.81
1026.014	415.14
1026.364	387.2
1026.713	459.37
1027.063	422.12
1027.413	370.9
1027.762	366.25
1028.112	342.97
1028.461	394.18
1028.81	426.78
1029.16	373.23
1029.509	361.59
1029.858	312.7
1030.207	412.81
1030.556	363.92
1030.905	443.08
1031.254	443.08
1031.602	347.62
1031.951	398.84
1032.3	377.89
1032.648	380.22
1032.996	380.22
1033.345	380.22
