187.879	-9.31
188.346	-9.31
188.813	-9.31
189.28	-95.45
189.747	-121.06
190.214	-132.7
190.681	-107.09
191.148	-86.14
191.614	-72.17
192.081	2.33
192.548	-86.14
193.014	-74.5
193.481	-34.92
193.948	4.66
194.414	9.31
194.881	16.3
195.347	44.23
195.813	162.97
196.28	27.94
196.746	188.58
197.212	137.36
197.678	137.36
198.145	172.28
198.611	155.99
199.077	186.25
199.543	225.83
200.009	295.67
200.475	246.78
200.941	174.61
201.407	272.39
201.873	307.32
202.338	309.64
202.804	414.41
203.27	342.24
203.735	386.47
204.201	314.3
204.667	339.91
205.132	456.32
205.598	360.86
206.063	381.82
206.529	309.64
206.994	400.44
207.459	426.05
207.925	318.96
208.39	309.64
208.855	405.1
209.32	421.39
209.785	412.08
210.25	414.41
210.715	428.38
211.18	391.13
211.645	381.82
212.11	372.5
212.575	372.5
213.04	346.89
213.504	346.89
213.969	430.71
214.434	332.92
214.899	416.74
215.363	381.82
215.828	377.16
216.292	353.88
216.757	370.18
217.221	346.89
217.685	486.58
218.15	358.53
218.614	379.49
219.078	342.24
219.542	339.91
220.007	349.22
220.471	386.47
220.935	351.55
221.399	379.49
221.863	372.5
222.327	311.97
222.791	330.6
223.254	332.92
223.718	295.67
224.182	370.18
224.646	381.82
225.109	372.5
225.573	323.61
226.037	360.86
226.5	402.77
226.964	337.58
227.427	374.83
227.89	304.99
228.354	314.3
228.817	372.5
229.28	335.25
229.744	377.16
230.207	379.49
230.67	332.92
231.133	286.36
231.596	332.92
232.059	316.63
232.522	370.18
232.985	407.43
233.448	393.46
233.911	332.92
234.374	360.86
234.836	374.83
235.299	421.39
235.762	386.47
236.224	440.02
236.687	360.86
237.149	372.5
237.612	307.32
238.074	447
238.537	335.25
238.999	342.24
239.461	356.21
239.924	416.74
240.386	365.52
240.848	412.08
241.31	426.05
241.772	386.47
242.234	365.52
242.696	377.16
243.158	386.47
243.62	407.43
244.082	405.1
244.544	311.97
245.006	321.28
245.468	353.88
245.929	370.18
246.391	339.91
246.852	335.25
247.314	298
247.776	360.86
248.237	365.52
248.698	349.22
249.16	412.08
249.621	351.55
250.082	393.46
250.544	428.38
251.005	395.78
251.466	395.78
251.927	384.14
252.388	367.85
252.849	379.49
253.31	377.16
253.771	419.07
254.232	339.91
254.693	330.6
255.154	416.74
255.615	428.38
256.075	398.11
256.536	433.04
256.997	414.41
257.457	309.64
257.918	463.3
258.378	416.74
258.839	372.5
259.299	335.25
259.759	363.19
260.22	346.89
260.68	388.8
261.14	407.43
261.6	393.46
262.06	370.18
262.521	339.91
262.981	379.49
263.441	430.71
263.901	391.13
264.36	360.86
264.82	349.22
265.28	402.77
265.74	344.57
266.2	398.11
266.659	416.74
267.119	447
267.579	381.82
268.038	314.3
268.498	435.36
268.957	323.61
269.416	337.58
269.876	402.77
270.335	379.49
270.794	393.46
271.254	318.96
271.713	414.41
272.172	367.85
272.631	388.8
273.09	372.5
273.549	400.44
274.008	474.94
274.467	414.41
274.926	356.21
275.385	444.68
275.843	393.46
276.302	398.11
276.761	391.13
277.22	377.16
277.678	346.89
278.137	405.1
278.595	440.02
279.054	412.08
279.512	474.94
279.97	391.13
280.429	414.41
280.887	358.53
281.345	349.22
281.803	416.74
282.262	440.02
282.72	335.25
283.178	400.44
283.636	400.44
284.094	365.52
284.552	344.57
285.01	388.8
285.467	430.71
285.925	421.39
286.383	447
286.841	365.52
287.298	430.71
287.756	400.44
288.213	363.19
288.671	458.64
289.128	377.16
289.586	428.38
290.043	481.93
290.5	449.33
290.958	409.75
291.415	400.44
291.872	453.99
292.329	402.77
292.786	372.5
293.243	346.89
293.7	323.61
294.157	416.74
294.614	395.78
295.071	337.58
295.528	423.72
295.985	444.68
296.441	402.77
296.898	349.22
297.355	442.35
297.811	311.97
298.268	360.86
298.724	349.22
299.181	353.88
299.637	358.53
300.094	409.75
300.55	346.89
301.006	358.53
301.462	467.96
301.919	447
302.375	332.92
302.831	442.35
303.287	363.19
303.743	381.82
304.199	309.64
304.655	365.52
305.11	400.44
305.566	398.11
306.022	379.49
306.478	330.6
306.933	321.28
307.389	407.43
307.845	440.02
308.3	370.18
308.756	414.41
309.211	353.88
309.666	435.36
310.122	447
310.577	407.43
311.032	405.1
311.487	323.61
311.943	407.43
312.398	398.11
312.853	430.71
313.308	358.53
313.763	365.52
314.218	337.58
314.672	407.43
315.127	395.78
315.582	381.82
316.037	400.44
316.492	381.82
316.946	416.74
317.401	423.72
317.855	365.52
318.31	444.68
318.764	342.24
319.219	453.99
319.673	395.78
320.127	381.82
320.582	393.46
321.036	416.74
321.49	356.21
321.944	414.41
322.398	453.99
322.852	447
323.306	398.11
323.76	465.63
324.214	414.41
324.668	407.43
325.122	440.02
325.575	509.86
326.029	421.39
326.483	400.44
326.936	421.39
327.39	419.07
327.843	370.18
328.297	395.78
328.75	416.74
329.204	484.25
329.657	416.74
330.11	449.33
330.564	372.5
331.017	398.11
331.47	388.8
331.923	449.33
332.376	433.04
332.829	416.74
333.282	370.18
333.735	412.08
334.188	493.57
334.641	423.72
335.093	398.11
335.546	388.8
335.999	428.38
336.451	426.05
336.904	391.13
337.356	370.18
337.809	467.96
338.261	421.39
338.714	365.52
339.166	440.02
339.618	379.49
340.07	409.75
340.523	423.72
340.975	349.22
341.427	456.32
341.879	398.11
342.331	416.74
342.783	377.16
343.235	428.38
343.687	505.21
344.138	374.83
344.59	398.11
345.042	456.32
345.494	430.71
345.945	437.69
346.397	349.22
346.848	356.21
347.3	384.14
347.751	456.32
348.203	388.8
348.654	381.82
349.105	470.29
349.556	465.63
350.008	426.05
350.459	402.77
350.91	388.8
351.361	498.22
351.812	481.93
352.263	481.93
352.714	419.07
353.165	374.83
353.615	447
354.066	421.39
354.517	402.77
354.968	435.36
355.418	433.04
355.869	402.77
356.319	353.88
356.77	479.6
357.22	426.05
357.671	493.57
358.121	400.44
358.571	398.11
359.021	409.75
359.472	412.08
359.922	384.14
360.372	467.96
360.822	440.02
361.272	426.05
361.722	307.32
362.172	414.41
362.622	419.07
363.071	372.5
363.521	412.08
363.971	453.99
364.42	414.41
364.87	458.64
365.32	393.46
365.769	405.1
366.219	467.96
366.668	433.04
367.117	381.82
367.567	414.41
368.016	474.94
368.465	460.97
368.914	442.35
369.363	463.3
369.812	493.57
370.261	481.93
370.71	460.97
371.159	484.25
371.608	453.99
372.057	542.46
372.506	486.58
372.955	582.04
373.403	542.46
373.852	654.21
374.301	633.26
374.749	675.16
375.198	707.76
375.646	675.16
376.094	693.79
376.543	710.08
376.991	847.45
377.439	914.96
377.887	940.57
378.336	1080.26
378.784	1122.17
379.232	1212.96
379.68	1275.82
380.128	1459.75
380.576	1599.44
381.023	1811.3
381.471	1950.99
381.919	2228.04
382.367	2353.76
382.814	2744.88
383.262	2947.43
383.71	3208.19
384.157	3678.47
384.605	3997.43
385.052	4402.53
385.499	4898.42
385.947	5499.08
386.394	6255.73
386.841	6956.5
387.288	7647.96
387.735	8500.06
388.182	9568.68
388.63	10665.24
389.076	11833.97
389.523	13154.03
389.97	14422.87
390.417	16017.65
390.864	17861.54
391.311	19954.54
391.757	21912.52
392.204	23996.21
392.651	25905.29
393.097	28675.78
393.544	30887.52
393.99	33406.58
394.436	35222.53
394.883	37313.21
395.329	39331.71
395.775	40391.02
396.221	41743.67
396.668	42414.18
397.114	41787.9
397.56	41417.73
398.006	40435.25
398.452	38884.71
398.897	37282.94
399.343	34684.73
399.789	32035.3
400.235	29951.61
400.681	27379
401.126	24850.64
401.572	23127.81
402.017	21300.21
402.463	19505.21
402.908	18017.53
403.354	16907
403.799	15803.46
404.244	15128.3
404.689	14373.98
405.135	13645.27
405.58	13358.91
406.025	12876.98
406.47	12315.9
406.915	11766.45
407.36	11598.83
407.805	11203.04
408.25	10749.05
408.694	10155.38
409.139	9489.53
409.584	9070.46
410.029	8635.1
410.473	8083.33
410.918	7394.19
411.362	6949.52
411.807	6311.61
412.251	6020.59
412.695	5473.47
413.14	4928.69
413.584	4619.04
414.028	4467.71
414.472	3915.94
414.916	3964.83
415.36	3580.69
415.804	3294.33
416.248	3159.3
416.692	3021.93
417.136	2884.57
417.58	2691.34
418.024	2647.1
418.467	2584.24
418.911	2444.55
419.355	2428.26
419.798	2274.6
420.242	2230.36
420.685	2127.93
421.128	1997.55
421.572	1911.41
422.015	1788.02
422.458	1713.52
422.902	1666.95
423.345	1666.95
423.788	1503.98
424.231	1399.22
424.674	1315.4
425.117	1320.06
425.56	1133.81
426.003	1108.2
426.445	1056.98
426.888	1056.98
427.331	1040.68
427.773	952.21
428.216	975.49
428.659	959.2
429.101	866.07
429.543	840.46
429.986	833.48
430.428	798.55
430.87	738.02
431.313	738.02
431.755	745.01
432.197	717.07
432.639	724.05
433.081	693.79
433.523	623.94
433.965	630.93
434.407	640.24
434.849	658.87
435.291	577.38
435.732	649.55
436.174	537.8
436.616	528.49
437.057	616.96
437.499	579.71
437.94	602.99
438.382	533.15
438.823	556.43
439.264	540.13
439.706	549.44
440.147	561.08
440.588	516.85
441.029	486.58
441.47	486.58
441.911	547.11
442.352	512.19
442.793	530.82
443.234	507.54
443.675	460.97
444.116	593.68
444.556	495.9
444.997	467.96
445.438	460.97
445.878	423.72
446.319	467.96
446.759	502.88
447.199	419.07
447.64	470.29
448.08	386.47
448.52	428.38
448.961	430.71
449.401	453.99
449.841	456.32
450.281	456.32
450.721	453.99
451.161	460.97
451.601	444.68
452.041	500.55
452.48	472.61
452.92	472.61
453.36	493.57
453.799	430.71
454.239	486.58
454.679	486.58
455.118	426.05
455.557	495.9
455.997	460.97
456.436	437.69
456.875	428.38
457.315	505.21
457.754	465.63
458.193	423.72
458.632	486.58
459.071	491.24
459.51	451.66
459.949	379.49
460.388	451.66
460.827	400.44
461.265	430.71
461.704	451.66
462.143	360.86
462.581	405.1
463.02	458.64
463.458	400.44
463.897	428.38
464.335	444.68
464.774	409.75
465.212	395.78
465.65	505.21
466.088	440.02
466.527	379.49
466.965	449.33
467.403	386.47
467.841	428.38
468.279	339.91
468.716	412.08
469.154	451.66
469.592	456.32
470.03	398.11
470.467	381.82
470.905	456.32
471.343	395.78
471.78	449.33
472.218	365.52
472.655	449.33
473.092	449.33
473.53	419.07
473.967	428.38
474.404	442.35
474.841	400.44
475.278	428.38
475.716	398.11
476.153	435.36
476.589	423.72
477.026	458.64
477.463	421.39
477.9	384.14
478.337	412.08
478.773	456.32
479.21	409.75
479.647	391.13
480.083	437.69
480.52	405.1
480.956	398.11
481.392	472.61
481.829	444.68
482.265	374.83
482.701	423.72
483.137	416.74
483.574	453.99
484.01	430.71
484.446	367.85
484.882	405.1
485.317	388.8
485.753	412.08
486.189	335.25
486.625	465.63
487.061	409.75
487.496	467.96
487.932	460.97
488.367	398.11
488.803	416.74
489.238	416.74
489.674	386.47
490.109	428.38
490.544	374.83
490.979	440.02
491.415	463.3
491.85	381.82
492.285	463.3
492.72	423.72
493.155	298
493.59	412.08
494.024	435.36
494.459	491.24
494.894	391.13
495.329	430.71
495.763	409.75
496.198	365.52
496.632	500.55
497.067	416.74
497.501	419.07
497.936	430.71
498.37	428.38
498.804	426.05
499.238	370.18
499.673	384.14
500.107	437.69
500.541	477.27
500.975	486.58
501.409	444.68
501.843	447
502.277	379.49
502.71	377.16
503.144	307.32
503.578	435.36
504.011	384.14
504.445	388.8
504.878	372.5
505.312	346.89
505.745	398.11
506.179	409.75
506.612	393.46
507.045	416.74
507.479	409.75
507.912	421.39
508.345	495.9
508.778	409.75
509.211	342.24
509.644	430.71
510.077	419.07
510.509	470.29
510.942	402.77
511.375	416.74
511.808	437.69
512.24	360.86
512.673	386.47
513.105	321.28
513.538	393.46
513.97	449.33
514.403	365.52
514.835	442.35
515.267	395.78
515.699	433.04
516.131	451.66
516.564	451.66
516.996	423.72
517.428	311.97
517.859	447
518.291	386.47
518.723	409.75
519.155	451.66
519.587	358.53
520.018	398.11
520.45	442.35
520.881	384.14
521.313	419.07
521.744	437.69
522.176	453.99
522.607	391.13
523.038	335.25
523.47	402.77
523.901	412.08
524.332	412.08
524.763	393.46
525.194	533.15
525.625	433.04
526.056	367.85
526.487	386.47
526.917	405.1
527.348	381.82
527.779	442.35
528.21	437.69
528.64	437.69
529.071	460.97
529.501	440.02
529.932	433.04
530.362	449.33
530.792	402.77
531.222	391.13
531.653	447
532.083	386.47
532.513	479.6
532.943	447
533.373	388.8
533.803	463.3
534.233	367.85
534.663	423.72
535.092	458.64
535.522	402.77
535.952	430.71
536.381	460.97
536.811	409.75
537.24	395.78
537.67	419.07
538.099	442.35
538.529	451.66
538.958	379.49
539.387	502.88
539.816	365.52
540.245	414.41
540.674	400.44
541.103	388.8
541.532	430.71
541.961	419.07
542.39	395.78
542.819	426.05
543.248	500.55
543.676	456.32
544.105	435.36
544.534	400.44
544.962	412.08
545.391	402.77
545.819	412.08
546.247	407.43
546.676	346.89
547.104	409.75
547.532	391.13
547.96	460.97
548.388	328.27
548.816	456.32
549.244	421.39
549.672	370.18
550.1	367.85
550.528	437.69
550.956	412.08
551.383	377.16
551.811	370.18
552.238	409.75
552.666	430.71
553.094	447
553.521	395.78
553.948	440.02
554.376	426.05
554.803	372.5
555.23	351.55
555.657	437.69
556.084	423.72
556.511	453.99
556.938	384.14
557.365	486.58
557.792	416.74
558.219	395.78
558.646	356.21
559.072	391.13
559.499	409.75
559.926	444.68
560.352	409.75
560.779	405.1
561.205	458.64
561.632	407.43
562.058	365.52
562.484	356.21
562.91	363.19
563.337	470.29
563.763	440.02
564.189	400.44
564.615	381.82
565.041	318.96
565.466	391.13
565.892	377.16
566.318	435.36
566.744	318.96
567.169	395.78
567.595	430.71
568.021	405.1
568.446	430.71
568.872	474.94
569.297	363.19
569.722	377.16
570.148	474.94
570.573	456.32
570.998	467.96
571.423	449.33
571.848	470.29
572.273	365.52
572.698	449.33
573.123	423.72
573.548	414.41
573.973	493.57
574.397	414.41
574.822	405.1
575.247	372.5
575.671	363.19
576.096	351.55
576.52	330.6
576.944	419.07
577.369	449.33
577.793	430.71
578.217	426.05
578.641	372.5
579.065	384.14
579.49	395.78
579.914	377.16
580.337	393.46
580.761	453.99
581.185	381.82
581.609	433.04
582.033	386.47
582.456	442.35
582.88	458.64
583.303	407.43
583.727	367.85
584.15	423.72
584.574	423.72
584.997	447
585.42	370.18
585.844	409.75
586.267	386.47
586.69	437.69
587.113	421.39
587.536	412.08
587.959	407.43
588.382	386.47
588.804	379.49
589.227	465.63
589.65	433.04
590.073	416.74
590.495	419.07
590.918	421.39
591.34	388.8
591.763	391.13
592.185	393.46
592.607	360.86
593.03	386.47
593.452	384.14
593.874	453.99
594.296	325.94
594.718	444.68
595.14	391.13
595.562	428.38
595.984	402.77
596.406	379.49
596.827	467.96
597.249	393.46
597.671	421.39
598.092	363.19
598.514	486.58
598.935	470.29
599.357	451.66
599.778	377.16
600.199	402.77
600.621	479.6
601.042	386.47
601.463	442.35
601.884	386.47
602.305	363.19
602.726	414.41
603.147	405.1
603.568	391.13
603.988	381.82
604.409	402.77
604.83	479.6
605.25	409.75
605.671	365.52
606.092	416.74
606.512	451.66
606.932	447
607.353	398.11
607.773	405.1
608.193	458.64
608.613	391.13
609.034	421.39
609.454	356.21
609.874	386.47
610.293	433.04
610.713	449.33
611.133	386.47
611.553	335.25
611.973	386.47
612.392	377.16
612.812	377.16
613.231	344.57
613.651	402.77
614.07	381.82
614.49	442.35
614.909	367.85
615.328	398.11
615.747	381.82
616.167	416.74
616.586	358.53
617.005	442.35
617.424	398.11
617.843	458.64
618.261	477.27
618.68	395.78
619.099	409.75
619.518	402.77
619.936	433.04
620.355	423.72
620.773	409.75
621.192	384.14
621.61	367.85
622.029	363.19
622.447	391.13
622.865	365.52
623.283	437.69
623.701	419.07
624.119	421.39
624.537	384.14
624.955	372.5
625.373	388.8
625.791	351.55
626.209	456.32
626.627	386.47
627.044	430.71
627.462	412.08
627.879	472.61
628.297	388.8
628.714	330.6
629.132	386.47
629.549	409.75
629.966	379.49
630.383	384.14
630.8	367.85
631.217	367.85
631.634	481.93
632.051	412.08
632.468	488.91
632.885	423.72
633.302	423.72
633.719	388.8
634.135	386.47
634.552	400.44
634.969	344.57
635.385	460.97
635.801	435.36
636.218	363.19
636.634	426.05
637.05	360.86
637.467	391.13
637.883	365.52
638.299	379.49
638.715	374.83
639.131	426.05
639.547	393.46
639.963	400.44
640.378	416.74
640.794	428.38
641.21	430.71
641.626	423.72
642.041	435.36
642.457	421.39
642.872	398.11
643.287	423.72
643.703	381.82
644.118	402.77
644.533	386.47
644.948	458.64
645.364	321.28
645.779	426.05
646.194	414.41
646.609	470.29
647.023	409.75
647.438	433.04
647.853	379.49
648.268	363.19
648.682	428.38
649.097	388.8
649.511	395.78
649.926	351.55
650.34	426.05
650.755	379.49
651.169	374.83
651.583	358.53
651.997	435.36
652.411	370.18
652.825	407.43
653.239	391.13
653.653	442.35
654.067	444.68
654.481	402.77
654.895	407.43
655.309	356.21
655.722	358.53
656.136	440.02
656.549	442.35
656.963	314.3
657.376	293.35
657.79	419.07
658.203	367.85
658.616	437.69
659.029	421.39
659.442	386.47
659.855	426.05
660.268	437.69
660.681	407.43
661.094	395.78
661.507	372.5
661.92	370.18
662.333	440.02
662.745	463.3
663.158	367.85
663.57	416.74
663.983	444.68
664.395	409.75
664.808	356.21
665.22	391.13
665.632	449.33
666.044	388.8
666.456	384.14
666.868	363.19
667.28	426.05
667.692	456.32
668.104	416.74
668.516	507.54
668.928	393.46
669.34	407.43
669.751	426.05
670.163	370.18
670.574	367.85
670.986	358.53
671.397	402.77
671.809	374.83
672.22	360.86
672.631	391.13
673.042	358.53
673.453	400.44
673.864	391.13
674.275	412.08
674.686	388.8
675.097	391.13
675.508	453.99
675.919	388.8
676.33	414.41
676.74	416.74
677.151	430.71
677.561	398.11
677.972	342.24
678.382	460.97
678.792	481.93
679.203	391.13
679.613	472.61
680.023	351.55
680.433	372.5
680.843	430.71
681.253	370.18
681.663	416.74
682.073	421.39
682.483	402.77
682.893	395.78
683.302	430.71
683.712	402.77
684.122	377.16
684.531	372.5
684.94	386.47
685.35	409.75
685.759	395.78
686.168	391.13
686.578	444.68
686.987	395.78
687.396	421.39
687.805	423.72
688.214	374.83
688.623	314.3
689.032	395.78
689.44	377.16
689.849	419.07
690.258	414.41
690.666	412.08
691.075	386.47
691.484	381.82
691.892	370.18
692.3	386.47
692.709	311.97
693.117	358.53
693.525	407.43
693.933	374.83
694.341	381.82
694.749	363.19
695.157	428.38
695.565	458.64
695.973	460.97
696.381	398.11
696.788	426.05
697.196	374.83
697.604	372.5
698.011	423.72
698.419	458.64
698.826	393.46
699.234	423.72
699.641	458.64
700.048	400.44
700.455	400.44
700.862	391.13
701.269	433.04
701.676	316.63
702.083	342.24
702.49	388.8
702.897	421.39
703.304	381.82
703.71	318.96
704.117	398.11
704.524	435.36
704.93	419.07
705.337	328.27
705.743	456.32
706.149	412.08
706.556	421.39
706.962	351.55
707.368	414.41
707.774	416.74
708.18	358.53
708.586	386.47
708.992	435.36
709.398	372.5
709.804	435.36
710.209	409.75
710.615	405.1
711.021	393.46
711.426	388.8
711.832	398.11
712.237	346.89
712.642	437.69
713.048	419.07
713.453	412.08
713.858	370.18
714.263	391.13
714.668	384.14
715.073	379.49
715.478	423.72
715.883	421.39
716.288	495.9
716.693	335.25
717.097	370.18
717.502	451.66
717.906	321.28
718.311	344.57
718.715	360.86
719.12	328.27
719.524	372.5
719.928	325.94
720.333	318.96
720.737	379.49
721.141	358.53
721.545	458.64
721.949	393.46
722.353	433.04
722.757	374.83
723.16	433.04
723.564	377.16
723.968	414.41
724.371	447
724.775	367.85
725.178	428.38
725.582	419.07
725.985	381.82
726.388	421.39
726.792	381.82
727.195	328.27
727.598	360.86
728.001	384.14
728.404	414.41
728.807	393.46
729.21	386.47
729.612	337.58
730.015	437.69
730.418	423.72
730.82	353.88
731.223	395.78
731.625	395.78
732.028	365.52
732.43	433.04
732.833	440.02
733.235	363.19
733.637	414.41
734.039	456.32
734.441	377.16
734.843	391.13
735.245	416.74
735.647	433.04
736.049	379.49
736.451	409.75
736.852	388.8
737.254	440.02
737.655	335.25
738.057	393.46
738.458	421.39
738.86	314.3
739.261	433.04
739.662	379.49
740.064	363.19
740.465	451.66
740.866	398.11
741.267	451.66
741.668	412.08
742.069	370.18
742.469	395.78
742.87	360.86
743.271	372.5
743.672	428.38
744.072	393.46
744.473	414.41
744.873	384.14
745.274	374.83
745.674	342.24
746.074	325.94
746.474	349.22
746.875	372.5
747.275	433.04
747.675	346.89
748.075	365.52
748.474	363.19
748.874	393.46
749.274	339.91
749.674	302.66
750.073	353.88
750.473	374.83
750.873	367.85
751.272	395.78
751.671	372.5
752.071	393.46
752.47	447
752.869	391.13
753.268	391.13
753.668	416.74
754.067	377.16
754.466	379.49
754.864	323.61
755.263	384.14
755.662	384.14
756.061	428.38
756.459	374.83
756.858	463.3
757.257	428.38
757.655	433.04
758.053	412.08
758.452	391.13
758.85	388.8
759.248	458.64
759.646	414.41
760.045	428.38
760.443	472.61
760.841	384.14
761.238	409.75
761.636	367.85
762.034	360.86
762.432	393.46
762.829	437.69
763.227	384.14
763.625	386.47
764.022	440.02
764.419	428.38
764.817	486.58
765.214	386.47
765.611	381.82
766.008	349.22
766.406	384.14
766.803	298
767.199	339.91
767.596	360.86
767.993	358.53
768.39	353.88
768.787	365.52
769.183	391.13
769.58	393.46
769.977	367.85
770.373	314.3
770.769	372.5
771.166	398.11
771.562	419.07
771.958	325.94
772.354	421.39
772.75	444.68
773.146	314.3
773.542	365.52
773.938	384.14
774.334	414.41
774.73	402.77
775.126	374.83
775.521	386.47
775.917	414.41
776.312	437.69
776.708	353.88
777.103	391.13
777.499	391.13
777.894	344.57
778.289	398.11
778.684	402.77
779.079	393.46
779.474	398.11
779.869	398.11
780.264	393.46
780.659	358.53
781.054	372.5
781.448	402.77
781.843	467.96
782.238	433.04
782.632	316.63
783.027	398.11
783.421	349.22
783.815	339.91
784.21	339.91
784.604	365.52
784.998	407.43
785.392	363.19
785.786	400.44
786.18	386.47
786.574	414.41
786.968	393.46
787.361	351.55
787.755	379.49
788.149	433.04
788.542	353.88
788.936	498.22
789.329	342.24
789.722	374.83
790.116	339.91
790.509	356.21
790.902	400.44
791.295	398.11
791.688	447
792.081	330.6
792.474	335.25
792.867	388.8
793.26	356.21
793.653	342.24
794.045	409.75
794.438	416.74
794.83	407.43
795.223	447
795.615	370.18
796.008	360.86
796.4	379.49
796.792	337.58
797.184	421.39
797.576	463.3
797.968	332.92
798.36	323.61
798.752	330.6
799.144	353.88
799.536	379.49
799.928	342.24
800.319	416.74
800.711	456.32
801.102	430.71
801.494	374.83
801.885	374.83
802.276	365.52
802.668	365.52
803.059	437.69
803.45	414.41
803.841	367.85
804.232	377.16
804.623	386.47
805.014	374.83
805.405	353.88
805.795	447
806.186	414.41
806.577	409.75
806.967	428.38
807.358	398.11
807.748	365.52
808.139	423.72
808.529	398.11
808.919	430.71
809.309	365.52
809.699	353.88
810.089	325.94
810.479	370.18
810.869	386.47
811.259	349.22
811.649	398.11
812.039	309.64
812.428	421.39
812.818	419.07
813.207	367.85
813.597	374.83
813.986	335.25
814.376	363.19
814.765	356.21
815.154	405.1
815.543	395.78
815.932	398.11
816.321	370.18
816.71	437.69
817.099	460.97
817.488	405.1
817.877	374.83
818.265	393.46
818.654	398.11
819.043	419.07
819.431	363.19
819.819	363.19
820.208	423.72
820.596	374.83
820.984	393.46
821.372	356.21
821.761	365.52
822.149	442.35
822.537	377.16
822.924	409.75
823.312	442.35
823.7	400.44
824.088	391.13
824.475	400.44
824.863	453.99
825.251	391.13
825.638	407.43
826.025	360.86
826.413	398.11
826.8	421.39
827.187	379.49
827.574	407.43
827.961	370.18
828.348	402.77
828.735	353.88
829.122	370.18
829.509	407.43
829.896	318.96
830.282	405.1
830.669	384.14
831.055	449.33
831.442	416.74
831.828	470.29
832.215	400.44
832.601	414.41
832.987	447
833.373	421.39
833.759	339.91
834.145	337.58
834.531	339.91
834.917	374.83
835.303	437.69
835.689	358.53
836.074	395.78
836.46	363.19
836.846	372.5
837.231	346.89
837.617	330.6
838.002	400.44
838.387	407.43
838.772	426.05
839.158	325.94
839.543	395.78
839.928	360.86
840.313	356.21
840.698	416.74
841.082	388.8
841.467	419.07
841.852	435.36
842.237	377.16
842.621	379.49
843.006	393.46
843.39	374.83
843.774	388.8
844.159	405.1
844.543	365.52
844.927	433.04
845.311	465.63
845.695	356.21
846.079	344.57
846.463	433.04
846.847	428.38
847.231	416.74
847.615	423.72
847.998	407.43
848.382	433.04
848.765	388.8
849.149	388.8
849.532	423.72
849.916	314.3
850.299	423.72
850.682	416.74
851.065	365.52
851.448	391.13
851.831	430.71
852.214	377.16
852.597	337.58
852.98	405.1
853.363	388.8
853.745	419.07
854.128	405.1
854.51	325.94
854.893	335.25
855.275	370.18
855.658	328.27
856.04	367.85
856.422	346.89
856.804	360.86
857.186	370.18
857.568	386.47
857.95	358.53
858.332	377.16
858.714	360.86
859.096	360.86
859.477	447
859.859	428.38
860.24	428.38
860.622	393.46
861.003	435.36
861.385	356.21
861.766	398.11
862.147	342.24
862.528	349.22
862.909	374.83
863.29	386.47
863.671	398.11
864.052	379.49
864.433	363.19
864.814	447
865.194	344.57
865.575	407.43
865.955	365.52
866.336	416.74
866.716	398.11
867.097	388.8
867.477	388.8
867.857	372.5
868.237	393.46
868.617	421.39
868.997	370.18
869.377	449.33
869.757	426.05
870.137	353.88
870.517	405.1
870.896	412.08
871.276	335.25
871.655	416.74
872.035	370.18
872.414	465.63
872.794	372.5
873.173	346.89
873.552	309.64
873.931	384.14
874.31	435.36
874.689	421.39
875.068	395.78
875.447	428.38
875.826	349.22
876.205	412.08
876.583	325.94
876.962	344.57
877.341	337.58
877.719	460.97
878.097	353.88
878.476	374.83
878.854	374.83
879.232	325.94
879.61	414.41
879.988	360.86
880.366	335.25
880.744	386.47
881.122	328.27
881.5	307.32
881.878	388.8
882.255	370.18
882.633	353.88
883.011	423.72
883.388	374.83
883.765	374.83
884.143	412.08
884.52	421.39
884.897	395.78
885.274	400.44
885.651	358.53
886.028	372.5
886.405	414.41
886.782	330.6
887.159	365.52
887.536	395.78
887.912	393.46
888.289	419.07
888.665	386.47
889.042	395.78
889.418	363.19
889.794	377.16
890.171	379.49
890.547	325.94
890.923	377.16
891.299	407.43
891.675	428.38
892.051	444.68
892.427	346.89
892.803	395.78
893.178	402.77
893.554	407.43
893.929	393.46
894.305	372.5
894.68	419.07
895.056	330.6
895.431	388.8
895.806	414.41
896.181	393.46
896.557	379.49
896.932	423.72
897.307	393.46
897.681	405.1
898.056	395.78
898.431	398.11
898.806	321.28
899.18	433.04
899.555	405.1
899.929	349.22
900.304	360.86
900.678	391.13
901.052	316.63
901.427	372.5
901.801	428.38
902.175	365.52
902.549	379.49
902.923	412.08
903.297	449.33
903.67	356.21
904.044	428.38
904.418	318.96
904.791	358.53
905.165	358.53
905.538	377.16
905.912	370.18
906.285	349.22
906.658	400.44
907.032	405.1
907.405	433.04
907.778	360.86
908.151	330.6
908.524	444.68
908.896	372.5
909.269	372.5
909.642	346.89
910.015	442.35
910.387	398.11
910.76	318.96
911.132	416.74
911.504	433.04
911.877	400.44
912.249	398.11
912.621	414.41
912.993	365.52
913.365	381.82
913.737	337.58
914.109	407.43
914.481	423.72
914.853	344.57
915.224	388.8
915.596	423.72
915.968	346.89
916.339	377.16
916.71	426.05
917.082	393.46
917.453	381.82
917.824	391.13
918.195	353.88
918.566	449.33
918.937	405.1
919.308	370.18
919.679	360.86
920.05	360.86
920.421	386.47
920.791	386.47
921.162	407.43
921.532	374.83
921.903	449.33
922.273	391.13
922.644	381.82
923.014	351.55
923.384	321.28
923.754	405.1
924.124	444.68
924.494	304.99
924.864	332.92
925.234	423.72
925.604	353.88
925.973	346.89
926.343	426.05
926.712	379.49
927.082	363.19
927.451	374.83
927.821	437.69
928.19	426.05
928.559	407.43
928.928	388.8
929.297	377.16
929.666	356.21
930.035	393.46
930.404	449.33
930.773	360.86
931.142	400.44
931.51	372.5
931.879	428.38
932.247	405.1
932.616	342.24
932.984	342.24
933.353	379.49
933.721	365.52
934.089	437.69
934.457	379.49
934.825	421.39
935.193	379.49
935.561	400.44
935.929	430.71
936.296	421.39
936.664	409.75
937.032	356.21
937.399	370.18
937.767	391.13
938.134	363.19
938.501	384.14
938.869	363.19
939.236	416.74
939.603	342.24
939.97	402.77
940.337	419.07
940.704	384.14
941.071	365.52
941.438	370.18
941.804	353.88
942.171	412.08
942.538	395.78
942.904	423.72
943.27	384.14
943.637	402.77
944.003	311.97
944.369	437.69
944.735	349.22
945.102	377.16
945.468	400.44
945.833	386.47
946.199	444.68
946.565	400.44
946.931	349.22
947.296	384.14
947.662	400.44
948.028	407.43
948.393	393.46
948.758	363.19
949.124	377.16
949.489	430.71
949.854	360.86
950.219	451.66
950.584	379.49
950.949	456.32
951.314	479.6
951.679	412.08
952.044	405.1
952.408	453.99
952.773	374.83
953.137	386.47
953.502	433.04
953.866	386.47
954.231	416.74
954.595	367.85
954.959	386.47
955.323	409.75
955.687	386.47
956.051	351.55
956.415	414.41
956.779	367.85
957.143	444.68
957.506	358.53
957.87	365.52
958.234	377.16
958.597	409.75
958.961	440.02
959.324	367.85
959.687	353.88
960.05	325.94
960.413	370.18
960.776	349.22
961.139	386.47
961.502	342.24
961.865	440.02
962.228	398.11
962.591	405.1
962.953	433.04
963.316	346.89
963.678	377.16
964.041	398.11
964.403	288.69
964.765	405.1
965.128	349.22
965.49	451.66
965.852	412.08
966.214	332.92
966.576	400.44
966.938	395.78
967.299	423.72
967.661	423.72
968.023	426.05
968.384	388.8
968.746	335.25
969.107	372.5
969.469	460.97
969.83	402.77
970.191	398.11
970.552	426.05
970.913	318.96
971.274	391.13
971.635	358.53
971.996	342.24
972.357	370.18
972.718	395.78
973.078	351.55
973.439	363.19
973.8	412.08
974.16	426.05
974.52	419.07
974.881	402.77
975.241	332.92
975.601	400.44
975.961	379.49
976.321	463.3
976.681	419.07
977.041	402.77
977.401	379.49
977.76	379.49
978.12	346.89
978.48	360.86
978.839	414.41
979.199	402.77
979.558	426.05
979.917	381.82
980.277	430.71
980.636	405.1
980.995	395.78
981.354	337.58
981.713	402.77
982.072	349.22
982.43	386.47
982.789	405.1
983.148	395.78
983.506	311.97
983.865	391.13
984.223	349.22
984.582	423.72
984.94	391.13
985.298	330.6
985.656	365.52
986.015	386.47
986.373	349.22
986.731	351.55
987.088	414.41
987.446	302.66
987.804	288.69
988.162	367.85
988.519	407.43
988.877	344.57
989.234	395.78
989.591	393.46
989.949	395.78
990.306	356.21
990.663	412.08
991.02	358.53
991.377	339.91
991.734	353.88
992.091	386.47
992.448	311.97
992.805	358.53
993.161	395.78
993.518	346.89
993.874	391.13
994.231	367.85
994.587	381.82
994.943	321.28
995.3	367.85
995.656	440.02
996.012	405.1
996.368	416.74
996.724	414.41
997.08	302.66
997.435	400.44
997.791	288.69
998.147	318.96
998.502	433.04
998.858	460.97
999.213	421.39
999.569	360.86
999.924	339.91
1000.279	339.91
1000.634	372.5
1000.989	321.28
1001.344	402.77
1001.699	372.5
1002.054	386.47
1002.409	416.74
1002.764	316.63
1003.118	367.85
1003.473	370.18
1003.827	321.28
1004.182	351.55
1004.536	440.02
1004.89	405.1
1005.245	384.14
1005.599	353.88
1005.953	393.46
1006.307	372.5
1006.661	363.19
1007.015	386.47
1007.368	342.24
1007.722	284.03
1008.076	430.71
1008.429	300.33
1008.783	442.35
1009.136	393.46
1009.489	349.22
1009.843	395.78
1010.196	344.57
1010.549	405.1
1010.902	349.22
1011.255	433.04
1011.608	400.44
1011.961	426.05
1012.313	344.57
1012.666	414.41
1013.019	353.88
1013.371	463.3
1013.724	440.02
1014.076	370.18
1014.428	386.47
1014.781	309.64
1015.133	440.02
1015.485	335.25
1015.837	346.89
1016.189	419.07
1016.541	367.85
1016.893	330.6
1017.244	393.46
1017.596	358.53
1017.947	379.49
1018.299	321.28
1018.65	423.72
1019.002	344.57
1019.353	381.82
1019.704	388.8
1020.055	381.82
1020.407	409.75
1020.758	440.02
1021.108	300.33
1021.459	412.08
1021.81	412.08
1022.161	398.11
1022.511	414.41
1022.862	493.57
1023.213	316.63
1023.563	395.78
1023.913	388.8
1024.264	372.5
1024.614	374.83
1024.964	332.92
1025.314	367.85
1025.664	398.11
1026.014	402.77
1026.364	377.16
1026.713	374.83
1027.063	419.07
1027.413	370.18
1027.762	395.78
1028.112	423.72
1028.461	400.44
1028.81	435.36
1029.16	351.55
1029.509	470.29
1029.858	419.07
1030.207	337.58
1030.556	360.86
1030.905	412.08
1031.254	405.1
1031.602	412.08
1031.951	358.53
1032.3	402.77
1032.648	367.85
1032.996	367.85
1033.345	367.85
