187.879	-23.43
188.346	-23.43
188.813	-23.43
189.28	-56.02
189.747	-79.3
190.214	-146.82
190.681	-56.02
191.148	-65.33
191.614	-79.3
192.081	-95.6
192.548	-37.4
193.014	-74.65
193.481	9.17
193.948	25.46
194.414	-7.13
194.881	111.61
195.347	41.76
195.813	55.73
196.28	137.22
196.746	27.79
197.212	153.51
197.678	207.06
198.145	190.76
198.611	183.78
199.077	274.58
199.543	262.94
200.009	251.29
200.475	323.47
200.941	295.53
201.407	318.81
201.873	297.86
202.338	353.73
202.804	397.97
203.27	365.37
203.735	335.11
204.201	428.23
204.667	377.01
205.132	463.16
205.598	395.64
206.063	367.7
206.529	437.55
206.994	402.62
207.459	337.44
207.925	477.12
208.39	393.31
208.855	414.26
209.32	344.42
209.785	400.3
210.25	381.67
210.715	479.45
211.18	374.69
211.645	414.26
212.11	390.98
212.575	400.3
213.04	449.19
213.504	470.14
213.969	351.4
214.434	344.42
214.899	381.67
215.363	363.05
215.828	467.81
216.292	425.91
216.757	400.3
217.221	474.8
217.685	539.98
218.15	349.08
218.614	351.4
219.078	372.36
219.542	395.64
220.007	386.33
220.471	393.31
220.935	365.37
221.399	302.51
221.863	384
222.327	402.62
222.791	451.51
223.254	381.67
223.718	384
224.182	400.3
224.646	349.08
225.109	430.56
225.573	381.67
226.037	377.01
226.5	372.36
226.964	379.34
227.427	330.45
227.89	372.36
228.354	328.12
228.817	418.92
229.28	370.03
229.744	351.4
230.207	386.33
230.67	367.7
231.133	325.8
231.596	351.4
232.059	370.03
232.522	444.53
232.985	388.65
233.448	367.7
233.911	314.15
234.374	393.31
234.836	421.25
235.299	388.65
235.762	407.28
236.224	342.09
236.687	442.2
237.149	437.55
237.612	416.59
238.074	370.03
238.537	356.06
238.999	384
239.461	372.36
239.924	393.31
240.386	365.37
240.848	395.64
241.31	409.61
241.772	395.64
242.234	377.01
242.696	428.23
243.158	444.53
243.62	358.39
244.082	416.59
244.544	346.75
245.006	409.61
245.468	407.28
245.929	374.69
246.391	384
246.852	451.51
247.314	381.67
247.776	370.03
248.237	358.39
248.698	339.76
249.16	402.62
249.621	344.42
250.082	370.03
250.544	425.91
251.005	384
251.466	414.26
251.927	437.55
252.388	397.97
252.849	388.65
253.31	423.58
253.771	360.72
254.232	372.36
254.693	393.31
255.154	393.31
255.615	351.4
256.075	286.22
256.536	404.95
256.997	367.7
257.457	339.76
257.918	411.94
258.378	444.53
258.839	430.56
259.299	346.75
259.759	439.87
260.22	414.26
260.68	374.69
261.14	414.26
261.6	367.7
262.06	474.8
262.521	430.56
262.981	386.33
263.441	402.62
263.901	453.84
264.36	418.92
264.82	446.86
265.28	411.94
265.74	390.98
266.2	477.12
266.659	400.3
267.119	358.39
267.579	423.58
268.038	381.67
268.498	404.95
268.957	363.05
269.416	388.65
269.876	439.87
270.335	353.73
270.794	351.4
271.254	363.05
271.713	435.22
272.172	432.89
272.631	409.61
273.09	435.22
273.549	404.95
274.008	486.44
274.467	365.37
274.926	404.95
275.385	411.94
275.843	407.28
276.302	442.2
276.761	395.64
277.22	421.25
277.678	390.98
278.137	407.28
278.595	407.28
279.054	421.25
279.512	428.23
279.97	381.67
280.429	397.97
280.887	388.65
281.345	414.26
281.803	456.17
282.262	367.7
282.72	407.28
283.178	481.78
283.636	342.09
284.094	423.58
284.552	430.56
285.01	425.91
285.467	407.28
285.925	411.94
286.383	416.59
286.841	428.23
287.298	384
287.756	374.69
288.213	423.58
288.671	458.5
289.128	423.58
289.586	428.23
290.043	372.36
290.5	486.44
290.958	381.67
291.415	365.37
291.872	390.98
292.329	432.89
292.786	442.2
293.243	390.98
293.7	386.33
294.157	451.51
294.614	467.81
295.071	416.59
295.528	404.95
295.985	509.72
296.441	472.47
296.898	484.11
297.355	425.91
297.811	356.06
298.268	411.94
298.724	360.72
299.181	409.61
299.637	421.25
300.094	460.83
300.55	465.48
301.006	370.03
301.462	367.7
301.919	386.33
302.375	421.25
302.831	428.23
303.287	425.91
303.743	435.22
304.199	370.03
304.655	367.7
305.11	442.2
305.566	388.65
306.022	402.62
306.478	481.78
306.933	439.87
307.389	425.91
307.845	458.5
308.3	432.89
308.756	435.22
309.211	451.51
309.666	370.03
310.122	358.39
310.577	444.53
311.032	421.25
311.487	463.16
311.943	384
312.398	467.81
312.853	402.62
313.308	432.89
313.763	411.94
314.218	484.11
314.672	414.26
315.127	470.14
315.582	397.97
316.037	363.05
316.492	470.14
316.946	384
317.401	430.56
317.855	449.19
318.31	428.23
318.764	491.09
319.219	437.55
319.673	386.33
320.127	432.89
320.582	395.64
321.036	458.5
321.49	451.51
321.944	393.31
322.398	463.16
322.852	477.12
323.306	446.86
323.76	453.84
324.214	498.08
324.668	500.41
325.122	428.23
325.575	465.48
326.029	374.69
326.483	481.78
326.936	458.5
327.39	442.2
327.843	446.86
328.297	498.08
328.75	365.37
329.204	442.2
329.657	486.44
330.11	404.95
330.564	384
331.017	446.86
331.47	481.78
331.923	446.86
332.376	458.5
332.829	502.73
333.282	386.33
333.735	435.22
334.188	446.86
334.641	465.48
335.093	418.92
335.546	458.5
335.999	570.25
336.451	418.92
336.904	386.33
337.356	446.86
337.809	437.55
338.261	400.3
338.714	437.55
339.166	495.75
339.618	390.98
340.07	437.55
340.523	418.92
340.975	488.77
341.427	442.2
341.879	442.2
342.331	414.26
342.783	381.67
343.235	421.25
343.687	374.69
344.138	407.28
344.59	384
345.042	400.3
345.494	451.51
345.945	423.58
346.397	435.22
346.848	465.48
347.3	451.51
347.751	537.66
348.203	356.06
348.654	481.78
349.105	498.08
349.556	435.22
350.008	472.47
350.459	460.83
350.91	495.75
351.361	477.12
351.812	477.12
352.263	463.16
352.714	439.87
353.165	335.11
353.615	400.3
354.066	428.23
354.517	481.78
354.968	451.51
355.418	451.51
355.869	418.92
356.319	465.48
356.77	449.19
357.22	528.34
357.671	463.16
358.121	423.58
358.571	358.39
359.021	404.95
359.472	356.06
359.922	472.47
360.372	407.28
360.822	411.94
361.272	458.5
361.722	539.98
362.172	374.69
362.622	444.53
363.071	404.95
363.521	456.17
363.971	451.51
364.42	502.73
364.87	430.56
365.32	439.87
365.769	437.55
366.219	514.37
366.668	484.11
367.117	512.05
367.567	418.92
368.016	512.05
368.465	432.89
368.914	432.89
369.363	474.8
369.812	498.08
370.261	432.89
370.71	491.09
371.159	579.56
371.608	605.17
372.057	519.03
372.506	616.81
372.955	514.37
373.403	553.95
373.852	572.58
374.301	598.19
374.749	712.27
375.198	707.61
375.646	751.85
376.094	798.41
376.543	777.46
376.991	882.22
377.439	945.08
377.887	1040.54
378.336	1007.94
378.784	1119.69
379.232	1254.73
379.68	1366.48
380.128	1515.48
380.576	1694.75
381.023	1741.31
381.471	1967.14
381.919	2223.23
382.367	2483.99
382.814	2751.72
383.262	2975.23
383.71	3296.51
384.157	3713.25
384.605	4095.06
385.052	4472.22
385.499	5058.92
385.947	5713.13
386.394	6213.68
386.841	6954.03
387.288	7864.33
387.735	8674.53
388.182	9696.59
388.63	10765.2
389.076	12001.45
389.523	13142.24
389.97	14492.57
390.417	16213.07
390.864	18196.65
391.311	19968.37
391.757	22080
392.204	24277.77
392.651	26326.54
393.097	28985.28
393.544	31271.52
393.99	33753.32
394.436	35885.91
394.883	38046.43
395.329	40120.81
395.775	41315.14
396.221	42118.36
396.668	42504.83
397.114	42826.11
397.56	41943.74
398.006	40903.06
398.452	39124.36
398.897	37357.3
399.343	34752.1
399.789	32728.94
400.235	30228.51
400.681	27839.83
401.126	25169.45
401.572	23111.37
402.017	21565.48
402.463	19803.07
402.908	18105.85
403.354	17179.25
403.799	16085.02
404.244	15428.48
404.689	14529.82
405.135	14071.17
405.58	13500.78
406.025	12725.5
406.47	12830.27
406.915	12185.37
407.36	11780.28
407.805	11312.32
408.25	10944.47
408.694	10208.78
409.139	9650.02
409.584	9126.19
410.029	8756.01
410.473	7910.9
410.918	7342.83
411.362	7142.61
411.807	6448.82
412.251	6057.69
412.695	5654.92
413.14	5017.01
413.584	4833.09
414.028	4388.41
414.472	4258.03
414.916	3738.86
415.36	3666.69
415.804	3371.01
416.248	3212.7
416.692	3189.42
417.136	2907.71
417.58	2865.8
418.024	2737.75
418.467	2584.1
418.911	2572.46
419.355	2323.34
419.798	2269.8
420.242	2234.88
420.685	2078.89
421.128	2016.03
421.572	1897.29
422.015	1822.79
422.458	1811.15
422.902	1671.46
423.345	1631.89
423.788	1487.54
424.231	1492.2
424.674	1343.2
425.117	1287.32
425.56	1252.4
426.003	1194.19
426.445	1122.02
426.888	1084.77
427.331	1033.55
427.773	998.63
428.216	949.74
428.659	868.25
429.101	952.07
429.543	898.52
429.986	824.02
430.428	847.3
430.87	758.83
431.313	763.49
431.755	775.13
432.197	807.72
432.639	721.58
433.081	737.88
433.523	712.27
433.965	651.74
434.407	742.53
434.849	728.56
435.291	670.36
435.732	556.28
436.174	651.74
436.616	602.84
437.057	544.64
437.499	586.55
437.94	523.69
438.382	470.14
438.823	519.03
439.264	514.37
439.706	465.48
440.147	553.95
440.588	519.03
441.029	467.81
441.47	516.7
441.911	572.58
442.352	533
442.793	537.66
443.234	498.08
443.675	439.87
444.116	570.25
444.556	465.48
444.997	453.84
445.438	453.84
445.878	488.77
446.319	465.48
446.759	488.77
447.199	491.09
447.64	486.44
448.08	453.84
448.52	530.67
448.961	500.41
449.401	439.87
449.841	395.64
450.281	467.81
450.721	423.58
451.161	463.16
451.601	498.08
452.041	444.53
452.48	470.14
452.92	444.53
453.36	416.59
453.799	402.62
454.239	449.19
454.679	402.62
455.118	486.44
455.557	477.12
455.997	446.86
456.436	423.58
456.875	414.26
457.315	367.7
457.754	507.39
458.193	465.48
458.632	402.62
459.071	421.25
459.51	411.94
459.949	449.19
460.388	474.8
460.827	423.58
461.265	428.23
461.704	395.64
462.143	498.08
462.581	535.33
463.02	472.47
463.458	428.23
463.897	430.56
464.335	421.25
464.774	463.16
465.212	425.91
465.65	442.2
466.088	446.86
466.527	446.86
466.965	411.94
467.403	481.78
467.841	467.81
468.279	465.48
468.716	418.92
469.154	367.7
469.592	453.84
470.03	460.83
470.467	428.23
470.905	442.2
471.343	411.94
471.78	425.91
472.218	458.5
472.655	395.64
473.092	477.12
473.53	437.55
473.967	411.94
474.404	446.86
474.841	421.25
475.278	456.17
475.716	428.23
476.153	409.61
476.589	446.86
477.026	418.92
477.463	451.51
477.9	460.83
478.337	418.92
478.773	428.23
479.21	418.92
479.647	439.87
480.083	449.19
480.52	414.26
480.956	363.05
481.392	456.17
481.829	409.61
482.265	428.23
482.701	467.81
483.137	479.45
483.574	400.3
484.01	377.01
484.446	414.26
484.882	451.51
485.317	481.78
485.753	432.89
486.189	435.22
486.625	444.53
487.061	421.25
487.496	449.19
487.932	453.84
488.367	495.75
488.803	486.44
489.238	423.58
489.674	423.58
490.109	356.06
490.544	423.58
490.979	432.89
491.415	374.69
491.85	444.53
492.285	488.77
492.72	421.25
493.155	463.16
493.59	484.11
494.024	416.59
494.459	449.19
494.894	451.51
495.329	472.47
495.763	414.26
496.198	379.34
496.632	409.61
497.067	421.25
497.501	444.53
497.936	407.28
498.37	453.84
498.804	386.33
499.238	418.92
499.673	416.59
500.107	425.91
500.541	435.22
500.975	416.59
501.409	460.83
501.843	453.84
502.277	407.28
502.71	388.65
503.144	477.12
503.578	523.69
504.011	430.56
504.445	458.5
504.878	472.47
505.312	437.55
505.745	479.45
506.179	502.73
506.612	428.23
507.045	425.91
507.479	428.23
507.912	421.25
508.345	535.33
508.778	474.8
509.211	463.16
509.644	451.51
510.077	409.61
510.509	435.22
510.942	395.64
511.375	425.91
511.808	388.65
512.24	386.33
512.673	477.12
513.105	421.25
513.538	449.19
513.97	425.91
514.403	393.31
514.835	432.89
515.267	428.23
515.699	418.92
516.131	407.28
516.564	442.2
516.996	397.97
517.428	451.51
517.859	442.2
518.291	407.28
518.723	430.56
519.155	295.53
519.587	397.97
520.018	463.16
520.45	444.53
520.881	465.48
521.313	435.22
521.744	435.22
522.176	402.62
522.607	439.87
523.038	325.8
523.47	393.31
523.901	500.41
524.332	400.3
524.763	353.73
525.194	404.95
525.625	404.95
526.056	402.62
526.487	418.92
526.917	404.95
527.348	370.03
527.779	388.65
528.21	400.3
528.64	395.64
529.071	379.34
529.501	365.37
529.932	397.97
530.362	446.86
530.792	444.53
531.222	407.28
531.653	470.14
532.083	430.56
532.513	465.48
532.943	425.91
533.373	393.31
533.803	435.22
534.233	395.64
534.663	367.7
535.092	411.94
535.522	507.39
535.952	458.5
536.381	425.91
536.811	467.81
537.24	446.86
537.67	458.5
538.099	414.26
538.529	444.53
538.958	451.51
539.387	498.08
539.816	325.8
540.245	365.37
540.674	416.59
541.103	458.5
541.532	449.19
541.961	409.61
542.39	414.26
542.819	435.22
543.248	502.73
543.676	470.14
544.105	465.48
544.534	384
544.962	444.53
545.391	446.86
545.819	384
546.247	437.55
546.676	442.2
547.104	449.19
547.532	474.8
547.96	428.23
548.388	363.05
548.816	444.53
549.244	484.11
549.672	409.61
550.1	414.26
550.528	423.58
550.956	472.47
551.383	381.67
551.811	474.8
552.238	486.44
552.666	463.16
553.094	397.97
553.521	456.17
553.948	470.14
554.376	432.89
554.803	435.22
555.23	444.53
555.657	363.05
556.084	411.94
556.511	416.59
556.938	453.84
557.365	467.81
557.792	460.83
558.219	409.61
558.646	472.47
559.072	425.91
559.499	414.26
559.926	402.62
560.352	446.86
560.779	495.75
561.205	430.56
561.632	467.81
562.058	446.86
562.484	446.86
562.91	432.89
563.337	377.01
563.763	460.83
564.189	428.23
564.615	423.58
565.041	411.94
565.466	421.25
565.892	500.41
566.318	437.55
566.744	370.03
567.169	442.2
567.595	418.92
568.021	421.25
568.446	470.14
568.872	421.25
569.297	384
569.722	437.55
570.148	446.86
570.573	416.59
570.998	432.89
571.423	395.64
571.848	423.58
572.273	381.67
572.698	439.87
573.123	421.25
573.548	477.12
573.973	416.59
574.397	456.17
574.822	432.89
575.247	414.26
575.671	442.2
576.096	393.31
576.52	451.51
576.944	435.22
577.369	374.69
577.793	444.53
578.217	414.26
578.641	397.97
579.065	402.62
579.49	414.26
579.914	477.12
580.337	421.25
580.761	421.25
581.185	423.58
581.609	439.87
582.033	344.42
582.456	493.42
582.88	460.83
583.303	486.44
583.727	404.95
584.15	400.3
584.574	330.45
584.997	411.94
585.42	390.98
585.844	379.34
586.267	423.58
586.69	435.22
587.113	442.2
587.536	432.89
587.959	458.5
588.382	439.87
588.804	519.03
589.227	421.25
589.65	481.78
590.073	530.67
590.495	400.3
590.918	416.59
591.34	460.83
591.763	384
592.185	437.55
592.607	377.01
593.03	356.06
593.452	449.19
593.874	409.61
594.296	456.17
594.718	416.59
595.14	432.89
595.562	437.55
595.984	484.11
596.406	488.77
596.827	407.28
597.249	384
597.671	446.86
598.092	442.2
598.514	453.84
598.935	384
599.357	381.67
599.778	451.51
600.199	397.97
600.621	393.31
601.042	423.58
601.463	418.92
601.884	397.97
602.305	463.16
602.726	442.2
603.147	439.87
603.568	395.64
603.988	411.94
604.409	356.06
604.83	444.53
605.25	446.86
605.671	407.28
606.092	418.92
606.512	414.26
606.932	421.25
607.353	367.7
607.773	374.69
608.193	349.08
608.613	439.87
609.034	395.64
609.454	374.69
609.874	404.95
610.293	500.41
610.713	381.67
611.133	449.19
611.553	367.7
611.973	458.5
612.392	421.25
612.812	386.33
613.231	390.98
613.651	453.84
614.07	423.58
614.49	442.2
614.909	439.87
615.328	428.23
615.747	384
616.167	449.19
616.586	421.25
617.005	418.92
617.424	437.55
617.843	390.98
618.261	390.98
618.68	409.61
619.099	474.8
619.518	395.64
619.936	423.58
620.355	521.36
620.773	442.2
621.192	432.89
621.61	463.16
622.029	453.84
622.447	442.2
622.865	430.56
623.283	509.72
623.701	402.62
624.119	430.56
624.537	458.5
624.955	428.23
625.373	370.03
625.791	423.58
626.209	442.2
626.627	460.83
627.044	442.2
627.462	472.47
627.879	416.59
628.297	416.59
628.714	467.81
629.132	393.31
629.549	425.91
629.966	435.22
630.383	407.28
630.8	390.98
631.217	479.45
631.634	453.84
632.051	421.25
632.468	379.34
632.885	418.92
633.302	463.16
633.719	467.81
634.135	516.7
634.552	384
634.969	400.3
635.385	430.56
635.801	395.64
636.218	351.4
636.634	395.64
637.05	423.58
637.467	404.95
637.883	430.56
638.299	430.56
638.715	472.47
639.131	458.5
639.547	411.94
639.963	465.48
640.378	460.83
640.794	453.84
641.21	404.95
641.626	451.51
642.041	465.48
642.457	393.31
642.872	393.31
643.287	365.37
643.703	411.94
644.118	423.58
644.533	456.17
644.948	390.98
645.364	437.55
645.779	428.23
646.194	370.03
646.609	423.58
647.023	409.61
647.438	502.73
647.853	423.58
648.268	397.97
648.682	407.28
649.097	409.61
649.511	400.3
649.926	439.87
650.34	458.5
650.755	342.09
651.169	456.17
651.583	456.17
651.997	437.55
652.411	358.39
652.825	360.72
653.239	446.86
653.653	404.95
654.067	349.08
654.481	439.87
654.895	444.53
655.309	446.86
655.722	449.19
656.136	453.84
656.549	409.61
656.963	416.59
657.376	381.67
657.79	409.61
658.203	402.62
658.616	381.67
659.029	393.31
659.442	423.58
659.855	456.17
660.268	404.95
660.681	386.33
661.094	484.11
661.507	393.31
661.92	437.55
662.333	360.72
662.745	407.28
663.158	377.01
663.57	451.51
663.983	386.33
664.395	430.56
664.808	407.28
665.22	416.59
665.632	463.16
666.044	346.75
666.456	363.05
666.868	351.4
667.28	365.37
667.692	379.34
668.104	432.89
668.516	400.3
668.928	416.59
669.34	390.98
669.751	500.41
670.163	379.34
670.574	363.05
670.986	346.75
671.397	418.92
671.809	467.81
672.22	411.94
672.631	432.89
673.042	395.64
673.453	428.23
673.864	423.58
674.275	386.33
674.686	411.94
675.097	495.75
675.508	390.98
675.919	388.65
676.33	444.53
676.74	363.05
677.151	414.26
677.561	460.83
677.972	444.53
678.382	411.94
678.792	418.92
679.203	416.59
679.613	397.97
680.023	393.31
680.433	484.11
680.843	349.08
681.253	397.97
681.663	439.87
682.073	363.05
682.483	367.7
682.893	444.53
683.302	435.22
683.712	442.2
684.122	344.42
684.531	393.31
684.94	421.25
685.35	421.25
685.759	491.09
686.168	423.58
686.578	432.89
686.987	428.23
687.396	428.23
687.805	421.25
688.214	370.03
688.623	458.5
689.032	414.26
689.44	381.67
689.849	451.51
690.258	402.62
690.666	386.33
691.075	421.25
691.484	395.64
691.892	421.25
692.3	409.61
692.709	444.53
693.117	437.55
693.525	467.81
693.933	418.92
694.341	404.95
694.749	402.62
695.157	372.36
695.565	363.05
695.973	400.3
696.381	346.75
696.788	325.8
697.196	418.92
697.604	423.58
698.011	465.48
698.419	437.55
698.826	372.36
699.234	409.61
699.641	411.94
700.048	409.61
700.455	372.36
700.862	437.55
701.269	404.95
701.676	386.33
702.083	460.83
702.49	414.26
702.897	418.92
703.304	421.25
703.71	397.97
704.117	379.34
704.524	384
704.93	451.51
705.337	432.89
705.743	332.78
706.149	342.09
706.556	446.86
706.962	444.53
707.368	463.16
707.774	421.25
708.18	435.22
708.586	451.51
708.992	379.34
709.398	370.03
709.804	358.39
710.209	393.31
710.615	430.56
711.021	411.94
711.426	397.97
711.832	374.69
712.237	456.17
712.642	451.51
713.048	418.92
713.453	444.53
713.858	470.14
714.263	432.89
714.668	421.25
715.073	423.58
715.478	337.44
715.883	463.16
716.288	500.41
716.693	488.77
717.097	453.84
717.502	442.2
717.906	542.31
718.311	360.72
718.715	370.03
719.12	374.69
719.524	328.12
719.928	372.36
720.333	393.31
720.737	491.09
721.141	349.08
721.545	377.01
721.949	451.51
722.353	372.36
722.757	463.16
723.16	393.31
723.564	365.37
723.968	453.84
724.371	446.86
724.775	393.31
725.178	423.58
725.582	400.3
725.985	407.28
726.388	432.89
726.792	381.67
727.195	453.84
727.598	432.89
728.001	351.4
728.404	411.94
728.807	381.67
729.21	397.97
729.612	421.25
730.015	374.69
730.418	325.8
730.82	451.51
731.223	430.56
731.625	404.95
732.028	437.55
732.43	432.89
732.833	351.4
733.235	404.95
733.637	397.97
734.039	349.08
734.441	444.53
734.843	384
735.245	435.22
735.647	351.4
736.049	435.22
736.451	388.65
736.852	363.05
737.254	495.75
737.655	495.75
738.057	360.72
738.458	444.53
738.86	423.58
739.261	428.23
739.662	456.17
740.064	444.53
740.465	430.56
740.866	458.5
741.267	465.48
741.668	395.64
742.069	430.56
742.469	367.7
742.87	442.2
743.271	377.01
743.672	430.56
744.072	377.01
744.473	453.84
744.873	411.94
745.274	425.91
745.674	418.92
746.074	449.19
746.474	477.12
746.875	390.98
747.275	384
747.675	418.92
748.075	390.98
748.474	428.23
748.874	414.26
749.274	377.01
749.674	386.33
750.073	409.61
750.473	493.42
750.873	397.97
751.272	411.94
751.671	425.91
752.071	456.17
752.47	418.92
752.869	407.28
753.268	414.26
753.668	435.22
754.067	432.89
754.466	418.92
754.864	416.59
755.263	449.19
755.662	425.91
756.061	472.47
756.459	377.01
756.858	342.09
757.257	442.2
757.655	439.87
758.053	439.87
758.452	449.19
758.85	374.69
759.248	430.56
759.646	367.7
760.045	470.14
760.443	372.36
760.841	400.3
761.238	414.26
761.636	407.28
762.034	430.56
762.432	437.55
762.829	432.89
763.227	439.87
763.625	370.03
764.022	381.67
764.419	465.48
764.817	435.22
765.214	446.86
765.611	407.28
766.008	367.7
766.406	446.86
766.803	384
767.199	409.61
767.596	435.22
767.993	379.34
768.39	418.92
768.787	409.61
769.183	386.33
769.58	449.19
769.977	435.22
770.373	409.61
770.769	470.14
771.166	346.75
771.562	507.39
771.958	351.4
772.354	409.61
772.75	384
773.146	377.01
773.542	416.59
773.938	388.65
774.334	409.61
774.73	404.95
775.126	453.84
775.521	430.56
775.917	356.06
776.312	437.55
776.708	365.37
777.103	407.28
777.499	437.55
777.894	414.26
778.289	386.33
778.684	381.67
779.079	384
779.474	437.55
779.869	486.44
780.264	458.5
780.659	423.58
781.054	432.89
781.448	428.23
781.843	488.77
782.238	428.23
782.632	393.31
783.027	328.12
783.421	377.01
783.815	481.78
784.21	367.7
784.604	344.42
784.998	372.36
785.392	425.91
785.786	393.31
786.18	397.97
786.574	428.23
786.968	442.2
787.361	425.91
787.755	344.42
788.149	365.37
788.542	423.58
788.936	425.91
789.329	402.62
789.722	437.55
790.116	470.14
790.509	397.97
790.902	430.56
791.295	423.58
791.688	456.17
792.081	402.62
792.474	458.5
792.867	446.86
793.26	477.12
793.653	474.8
794.045	423.58
794.438	395.64
794.83	400.3
795.223	390.98
795.615	390.98
796.008	397.97
796.4	360.72
796.792	400.3
797.184	442.2
797.576	363.05
797.968	481.78
798.36	411.94
798.752	442.2
799.144	402.62
799.536	432.89
799.928	407.28
800.319	484.11
800.711	444.53
801.102	400.3
801.494	407.28
801.885	416.59
802.276	367.7
802.668	411.94
803.059	418.92
803.45	388.65
803.841	393.31
804.232	421.25
804.623	390.98
805.014	363.05
805.405	370.03
805.795	414.26
806.186	418.92
806.577	428.23
806.967	409.61
807.358	439.87
807.748	402.62
808.139	390.98
808.529	414.26
808.919	451.51
809.309	386.33
809.699	381.67
810.089	465.48
810.479	463.16
810.869	374.69
811.259	421.25
811.649	409.61
812.039	358.39
812.428	416.59
812.818	442.2
813.207	390.98
813.597	404.95
813.986	402.62
814.376	411.94
814.765	453.84
815.154	353.73
815.543	421.25
815.932	321.14
816.321	377.01
816.71	435.22
817.099	484.11
817.488	465.48
817.877	430.56
818.265	402.62
818.654	430.56
819.043	432.89
819.431	423.58
819.819	451.51
820.208	456.17
820.596	390.98
820.984	458.5
821.372	374.69
821.761	374.69
822.149	451.51
822.537	363.05
822.924	349.08
823.312	404.95
823.7	451.51
824.088	509.72
824.475	358.39
824.863	439.87
825.251	337.44
825.638	411.94
826.025	402.62
826.413	346.75
826.8	414.26
827.187	330.45
827.574	409.61
827.961	409.61
828.348	409.61
828.735	393.31
829.122	430.56
829.509	446.86
829.896	423.58
830.282	349.08
830.669	428.23
831.055	386.33
831.442	409.61
831.828	425.91
832.215	384
832.601	358.39
832.987	388.65
833.373	465.48
833.759	439.87
834.145	418.92
834.531	407.28
834.917	463.16
835.303	409.61
835.689	363.05
836.074	423.58
836.46	393.31
836.846	393.31
837.231	488.77
837.617	414.26
838.002	425.91
838.387	390.98
838.772	390.98
839.158	407.28
839.543	407.28
839.928	449.19
840.313	390.98
840.698	409.61
841.082	318.81
841.467	407.28
841.852	367.7
842.237	428.23
842.621	381.67
843.006	465.48
843.39	430.56
843.774	453.84
844.159	353.73
844.543	395.64
844.927	432.89
845.311	423.58
845.695	425.91
846.079	400.3
846.463	346.75
846.847	430.56
847.231	393.31
847.615	342.09
847.998	353.73
848.382	395.64
848.765	381.67
849.149	409.61
849.532	444.53
849.916	428.23
850.299	374.69
850.682	358.39
851.065	353.73
851.448	346.75
851.831	395.64
852.214	390.98
852.597	351.4
852.98	437.55
853.363	414.26
853.745	421.25
854.128	432.89
854.51	393.31
854.893	418.92
855.275	421.25
855.658	442.2
856.04	486.44
856.422	339.76
856.804	363.05
857.186	512.05
857.568	425.91
857.95	442.2
858.332	407.28
858.714	367.7
859.096	442.2
859.477	379.34
859.859	342.09
860.24	397.97
860.622	351.4
861.003	411.94
861.385	495.75
861.766	421.25
862.147	411.94
862.528	430.56
862.909	428.23
863.29	414.26
863.671	325.8
864.052	400.3
864.433	442.2
864.814	493.42
865.194	411.94
865.575	386.33
865.955	349.08
866.336	458.5
866.716	363.05
867.097	479.45
867.477	379.34
867.857	453.84
868.237	442.2
868.617	377.01
868.997	453.84
869.377	393.31
869.757	374.69
870.137	328.12
870.517	444.53
870.896	453.84
871.276	498.08
871.655	353.73
872.035	395.64
872.414	388.65
872.794	425.91
873.173	425.91
873.552	339.76
873.931	379.34
874.31	374.69
874.689	388.65
875.068	402.62
875.447	444.53
875.826	356.06
876.205	521.36
876.583	425.91
876.962	423.58
877.341	407.28
877.719	409.61
878.097	456.17
878.476	402.62
878.854	346.75
879.232	411.94
879.61	381.67
879.988	418.92
880.366	386.33
880.744	498.08
881.122	372.36
881.5	451.51
881.878	395.64
882.255	397.97
882.633	411.94
883.011	432.89
883.388	384
883.765	411.94
884.143	439.87
884.52	367.7
884.897	379.34
885.274	390.98
885.651	418.92
886.028	437.55
886.405	411.94
886.782	421.25
887.159	395.64
887.536	404.95
887.912	423.58
888.289	414.26
888.665	381.67
889.042	430.56
889.418	425.91
889.794	453.84
890.171	370.03
890.547	437.55
890.923	372.36
891.299	370.03
891.675	365.37
892.051	379.34
892.427	428.23
892.803	465.48
893.178	430.56
893.554	386.33
893.929	430.56
894.305	381.67
894.68	377.01
895.056	470.14
895.431	393.31
895.806	446.86
896.181	428.23
896.557	463.16
896.932	393.31
897.307	409.61
897.681	349.08
898.056	390.98
898.431	402.62
898.806	474.8
899.18	390.98
899.555	397.97
899.929	442.2
900.304	400.3
900.678	428.23
901.052	377.01
901.427	411.94
901.801	356.06
902.175	414.26
902.549	386.33
902.923	416.59
903.297	409.61
903.67	423.58
904.044	439.87
904.418	356.06
904.791	449.19
905.165	395.64
905.538	444.53
905.912	414.26
906.285	358.39
906.658	377.01
907.032	384
907.405	388.65
907.778	365.37
908.151	384
908.524	425.91
908.896	372.36
909.269	397.97
909.642	451.51
910.015	358.39
910.387	491.09
910.76	353.73
911.132	421.25
911.504	449.19
911.877	388.65
912.249	486.44
912.621	349.08
912.993	363.05
913.365	344.42
913.737	430.56
914.109	400.3
914.481	407.28
914.853	423.58
915.224	409.61
915.596	423.58
915.968	381.67
916.339	444.53
916.71	379.34
917.082	414.26
917.453	402.62
917.824	414.26
918.195	374.69
918.566	435.22
918.937	374.69
919.308	344.42
919.679	439.87
920.05	344.42
920.421	435.22
920.791	474.8
921.162	428.23
921.532	395.64
921.903	363.05
922.273	453.84
922.644	400.3
923.014	372.36
923.384	397.97
923.754	404.95
924.124	328.12
924.494	474.8
924.864	423.58
925.234	384
925.604	411.94
925.973	395.64
926.343	372.36
926.712	430.56
927.082	335.11
927.451	404.95
927.821	365.37
928.19	367.7
928.559	437.55
928.928	460.83
929.297	425.91
929.666	451.51
930.035	472.47
930.404	344.42
930.773	449.19
931.142	435.22
931.51	397.97
931.879	402.62
932.247	404.95
932.616	428.23
932.984	416.59
933.353	332.78
933.721	367.7
934.089	397.97
934.457	432.89
934.825	416.59
935.193	411.94
935.561	374.69
935.929	425.91
936.296	411.94
936.664	365.37
937.032	288.54
937.399	470.14
937.767	356.06
938.134	404.95
938.501	409.61
938.869	335.11
939.236	425.91
939.603	409.61
939.97	435.22
940.337	488.77
940.704	428.23
941.071	430.56
941.438	423.58
941.804	402.62
942.171	407.28
942.538	414.26
942.904	377.01
943.27	421.25
943.637	344.42
944.003	481.78
944.369	397.97
944.735	397.97
945.102	372.36
945.468	418.92
945.833	388.65
946.199	411.94
946.565	439.87
946.931	367.7
947.296	442.2
947.662	370.03
948.028	363.05
948.393	386.33
948.758	397.97
949.124	374.69
949.489	379.34
949.854	432.89
950.219	346.75
950.584	407.28
950.949	390.98
951.314	439.87
951.679	337.44
952.044	395.64
952.408	411.94
952.773	418.92
953.137	465.48
953.502	390.98
953.866	397.97
954.231	367.7
954.595	498.08
954.959	414.26
955.323	409.61
955.687	402.62
956.051	384
956.415	463.16
956.779	435.22
957.143	432.89
957.506	414.26
957.87	404.95
958.234	444.53
958.597	425.91
958.961	411.94
959.324	323.47
959.687	402.62
960.05	365.37
960.413	416.59
960.776	423.58
961.139	477.12
961.502	377.01
961.865	335.11
962.228	393.31
962.591	346.75
962.953	414.26
963.316	402.62
963.678	390.98
964.041	409.61
964.403	353.73
964.765	328.12
965.128	418.92
965.49	432.89
965.852	395.64
966.214	414.26
966.576	442.2
966.938	400.3
967.299	379.34
967.661	411.94
968.023	351.4
968.384	407.28
968.746	400.3
969.107	407.28
969.469	367.7
969.83	374.69
970.191	379.34
970.552	381.67
970.913	430.56
971.274	397.97
971.635	404.95
971.996	402.62
972.357	404.95
972.718	321.14
973.078	342.09
973.439	411.94
973.8	465.48
974.16	421.25
974.52	444.53
974.881	467.81
975.241	395.64
975.601	390.98
975.961	409.61
976.321	416.59
976.681	349.08
977.041	397.97
977.401	349.08
977.76	339.76
978.12	453.84
978.48	393.31
978.839	388.65
979.199	332.78
979.558	384
979.917	388.65
980.277	470.14
980.636	453.84
980.995	421.25
981.354	400.3
981.713	393.31
982.072	356.06
982.43	430.56
982.789	367.7
983.148	353.73
983.506	390.98
983.865	414.26
984.223	451.51
984.582	449.19
984.94	381.67
985.298	395.64
985.656	407.28
986.015	416.59
986.373	400.3
986.731	377.01
987.088	397.97
987.446	332.78
987.804	397.97
988.162	414.26
988.519	421.25
988.877	430.56
989.234	365.37
989.591	365.37
989.949	397.97
990.306	414.26
990.663	390.98
991.02	460.83
991.377	432.89
991.734	397.97
992.091	458.5
992.448	432.89
992.805	439.87
993.161	370.03
993.518	374.69
993.874	381.67
994.231	356.06
994.587	432.89
994.943	379.34
995.3	353.73
995.656	404.95
996.012	367.7
996.368	374.69
996.724	393.31
997.08	456.17
997.435	342.09
997.791	430.56
998.147	381.67
998.502	404.95
998.858	395.64
999.213	360.72
999.569	418.92
999.924	400.3
1000.279	397.97
1000.634	356.06
1000.989	402.62
1001.344	437.55
1001.699	470.14
1002.054	356.06
1002.409	437.55
1002.764	456.17
1003.118	442.2
1003.473	360.72
1003.827	395.64
1004.182	432.89
1004.536	353.73
1004.89	411.94
1005.245	374.69
1005.599	342.09
1005.953	370.03
1006.307	386.33
1006.661	390.98
1007.015	446.86
1007.368	346.75
1007.722	421.25
1008.076	397.97
1008.429	386.33
1008.783	386.33
1009.136	437.55
1009.489	437.55
1009.843	416.59
1010.196	342.09
1010.549	421.25
1010.902	372.36
1011.255	418.92
1011.608	411.94
1011.961	407.28
1012.313	335.11
1012.666	381.67
1013.019	400.3
1013.371	474.8
1013.724	439.87
1014.076	446.86
1014.428	363.05
1014.781	418.92
1015.133	390.98
1015.485	349.08
1015.837	493.42
1016.189	381.67
1016.541	372.36
1016.893	409.61
1017.244	374.69
1017.596	349.08
1017.947	409.61
1018.299	367.7
1018.65	335.11
1019.002	428.23
1019.353	481.78
1019.704	418.92
1020.055	407.28
1020.407	386.33
1020.758	446.86
1021.108	453.84
1021.459	470.14
1021.81	416.59
1022.161	342.09
1022.511	479.45
1022.862	425.91
1023.213	430.56
1023.563	388.65
1023.913	388.65
1024.264	393.31
1024.614	351.4
1024.964	423.58
1025.314	393.31
1025.664	444.53
1026.014	307.17
1026.364	384
1026.713	416.59
1027.063	423.58
1027.413	444.53
1027.762	456.17
1028.112	470.14
1028.461	425.91
1028.81	397.97
1029.16	407.28
1029.509	428.23
1029.858	425.91
1030.207	388.65
1030.556	407.28
1030.905	430.56
1031.254	451.51
1031.602	388.65
1031.951	370.03
1032.3	397.97
1032.648	414.26
1032.996	414.26
1033.345	414.26
