187.879	-63.15
188.346	-63.15
188.813	-63.15
189.28	-93.42
189.747	-142.31
190.214	-93.42
190.681	-158.6
191.148	-53.84
191.614	-53.84
192.081	-77.12
192.548	-81.78
193.014	-39.87
193.481	36.96
193.948	-18.92
194.414	6.69
194.881	69.55
195.347	95.16
195.813	20.66
196.28	127.76
196.746	62.57
197.212	158.02
197.678	190.62
198.145	162.68
198.611	206.91
199.077	244.16
199.543	220.88
200.009	241.84
200.475	274.43
200.941	311.68
201.407	316.34
201.873	360.57
202.338	346.6
202.804	348.93
203.27	334.96
203.735	337.29
204.201	360.57
204.667	376.87
205.132	381.53
205.598	332.63
206.063	344.27
206.529	388.51
206.994	428.09
207.459	332.63
207.925	369.88
208.39	341.95
208.855	332.63
209.32	393.17
209.785	388.51
210.25	360.57
210.715	355.92
211.18	388.51
211.645	367.56
212.11	416.45
212.575	346.6
213.04	381.53
213.504	430.42
213.969	442.06
214.434	416.45
214.899	381.53
215.363	341.95
215.828	367.56
216.292	362.9
216.757	365.23
217.221	374.54
217.685	476.98
218.15	376.87
218.614	355.92
219.078	451.37
219.542	372.21
220.007	386.18
220.471	330.31
220.935	320.99
221.399	423.43
221.863	332.63
222.327	344.27
222.791	446.71
223.254	381.53
223.718	334.96
224.182	374.54
224.646	337.29
225.109	314.01
225.573	360.57
226.037	360.57
226.5	339.62
226.964	400.15
227.427	346.6
227.89	314.01
228.354	393.17
228.817	367.56
229.28	411.79
229.744	418.78
230.207	393.17
230.67	358.24
231.133	381.53
231.596	414.12
232.059	463.01
232.522	400.15
232.985	334.96
233.448	421.1
233.911	358.24
234.374	435.07
234.836	360.57
235.299	439.73
235.762	316.34
236.224	353.59
236.687	388.51
237.149	402.48
237.612	334.96
238.074	416.45
238.537	407.13
238.999	327.98
239.461	400.15
239.924	379.2
240.386	430.42
240.848	337.29
241.31	404.81
241.772	300.04
242.234	314.01
242.696	432.74
243.158	400.15
243.62	409.46
244.082	325.65
244.544	439.73
245.006	372.21
245.468	337.29
245.929	355.92
246.391	346.6
246.852	418.78
247.314	360.57
247.776	432.74
248.237	358.24
248.698	362.9
249.16	351.26
249.621	393.17
250.082	330.31
250.544	423.43
251.005	407.13
251.466	379.2
251.927	348.93
252.388	372.21
252.849	395.49
253.31	388.51
253.771	393.17
254.232	353.59
254.693	332.63
255.154	404.81
255.615	416.45
256.075	423.43
256.536	388.51
256.997	407.13
257.457	400.15
257.918	430.42
258.378	418.78
258.839	365.23
259.299	425.76
259.759	439.73
260.22	372.21
260.68	407.13
261.14	372.21
261.6	379.2
262.06	348.93
262.521	383.85
262.981	397.82
263.441	416.45
263.901	407.13
264.36	297.71
264.82	395.49
265.28	337.29
265.74	402.48
266.2	472.32
266.659	463.01
267.119	395.49
267.579	316.34
268.038	362.9
268.498	402.48
268.957	416.45
269.416	511.9
269.876	416.45
270.335	425.76
270.794	348.93
271.254	425.76
271.713	449.04
272.172	379.2
272.631	388.51
273.09	395.49
273.549	416.45
274.008	428.09
274.467	421.1
274.926	351.26
275.385	344.27
275.843	407.13
276.302	369.88
276.761	372.21
277.22	411.79
277.678	365.23
278.137	430.42
278.595	421.1
279.054	393.17
279.512	414.12
279.97	390.84
280.429	414.12
280.887	372.21
281.345	404.81
281.803	390.84
282.262	388.51
282.72	423.43
283.178	411.79
283.636	395.49
284.094	327.98
284.552	346.6
285.01	460.68
285.467	395.49
285.925	400.15
286.383	367.56
286.841	469.99
287.298	446.71
287.756	353.59
288.213	463.01
288.671	395.49
289.128	460.68
289.586	383.85
290.043	314.01
290.5	430.42
290.958	409.46
291.415	390.84
291.872	437.4
292.329	411.79
292.786	414.12
293.243	369.88
293.7	379.2
294.157	458.35
294.614	442.06
295.071	386.18
295.528	402.48
295.985	397.82
296.441	432.74
296.898	320.99
297.355	386.18
297.811	362.9
298.268	369.88
298.724	409.46
299.181	409.46
299.637	325.65
300.094	360.57
300.55	383.85
301.006	369.88
301.462	411.79
301.919	407.13
302.375	369.88
302.831	530.53
303.287	430.42
303.743	418.78
304.199	486.29
304.655	425.76
305.11	416.45
305.566	442.06
306.022	435.07
306.478	442.06
306.933	421.1
307.389	332.63
307.845	409.46
308.3	388.51
308.756	297.71
309.211	404.81
309.666	374.54
310.122	355.92
310.577	351.26
311.032	458.35
311.487	418.78
311.943	409.46
312.398	404.81
312.853	388.51
313.308	390.84
313.763	393.17
314.218	369.88
314.672	372.21
315.127	383.85
315.582	383.85
316.037	386.18
316.492	416.45
316.946	439.73
317.401	414.12
317.855	400.15
318.31	456.03
318.764	411.79
319.219	474.65
319.673	437.4
320.127	379.2
320.582	388.51
321.036	451.37
321.49	472.32
321.944	421.1
322.398	355.92
322.852	430.42
323.306	423.43
323.76	393.17
324.214	348.93
324.668	358.24
325.122	376.87
325.575	428.09
326.029	437.4
326.483	390.84
326.936	432.74
327.39	451.37
327.843	421.1
328.297	425.76
328.75	421.1
329.204	432.74
329.657	404.81
330.11	418.78
330.564	430.42
331.017	446.71
331.47	460.68
331.923	437.4
332.376	393.17
332.829	362.9
333.282	467.67
333.735	414.12
334.188	411.79
334.641	358.24
335.093	486.29
335.546	400.15
335.999	437.4
336.451	437.4
336.904	390.84
337.356	390.84
337.809	444.38
338.261	388.51
338.714	430.42
339.166	411.79
339.618	444.38
340.07	463.01
340.523	421.1
340.975	362.9
341.427	418.78
341.879	407.13
342.331	444.38
342.783	390.84
343.235	453.7
343.687	402.48
344.138	388.51
344.59	458.35
345.042	411.79
345.494	425.76
345.945	390.84
346.397	397.82
346.848	432.74
347.3	497.93
347.751	430.42
348.203	374.54
348.654	416.45
349.105	456.03
349.556	386.18
350.008	456.03
350.459	423.43
350.91	495.6
351.361	430.42
351.812	400.15
352.263	467.67
352.714	460.68
353.165	442.06
353.615	483.96
354.066	449.04
354.517	446.71
354.968	423.43
355.418	432.74
355.869	435.07
356.319	400.15
356.77	425.76
357.22	428.09
357.671	428.09
358.121	337.29
358.571	435.07
359.021	435.07
359.472	355.92
359.922	439.73
360.372	428.09
360.822	449.04
361.272	416.45
361.722	446.71
362.172	451.37
362.622	411.79
363.071	465.34
363.521	453.7
363.971	383.85
364.42	372.21
364.87	483.96
365.32	402.48
365.769	514.23
366.219	400.15
366.668	490.95
367.117	486.29
367.567	488.62
368.016	446.71
368.465	430.42
368.914	514.23
369.363	488.62
369.812	465.34
370.261	476.98
370.71	591.06
371.159	521.21
371.608	432.74
372.057	542.17
372.506	549.15
372.955	619
373.403	574.76
373.852	581.75
374.301	628.31
374.749	579.42
375.198	684.18
375.646	649.26
376.094	740.06
376.543	772.65
376.991	917
377.439	828.53
377.887	886.73
378.336	1010.12
378.784	1147.49
379.232	1266.22
379.68	1273.21
380.128	1503.69
380.576	1662.01
381.023	1801.69
381.471	1976.31
381.919	2209.12
382.367	2500.14
382.814	2621.2
383.262	2895.92
383.71	3268.43
384.157	3626.96
384.605	4097.25
385.052	4437.16
385.499	5119.3
385.947	5757.22
386.394	6183.27
386.841	6935.26
387.288	7719.84
387.735	8695.34
388.182	9633.58
388.63	10697.54
389.076	12029.24
389.523	13286.44
389.97	14827.67
390.417	16110.48
390.864	18026.55
391.311	19744.72
391.757	21858.68
392.204	24198.47
392.651	26282.16
393.097	28521.83
393.544	30740.56
393.99	33529.68
394.436	35140.75
394.883	37622.56
395.329	39296.5
395.775	40991.39
396.221	41533.85
396.668	42022.76
397.114	42369.65
397.56	41294.05
398.006	40628.2
398.452	39059.03
398.897	37394.4
399.343	35040.64
399.789	32426.14
400.235	30025.82
400.681	27960.75
401.126	25613.98
401.572	23260.22
402.017	21658.46
402.463	19793.61
402.908	18429.32
403.354	17069.68
403.799	16187.31
404.244	15195.52
404.689	14615.81
405.135	14264.26
405.58	13509.94
406.025	12995.42
406.47	12606.62
406.915	12120.04
407.36	11684.68
407.805	11135.23
408.25	10858.18
408.694	10236.57
409.139	9624.27
409.584	9151.65
410.029	8839.68
410.473	8015.52
410.918	7365.96
411.362	6974.84
411.807	6478.94
412.251	6038.92
412.695	5664.09
413.14	5207.77
413.584	4714.21
414.028	4509.33
414.472	4171.75
414.916	3780.62
415.36	3701.46
415.804	3375.52
416.248	3394.15
416.692	3061.22
417.136	2902.91
417.58	2788.83
418.024	2616.55
418.467	2597.92
418.911	2502.47
419.355	2404.68
419.798	2285.95
420.242	2129.96
420.685	2115.99
421.128	1971.65
421.572	1913.45
422.015	1778.41
422.458	1785.4
422.902	1657.35
423.345	1585.18
423.788	1606.13
424.231	1487.39
424.674	1412.89
425.117	1305.8
425.56	1238.28
426.003	1201.03
426.445	1198.7
426.888	1012.45
427.331	1066
427.773	979.86
428.216	1035.73
428.659	816.89
429.101	910.01
429.543	828.53
429.986	842.5
430.428	749.37
430.87	816.89
431.313	798.26
431.755	714.45
432.197	619
432.639	698.15
433.081	714.45
433.523	714.45
433.965	681.86
434.407	623.65
434.849	644.61
435.291	663.23
435.732	653.92
436.174	567.78
436.616	616.67
437.057	558.46
437.499	632.96
437.94	660.9
438.382	574.76
438.823	605.03
439.264	565.45
439.706	528.2
440.147	490.95
440.588	579.42
441.029	463.01
441.47	490.95
441.911	509.57
442.352	504.92
442.793	516.56
443.234	500.26
443.675	435.07
444.116	486.29
444.556	483.96
444.997	479.31
445.438	472.32
445.878	472.32
446.319	488.62
446.759	490.95
447.199	442.06
447.64	407.13
448.08	495.6
448.52	423.43
448.961	411.79
449.401	488.62
449.841	504.92
450.281	456.03
450.721	516.56
451.161	395.49
451.601	446.71
452.041	428.09
452.48	518.89
452.92	414.12
453.36	493.28
453.799	476.98
454.239	449.04
454.679	397.82
455.118	456.03
455.557	458.35
455.997	451.37
456.436	488.62
456.875	444.38
457.315	490.95
457.754	446.71
458.193	423.43
458.632	409.46
459.071	449.04
459.51	430.42
459.949	435.07
460.388	386.18
460.827	393.17
461.265	404.81
461.704	344.27
462.143	314.01
462.581	502.59
463.02	386.18
463.458	418.78
463.897	421.1
464.335	411.79
464.774	453.7
465.212	414.12
465.65	453.7
466.088	483.96
466.527	400.15
466.965	463.01
467.403	437.4
467.841	379.2
468.279	383.85
468.716	397.82
469.154	476.98
469.592	439.73
470.03	430.42
470.467	469.99
470.905	444.38
471.343	400.15
471.78	446.71
472.218	474.65
472.655	372.21
473.092	402.48
473.53	407.13
473.967	476.98
474.404	393.17
474.841	486.29
475.278	418.78
475.716	374.54
476.153	446.71
476.589	376.87
477.026	432.74
477.463	430.42
477.9	409.46
478.337	476.98
478.773	474.65
479.21	395.49
479.647	446.71
480.083	421.1
480.52	381.53
480.956	425.76
481.392	437.4
481.829	476.98
482.265	386.18
482.701	388.51
483.137	449.04
483.574	481.64
484.01	376.87
484.446	465.34
484.882	407.13
485.317	460.68
485.753	463.01
486.189	446.71
486.625	467.67
487.061	416.45
487.496	483.96
487.932	476.98
488.367	379.2
488.803	381.53
489.238	444.38
489.674	351.26
490.109	390.84
490.544	383.85
490.979	453.7
491.415	435.07
491.85	416.45
492.285	439.73
492.72	432.74
493.155	341.95
493.59	472.32
494.024	379.2
494.459	376.87
494.894	432.74
495.329	337.29
495.763	430.42
496.198	393.17
496.632	488.62
497.067	442.06
497.501	469.99
497.936	488.62
498.37	432.74
498.804	428.09
499.238	460.68
499.673	423.43
500.107	428.09
500.541	404.81
500.975	421.1
501.409	325.65
501.843	446.71
502.277	425.76
502.71	451.37
503.144	428.09
503.578	463.01
504.011	379.2
504.445	463.01
504.878	456.03
505.312	439.73
505.745	411.79
506.179	411.79
506.612	374.54
507.045	393.17
507.479	386.18
507.912	460.68
508.345	400.15
508.778	414.12
509.211	442.06
509.644	423.43
510.077	423.43
510.509	449.04
510.942	497.93
511.375	511.9
511.808	437.4
512.24	362.9
512.673	460.68
513.105	442.06
513.538	407.13
513.97	439.73
514.403	374.54
514.835	446.71
515.267	400.15
515.699	444.38
516.131	404.81
516.564	460.68
516.996	430.42
517.428	402.48
517.859	453.7
518.291	432.74
518.723	414.12
519.155	428.09
519.587	339.62
520.018	402.48
520.45	460.68
520.881	381.53
521.313	416.45
521.744	381.53
522.176	483.96
522.607	446.71
523.038	374.54
523.47	458.35
523.901	430.42
524.332	421.1
524.763	425.76
525.194	511.9
525.625	418.78
526.056	372.21
526.487	390.84
526.917	393.17
527.348	360.57
527.779	402.48
528.21	383.85
528.64	383.85
529.071	423.43
529.501	476.98
529.932	418.78
530.362	334.96
530.792	400.15
531.222	465.34
531.653	432.74
532.083	411.79
532.513	500.26
532.943	425.76
533.373	416.45
533.803	395.49
534.233	428.09
534.663	416.45
535.092	416.45
535.522	439.73
535.952	451.37
536.381	444.38
536.811	383.85
537.24	407.13
537.67	395.49
538.099	465.34
538.529	411.79
538.958	423.43
539.387	369.88
539.816	428.09
540.245	416.45
540.674	395.49
541.103	418.78
541.532	379.2
541.961	458.35
542.39	379.2
542.819	428.09
543.248	453.7
543.676	430.42
544.105	376.87
544.534	397.82
544.962	416.45
545.391	463.01
545.819	423.43
546.247	386.18
546.676	388.51
547.104	463.01
547.532	453.7
547.96	409.46
548.388	423.43
548.816	486.29
549.244	444.38
549.672	444.38
550.1	463.01
550.528	516.56
550.956	404.81
551.383	495.6
551.811	411.79
552.238	421.1
552.666	418.78
553.094	446.71
553.521	465.34
553.948	460.68
554.376	446.71
554.803	425.76
555.23	435.07
555.657	416.45
556.084	432.74
556.511	397.82
556.938	407.13
557.365	402.48
557.792	435.07
558.219	428.09
558.646	421.1
559.072	425.76
559.499	400.15
559.926	453.7
560.352	425.76
560.779	511.9
561.205	439.73
561.632	402.48
562.058	416.45
562.484	379.2
562.91	444.38
563.337	428.09
563.763	442.06
564.189	430.42
564.615	407.13
565.041	421.1
565.466	416.45
565.892	423.43
566.318	460.68
566.744	439.73
567.169	432.74
567.595	439.73
568.021	423.43
568.446	488.62
568.872	423.43
569.297	381.53
569.722	404.81
570.148	469.99
570.573	390.84
570.998	400.15
571.423	430.42
571.848	344.27
572.273	456.03
572.698	439.73
573.123	444.38
573.548	362.9
573.973	449.04
574.397	346.6
574.822	325.65
575.247	416.45
575.671	430.42
576.096	400.15
576.52	404.81
576.944	383.85
577.369	346.6
577.793	423.43
578.217	393.17
578.641	390.84
579.065	414.12
579.49	395.49
579.914	460.68
580.337	372.21
580.761	421.1
581.185	432.74
581.609	348.93
582.033	423.43
582.456	449.04
582.88	376.87
583.303	376.87
583.727	400.15
584.15	451.37
584.574	381.53
584.997	442.06
585.42	404.81
585.844	472.32
586.267	432.74
586.69	379.2
587.113	367.56
587.536	404.81
587.959	407.13
588.382	339.62
588.804	346.6
589.227	362.9
589.65	353.59
590.073	486.29
590.495	414.12
590.918	437.4
591.34	421.1
591.763	439.73
592.185	348.93
592.607	432.74
593.03	425.76
593.452	386.18
593.874	390.84
594.296	428.09
594.718	460.68
595.14	393.17
595.562	451.37
595.984	379.2
596.406	407.13
596.827	395.49
597.249	469.99
597.671	376.87
598.092	393.17
598.514	411.79
598.935	362.9
599.357	395.49
599.778	362.9
600.199	348.93
600.621	460.68
601.042	402.48
601.463	390.84
601.884	458.35
602.305	465.34
602.726	432.74
603.147	465.34
603.568	449.04
603.988	395.49
604.409	397.82
604.83	400.15
605.25	388.51
605.671	409.46
606.092	460.68
606.512	379.2
606.932	435.07
607.353	346.6
607.773	355.92
608.193	418.78
608.613	486.29
609.034	388.51
609.454	362.9
609.874	376.87
610.293	379.2
610.713	437.4
611.133	439.73
611.553	369.88
611.973	428.09
612.392	407.13
612.812	416.45
613.231	414.12
613.651	411.79
614.07	444.38
614.49	472.32
614.909	449.04
615.328	409.46
615.747	442.06
616.167	393.17
616.586	430.42
617.005	418.78
617.424	383.85
617.843	423.43
618.261	418.78
618.68	469.99
619.099	458.35
619.518	432.74
619.936	376.87
620.355	393.17
620.773	395.49
621.192	442.06
621.61	362.9
622.029	432.74
622.447	381.53
622.865	400.15
623.283	442.06
623.701	425.76
624.119	442.06
624.537	365.23
624.955	416.45
625.373	395.49
625.791	444.38
626.209	381.53
626.627	358.24
627.044	393.17
627.462	311.68
627.879	402.48
628.297	365.23
628.714	353.59
629.132	386.18
629.549	358.24
629.966	404.81
630.383	423.43
630.8	360.57
631.217	432.74
631.634	334.96
632.051	460.68
632.468	386.18
632.885	430.42
633.302	400.15
633.719	393.17
634.135	395.49
634.552	376.87
634.969	297.71
635.385	449.04
635.801	367.56
636.218	390.84
636.634	325.65
637.05	476.98
637.467	442.06
637.883	316.34
638.299	476.98
638.715	421.1
639.131	390.84
639.547	395.49
639.963	416.45
640.378	386.18
640.794	437.4
641.21	388.51
641.626	367.56
642.041	416.45
642.457	381.53
642.872	365.23
643.287	383.85
643.703	428.09
644.118	425.76
644.533	402.48
644.948	339.62
645.364	348.93
645.779	388.51
646.194	383.85
646.609	390.84
647.023	386.18
647.438	451.37
647.853	421.1
648.268	395.49
648.682	402.48
649.097	372.21
649.511	390.84
649.926	325.65
650.34	395.49
650.755	395.49
651.169	430.42
651.583	393.17
651.997	411.79
652.411	390.84
652.825	367.56
653.239	400.15
653.653	404.81
654.067	409.46
654.481	341.95
654.895	418.78
655.309	374.54
655.722	400.15
656.136	369.88
656.549	430.42
656.963	444.38
657.376	395.49
657.79	402.48
658.203	435.07
658.616	400.15
659.029	397.82
659.442	400.15
659.855	381.53
660.268	416.45
660.681	365.23
661.094	393.17
661.507	435.07
661.92	402.48
662.333	369.88
662.745	437.4
663.158	381.53
663.57	411.79
663.983	428.09
664.395	369.88
664.808	393.17
665.22	402.48
665.632	376.87
666.044	449.04
666.456	360.57
666.868	404.81
667.28	451.37
667.692	400.15
668.104	418.78
668.516	393.17
668.928	414.12
669.34	404.81
669.751	341.95
670.163	472.32
670.574	386.18
670.986	358.24
671.397	381.53
671.809	393.17
672.22	407.13
672.631	344.27
673.042	367.56
673.453	430.42
673.864	423.43
674.275	332.63
674.686	481.64
675.097	367.56
675.508	372.21
675.919	367.56
676.33	365.23
676.74	374.54
677.151	362.9
677.561	383.85
677.972	418.78
678.382	418.78
678.792	316.34
679.203	435.07
679.613	423.43
680.023	369.88
680.433	421.1
680.843	402.48
681.253	416.45
681.663	395.49
682.073	383.85
682.483	409.46
682.893	381.53
683.302	388.51
683.712	372.21
684.122	367.56
684.531	374.54
684.94	407.13
685.35	383.85
685.759	407.13
686.168	372.21
686.578	395.49
686.987	416.45
687.396	432.74
687.805	416.45
688.214	355.92
688.623	353.59
689.032	504.92
689.44	400.15
689.849	411.79
690.258	395.49
690.666	365.23
691.075	442.06
691.484	318.67
691.892	446.71
692.3	390.84
692.709	404.81
693.117	344.27
693.525	428.09
693.933	365.23
694.341	346.6
694.749	400.15
695.157	383.85
695.565	430.42
695.973	395.49
696.381	428.09
696.788	407.13
697.196	409.46
697.604	456.03
698.011	483.96
698.419	397.82
698.826	314.01
699.234	383.85
699.641	416.45
700.048	421.1
700.455	393.17
700.862	416.45
701.269	381.53
701.676	383.85
702.083	376.87
702.49	386.18
702.897	430.42
703.304	472.32
703.71	460.68
704.117	367.56
704.524	386.18
704.93	409.46
705.337	397.82
705.743	456.03
706.149	428.09
706.556	404.81
706.962	411.79
707.368	393.17
707.774	393.17
708.18	500.26
708.586	376.87
708.992	390.84
709.398	376.87
709.804	358.24
710.209	416.45
710.615	442.06
711.021	332.63
711.426	428.09
711.832	432.74
712.237	416.45
712.642	414.12
713.048	374.54
713.453	388.51
713.858	409.46
714.263	407.13
714.668	409.46
715.073	423.43
715.478	388.51
715.883	388.51
716.288	407.13
716.693	421.1
717.097	474.65
717.502	449.04
717.906	397.82
718.311	416.45
718.715	386.18
719.12	421.1
719.524	451.37
719.928	416.45
720.333	402.48
720.737	395.49
721.141	414.12
721.545	353.59
721.949	476.98
722.353	367.56
722.757	418.78
723.16	400.15
723.564	374.54
723.968	325.65
724.371	339.62
724.775	421.1
725.178	435.07
725.582	362.9
725.985	430.42
726.388	325.65
726.792	334.96
727.195	374.54
727.598	439.73
728.001	409.46
728.404	416.45
728.807	369.88
729.21	386.18
729.612	376.87
730.015	453.7
730.418	397.82
730.82	421.1
731.223	414.12
731.625	451.37
732.028	388.51
732.43	421.1
732.833	442.06
733.235	409.46
733.637	442.06
734.039	439.73
734.441	446.71
734.843	358.24
735.245	393.17
735.647	367.56
736.049	386.18
736.451	435.07
736.852	358.24
737.254	362.9
737.655	446.71
738.057	446.71
738.458	397.82
738.86	460.68
739.261	314.01
739.662	449.04
740.064	397.82
740.465	416.45
740.866	418.78
741.267	309.35
741.668	330.31
742.069	402.48
742.469	393.17
742.87	421.1
743.271	395.49
743.672	358.24
744.072	404.81
744.473	372.21
744.873	404.81
745.274	325.65
745.674	442.06
746.074	372.21
746.474	393.17
746.875	437.4
747.275	449.04
747.675	409.46
748.075	327.98
748.474	400.15
748.874	416.45
749.274	432.74
749.674	463.01
750.073	474.65
750.473	453.7
750.873	416.45
751.272	423.43
751.671	411.79
752.071	439.73
752.47	393.17
752.869	337.29
753.268	353.59
753.668	442.06
754.067	390.84
754.466	390.84
754.864	372.21
755.263	388.51
755.662	344.27
756.061	360.57
756.459	341.95
756.858	379.2
757.257	388.51
757.655	421.1
758.053	430.42
758.452	439.73
758.85	365.23
759.248	304.7
759.646	404.81
760.045	446.71
760.443	362.9
760.841	418.78
761.238	449.04
761.636	479.31
762.034	416.45
762.432	439.73
762.829	351.26
763.227	423.43
763.625	400.15
764.022	393.17
764.419	414.12
764.817	374.54
765.214	302.37
765.611	421.1
766.008	395.49
766.406	390.84
766.803	418.78
767.199	381.53
767.596	386.18
767.993	418.78
768.39	346.6
768.787	379.2
769.183	439.73
769.58	381.53
769.977	379.2
770.373	362.9
770.769	365.23
771.166	376.87
771.562	332.63
771.958	407.13
772.354	379.2
772.75	381.53
773.146	320.99
773.542	407.13
773.938	421.1
774.334	327.98
774.73	411.79
775.126	409.46
775.521	397.82
775.917	456.03
776.312	409.46
776.708	507.24
777.103	341.95
777.499	360.57
777.894	360.57
778.289	379.2
778.684	460.68
779.079	416.45
779.474	397.82
779.869	388.51
780.264	467.67
780.659	400.15
781.054	388.51
781.448	374.54
781.843	351.26
782.238	414.12
782.632	388.51
783.027	383.85
783.421	390.84
783.815	379.2
784.21	362.9
784.604	332.63
784.998	460.68
785.392	435.07
785.786	327.98
786.18	430.42
786.574	435.07
786.968	376.87
787.361	388.51
787.755	395.49
788.149	376.87
788.542	407.13
788.936	381.53
789.329	402.48
789.722	432.74
790.116	348.93
790.509	346.6
790.902	416.45
791.295	446.71
791.688	353.59
792.081	390.84
792.474	414.12
792.867	379.2
793.26	421.1
793.653	369.88
794.045	411.79
794.438	400.15
794.83	439.73
795.223	395.49
795.615	439.73
796.008	437.4
796.4	379.2
796.792	404.81
797.184	376.87
797.576	381.53
797.968	393.17
798.36	416.45
798.752	456.03
799.144	442.06
799.536	388.51
799.928	353.59
800.319	369.88
800.711	346.6
801.102	400.15
801.494	374.54
801.885	304.7
802.276	407.13
802.668	390.84
803.059	388.51
803.45	418.78
803.841	393.17
804.232	397.82
804.623	388.51
805.014	341.95
805.405	383.85
805.795	400.15
806.186	421.1
806.577	365.23
806.967	425.76
807.358	404.81
807.748	411.79
808.139	423.43
808.529	497.93
808.919	435.07
809.309	400.15
809.699	432.74
810.089	418.78
810.479	353.59
810.869	495.6
811.259	379.2
811.649	367.56
812.039	402.48
812.428	351.26
812.818	451.37
813.207	355.92
813.597	428.09
813.986	372.21
814.376	402.48
814.765	381.53
815.154	414.12
815.543	365.23
815.932	374.54
816.321	404.81
816.71	304.7
817.099	423.43
817.488	390.84
817.877	390.84
818.265	348.93
818.654	355.92
819.043	432.74
819.431	355.92
819.819	430.42
820.208	362.9
820.596	404.81
820.984	423.43
821.372	386.18
821.761	320.99
822.149	402.48
822.537	437.4
822.924	395.49
823.312	386.18
823.7	409.46
824.088	414.12
824.475	407.13
824.863	358.24
825.251	400.15
825.638	449.04
826.025	437.4
826.413	337.29
826.8	442.06
827.187	453.7
827.574	409.46
827.961	421.1
828.348	479.31
828.735	409.46
829.122	421.1
829.509	365.23
829.896	297.71
830.282	404.81
830.669	476.98
831.055	437.4
831.442	386.18
831.828	346.6
832.215	367.56
832.601	479.31
832.987	360.57
833.373	400.15
833.759	456.03
834.145	344.27
834.531	409.46
834.917	453.7
835.303	449.04
835.689	402.48
836.074	379.2
836.46	365.23
836.846	388.51
837.231	414.12
837.617	376.87
838.002	383.85
838.387	479.31
838.772	355.92
839.158	442.06
839.543	358.24
839.928	358.24
840.313	386.18
840.698	372.21
841.082	423.43
841.467	372.21
841.852	372.21
842.237	428.09
842.621	402.48
843.006	395.49
843.39	430.42
843.774	388.51
844.159	379.2
844.543	348.93
844.927	460.68
845.311	316.34
845.695	341.95
846.079	327.98
846.463	390.84
846.847	367.56
847.231	355.92
847.615	393.17
847.998	404.81
848.382	421.1
848.765	414.12
849.149	316.34
849.532	320.99
849.916	400.15
850.299	423.43
850.682	465.34
851.065	397.82
851.448	353.59
851.831	416.45
852.214	400.15
852.597	407.13
852.98	383.85
853.363	388.51
853.745	402.48
854.128	435.07
854.51	393.17
854.893	423.43
855.275	425.76
855.658	367.56
856.04	490.95
856.422	404.81
856.804	414.12
857.186	365.23
857.568	353.59
857.95	374.54
858.332	409.46
858.714	428.09
859.096	362.9
859.477	411.79
859.859	437.4
860.24	383.85
860.622	383.85
861.003	402.48
861.385	400.15
861.766	402.48
862.147	390.84
862.528	437.4
862.909	316.34
863.29	411.79
863.671	414.12
864.052	337.29
864.433	388.51
864.814	388.51
865.194	395.49
865.575	409.46
865.955	409.46
866.336	374.54
866.716	332.63
867.097	432.74
867.477	388.51
867.857	369.88
868.237	451.37
868.617	397.82
868.997	367.56
869.377	369.88
869.757	425.76
870.137	404.81
870.517	351.26
870.896	404.81
871.276	481.64
871.655	369.88
872.035	409.46
872.414	435.07
872.794	381.53
873.173	425.76
873.552	458.35
873.931	439.73
874.31	449.04
874.689	374.54
875.068	467.67
875.447	418.78
875.826	400.15
876.205	376.87
876.583	404.81
876.962	432.74
877.341	453.7
877.719	435.07
878.097	423.43
878.476	330.31
878.854	376.87
879.232	425.76
879.61	379.2
879.988	395.49
880.366	418.78
880.744	497.93
881.122	374.54
881.5	355.92
881.878	428.09
882.255	379.2
882.633	390.84
883.011	386.18
883.388	358.24
883.765	379.2
884.143	369.88
884.52	411.79
884.897	334.96
885.274	372.21
885.651	444.38
886.028	444.38
886.405	432.74
886.782	444.38
887.159	369.88
887.536	416.45
887.912	416.45
888.289	404.81
888.665	430.42
889.042	379.2
889.418	411.79
889.794	397.82
890.171	344.27
890.547	362.9
890.923	472.32
891.299	390.84
891.675	388.51
892.051	318.67
892.427	416.45
892.803	439.73
893.178	402.48
893.554	430.42
893.929	409.46
894.305	300.04
894.68	334.96
895.056	432.74
895.431	376.87
895.806	332.63
896.181	395.49
896.557	397.82
896.932	409.46
897.307	311.68
897.681	327.98
898.056	362.9
898.431	374.54
898.806	397.82
899.18	395.49
899.555	376.87
899.929	430.42
900.304	418.78
900.678	402.48
901.052	353.59
901.427	348.93
901.801	428.09
902.175	369.88
902.549	358.24
902.923	397.82
903.297	353.59
903.67	393.17
904.044	365.23
904.418	451.37
904.791	369.88
905.165	393.17
905.538	395.49
905.912	437.4
906.285	423.43
906.658	383.85
907.032	409.46
907.405	381.53
907.778	514.23
908.151	437.4
908.524	362.9
908.896	346.6
909.269	472.32
909.642	362.9
910.015	323.32
910.387	430.42
910.76	386.18
911.132	439.73
911.504	402.48
911.877	430.42
912.249	400.15
912.621	409.46
912.993	437.4
913.365	386.18
913.737	432.74
914.109	374.54
914.481	421.1
914.853	411.79
915.224	367.56
915.596	390.84
915.968	376.87
916.339	367.56
916.71	348.93
917.082	414.12
917.453	393.17
917.824	386.18
918.195	390.84
918.566	353.59
918.937	400.15
919.308	400.15
919.679	358.24
920.05	365.23
920.421	341.95
920.791	332.63
921.162	379.2
921.532	362.9
921.903	418.78
922.273	435.07
922.644	355.92
923.014	402.48
923.384	365.23
923.754	379.2
924.124	467.67
924.494	432.74
924.864	437.4
925.234	404.81
925.604	346.6
925.973	414.12
926.343	428.09
926.712	360.57
927.082	418.78
927.451	339.62
927.821	362.9
928.19	351.26
928.559	365.23
928.928	435.07
929.297	381.53
929.666	383.85
930.035	430.42
930.404	320.99
930.773	369.88
931.142	351.26
931.51	418.78
931.879	418.78
932.247	451.37
932.616	430.42
932.984	430.42
933.353	374.54
933.721	309.35
934.089	325.65
934.457	362.9
934.825	400.15
935.193	409.46
935.561	372.21
935.929	355.92
936.296	439.73
936.664	402.48
937.032	383.85
937.399	346.6
937.767	423.43
938.134	400.15
938.501	372.21
938.869	372.21
939.236	381.53
939.603	307.02
939.97	374.54
940.337	351.26
940.704	435.07
941.071	425.76
941.438	430.42
941.804	348.93
942.171	444.38
942.538	388.51
942.904	397.82
943.27	442.06
943.637	442.06
944.003	388.51
944.369	453.7
944.735	369.88
945.102	414.12
945.468	376.87
945.833	393.17
946.199	425.76
946.565	407.13
946.931	390.84
947.296	395.49
947.662	367.56
948.028	360.57
948.393	430.42
948.758	365.23
949.124	372.21
949.489	372.21
949.854	397.82
950.219	414.12
950.584	390.84
950.949	435.07
951.314	369.88
951.679	397.82
952.044	358.24
952.408	388.51
952.773	397.82
953.137	435.07
953.502	407.13
953.866	437.4
954.231	397.82
954.595	435.07
954.959	369.88
955.323	397.82
955.687	407.13
956.051	449.04
956.415	439.73
956.779	383.85
957.143	365.23
957.506	341.95
957.87	428.09
958.234	428.09
958.597	404.81
958.961	386.18
959.324	360.57
959.687	439.73
960.05	435.07
960.413	339.62
960.776	395.49
961.139	388.51
961.502	311.68
961.865	421.1
962.228	348.93
962.591	395.49
962.953	402.48
963.316	367.56
963.678	404.81
964.041	390.84
964.403	446.71
964.765	428.09
965.128	330.31
965.49	362.9
965.852	397.82
966.214	379.2
966.576	388.51
966.938	362.9
967.299	365.23
967.661	421.1
968.023	416.45
968.384	379.2
968.746	355.92
969.107	386.18
969.469	479.31
969.83	421.1
970.191	369.88
970.552	367.56
970.913	432.74
971.274	339.62
971.635	376.87
971.996	360.57
972.357	437.4
972.718	372.21
973.078	362.9
973.439	404.81
973.8	365.23
974.16	407.13
974.52	439.73
974.881	355.92
975.241	437.4
975.601	381.53
975.961	421.1
976.321	390.84
976.681	367.56
977.041	379.2
977.401	416.45
977.76	442.06
978.12	360.57
978.48	451.37
978.839	430.42
979.199	407.13
979.558	386.18
979.917	435.07
980.277	362.9
980.636	400.15
980.995	439.73
981.354	418.78
981.713	435.07
982.072	365.23
982.43	365.23
982.789	395.49
983.148	383.85
983.506	407.13
983.865	376.87
984.223	423.43
984.582	446.71
984.94	409.46
985.298	355.92
985.656	348.93
986.015	423.43
986.373	407.13
986.731	365.23
987.088	367.56
987.446	414.12
987.804	390.84
988.162	421.1
988.519	409.46
988.877	325.65
989.234	395.49
989.591	402.48
989.949	386.18
990.306	388.51
990.663	304.7
991.02	311.68
991.377	353.59
991.734	367.56
992.091	411.79
992.448	439.73
992.805	409.46
993.161	355.92
993.518	372.21
993.874	390.84
994.231	446.71
994.587	393.17
994.943	386.18
995.3	304.7
995.656	472.32
996.012	383.85
996.368	372.21
996.724	395.49
997.08	430.42
997.435	453.7
997.791	362.9
998.147	379.2
998.502	372.21
998.858	348.93
999.213	383.85
999.569	360.57
999.924	290.73
1000.279	435.07
1000.634	372.21
1000.989	432.74
1001.344	407.13
1001.699	367.56
1002.054	416.45
1002.409	435.07
1002.764	381.53
1003.118	337.29
1003.473	353.59
1003.827	365.23
1004.182	383.85
1004.536	379.2
1004.89	442.06
1005.245	458.35
1005.599	428.09
1005.953	474.65
1006.307	355.92
1006.661	325.65
1007.015	428.09
1007.368	337.29
1007.722	346.6
1008.076	409.46
1008.429	402.48
1008.783	365.23
1009.136	432.74
1009.489	381.53
1009.843	435.07
1010.196	395.49
1010.549	409.46
1010.902	400.15
1011.255	374.54
1011.608	360.57
1011.961	320.99
1012.313	421.1
1012.666	411.79
1013.019	339.62
1013.371	365.23
1013.724	353.59
1014.076	358.24
1014.428	395.49
1014.781	386.18
1015.133	348.93
1015.485	425.76
1015.837	386.18
1016.189	488.62
1016.541	414.12
1016.893	409.46
1017.244	304.7
1017.596	418.78
1017.947	423.43
1018.299	367.56
1018.65	411.79
1019.002	439.73
1019.353	393.17
1019.704	446.71
1020.055	386.18
1020.407	390.84
1020.758	358.24
1021.108	367.56
1021.459	435.07
1021.81	395.49
1022.161	421.1
1022.511	418.78
1022.862	423.43
1023.213	435.07
1023.563	404.81
1023.913	376.87
1024.264	360.57
1024.614	362.9
1024.964	351.26
1025.314	381.53
1025.664	409.46
1026.014	435.07
1026.364	397.82
1026.713	374.54
1027.063	486.29
1027.413	435.07
1027.762	430.42
1028.112	444.38
1028.461	381.53
1028.81	358.24
1029.16	355.92
1029.509	395.49
1029.858	402.48
1030.207	486.29
1030.556	330.31
1030.905	381.53
1031.254	372.21
1031.602	330.31
1031.951	348.93
1032.3	353.59
1032.648	397.82
1032.996	397.82
1033.345	397.82
