187.879	-26.19
188.346	-26.19
188.813	-26.19
189.28	-75.08
189.747	-63.44
190.214	-128.63
190.681	-112.33
191.148	-47.14
191.614	-79.74
192.081	-63.44
192.548	-54.13
193.014	-9.89
193.481	-70.43
193.948	1.75
194.414	15.71
194.881	52.97
195.347	97.2
195.813	90.22
196.28	34.34
196.746	101.86
197.212	171.7
197.678	169.37
198.145	227.58
198.611	157.73
199.077	246.2
199.543	253.19
200.009	197.31
200.475	281.12
200.941	343.98
201.407	355.62
201.873	304.41
202.338	318.37
202.804	290.44
203.27	367.27
203.735	285.78
204.201	399.86
204.667	397.53
205.132	383.56
205.598	406.84
206.063	427.8
206.529	362.61
206.994	395.2
207.459	392.87
207.925	367.27
208.39	423.14
208.855	469.7
209.32	332.34
209.785	388.22
210.25	420.81
210.715	416.16
211.18	374.25
211.645	474.36
212.11	460.39
212.575	486
213.04	362.61
213.504	327.69
213.969	404.52
214.434	439.44
214.899	420.81
215.363	348.64
215.828	378.91
216.292	444.09
216.757	420.81
217.221	374.25
217.685	560.5
218.15	339.33
218.614	409.17
219.078	388.22
219.542	355.62
220.007	420.81
220.471	397.53
220.935	371.92
221.399	385.89
221.863	402.19
222.327	337
222.791	343.98
223.254	343.98
223.718	341.66
224.182	350.97
224.646	309.06
225.109	343.98
225.573	343.98
226.037	385.89
226.5	395.2
226.964	397.53
227.427	385.89
227.89	423.14
228.354	416.16
228.817	420.81
229.28	404.52
229.744	388.22
230.207	355.62
230.67	297.42
231.133	411.5
231.596	304.41
232.059	376.58
232.522	383.56
232.985	423.14
233.448	402.19
233.911	367.27
234.374	360.28
234.836	411.5
235.299	406.84
235.762	378.91
236.224	397.53
236.687	357.95
237.149	369.59
237.612	362.61
238.074	390.55
238.537	409.17
238.999	350.97
239.461	390.55
239.924	353.3
240.386	353.3
240.848	451.08
241.31	460.39
241.772	395.2
242.234	367.27
242.696	418.48
243.158	458.06
243.62	350.97
244.082	332.34
244.544	383.56
245.006	371.92
245.468	420.81
245.929	353.3
246.391	320.7
246.852	299.75
247.314	381.23
247.776	388.22
248.237	357.95
248.698	425.47
249.16	341.66
249.621	353.3
250.082	381.23
250.544	313.72
251.005	413.83
251.466	404.52
251.927	385.89
252.388	427.8
252.849	367.27
253.31	360.28
253.771	364.94
254.232	388.22
254.693	371.92
255.154	378.91
255.615	423.14
256.075	439.44
256.536	404.52
256.997	353.3
257.457	362.61
257.918	364.94
258.378	444.09
258.839	481.34
259.299	427.8
259.759	395.2
260.22	369.59
260.68	390.55
261.14	330.01
261.6	339.33
262.06	402.19
262.521	413.83
262.981	418.48
263.441	402.19
263.901	364.94
264.36	411.5
264.82	369.59
265.28	395.2
265.74	355.62
266.2	495.31
266.659	411.5
267.119	395.2
267.579	374.25
268.038	406.84
268.498	360.28
268.957	388.22
269.416	430.13
269.876	411.5
270.335	390.55
270.794	437.11
271.254	474.36
271.713	439.44
272.172	392.87
272.631	390.55
273.09	432.45
273.549	343.98
274.008	434.78
274.467	458.06
274.926	339.33
275.385	378.91
275.843	437.11
276.302	376.58
276.761	444.09
277.22	350.97
277.678	390.55
278.137	413.83
278.595	420.81
279.054	367.27
279.512	423.14
279.97	357.95
280.429	444.09
280.887	411.5
281.345	476.69
281.803	346.31
282.262	402.19
282.72	390.55
283.178	378.91
283.636	448.75
284.094	378.91
284.552	313.72
285.01	432.45
285.467	465.05
285.925	495.31
286.383	418.48
286.841	353.3
287.298	388.22
287.756	367.27
288.213	374.25
288.671	432.45
289.128	395.2
289.586	316.05
290.043	406.84
290.5	439.44
290.958	425.47
291.415	388.22
291.872	395.2
292.329	418.48
292.786	467.38
293.243	451.08
293.7	465.05
294.157	444.09
294.614	371.92
295.071	425.47
295.528	406.84
295.985	479.02
296.441	395.2
296.898	381.23
297.355	469.7
297.811	460.39
298.268	439.44
298.724	486
299.181	465.05
299.637	374.25
300.094	392.87
300.55	434.78
301.006	388.22
301.462	427.8
301.919	453.41
302.375	462.72
302.831	441.77
303.287	418.48
303.743	381.23
304.199	385.89
304.655	460.39
305.11	378.91
305.566	418.48
306.022	432.45
306.478	430.13
306.933	397.53
307.389	418.48
307.845	343.98
308.3	430.13
308.756	444.09
309.211	376.58
309.666	353.3
310.122	399.86
310.577	434.78
311.032	441.77
311.487	392.87
311.943	362.61
312.398	399.86
312.853	460.39
313.308	462.72
313.763	453.41
314.218	362.61
314.672	413.83
315.127	472.03
315.582	385.89
316.037	455.73
316.492	404.52
316.946	444.09
317.401	488.33
317.855	430.13
318.31	413.83
318.764	434.78
319.219	413.83
319.673	430.13
320.127	425.47
320.582	430.13
321.036	469.7
321.49	495.31
321.944	444.09
322.398	488.33
322.852	388.22
323.306	453.41
323.76	397.53
324.214	423.14
324.668	430.13
325.122	427.8
325.575	460.39
326.029	432.45
326.483	458.06
326.936	430.13
327.39	451.08
327.843	499.97
328.297	476.69
328.75	374.25
329.204	397.53
329.657	388.22
330.11	418.48
330.564	434.78
331.017	397.53
331.47	423.14
331.923	441.77
332.376	511.61
332.829	479.02
333.282	409.17
333.735	448.75
334.188	448.75
334.641	469.7
335.093	444.09
335.546	371.92
335.999	425.47
336.451	392.87
336.904	434.78
337.356	446.42
337.809	441.77
338.261	399.86
338.714	406.84
339.166	418.48
339.618	479.02
340.07	337
340.523	465.05
340.975	437.11
341.427	395.2
341.879	458.06
342.331	378.91
342.783	409.17
343.235	423.14
343.687	458.06
344.138	369.59
344.59	451.08
345.042	441.77
345.494	486
345.945	458.06
346.397	385.89
346.848	462.72
347.3	378.91
347.751	453.41
348.203	434.78
348.654	453.41
349.105	497.64
349.556	423.14
350.008	357.95
350.459	465.05
350.91	423.14
351.361	378.91
351.812	513.94
352.263	295.09
352.714	395.2
353.165	444.09
353.615	441.77
354.066	499.97
354.517	381.23
354.968	416.16
355.418	385.89
355.869	444.09
356.319	399.86
356.77	479.02
357.22	479.02
357.671	402.19
358.121	399.86
358.571	483.67
359.021	458.06
359.472	467.38
359.922	486
360.372	413.83
360.822	437.11
361.272	430.13
361.722	513.94
362.172	513.94
362.622	486
363.071	432.45
363.521	411.5
363.971	392.87
364.42	369.59
364.87	448.75
365.32	532.56
365.769	434.78
366.219	462.72
366.668	483.67
367.117	551.19
367.567	486
368.016	506.95
368.465	451.08
368.914	483.67
369.363	476.69
369.812	448.75
370.261	537.22
370.71	504.63
371.159	492.99
371.608	518.59
372.057	532.56
372.506	530.24
372.955	602.41
373.403	586.11
373.852	539.55
374.301	588.44
374.749	688.55
375.198	688.55
375.646	753.74
376.094	860.83
376.543	839.88
376.991	879.46
377.439	944.65
377.887	963.27
378.336	1040.1
378.784	1184.44
379.232	1272.91
379.68	1366.04
380.128	1496.42
380.576	1601.18
381.023	1715.26
381.471	1983
381.919	2225.13
382.367	2383.44
382.814	2700.07
383.262	3046.96
383.71	3324.01
384.157	3570.79
384.605	4096.96
385.052	4581.21
385.499	5049.17
385.947	5554.38
386.394	6343.62
386.841	7100.27
387.288	7887.18
387.735	8648.48
388.182	9705.46
388.63	10818.32
389.076	11931.17
389.523	12943.91
389.97	14848.34
390.417	16294.12
390.864	17828.36
391.311	19851.52
391.757	21772.25
392.204	23851.28
392.651	26679.98
393.097	28805.58
393.544	31066.21
393.99	33734.26
394.436	35426.83
394.883	37761.96
395.329	39733.9
395.775	41119.14
396.221	42010.82
396.668	42676.67
397.114	42646.41
397.56	42115.59
398.006	41140.1
398.452	39296.21
398.897	37254.42
399.343	34747.01
399.789	32586.49
400.235	30093.04
400.681	27662.46
401.126	25350.61
401.572	22840.86
402.017	21686.1
402.463	19553.52
402.908	18245.1
403.354	17118.28
403.799	15947.22
404.244	15178.93
404.689	14527.05
405.135	13868.19
405.58	13472.4
406.025	12806.55
406.47	12645.91
406.915	12366.53
407.36	11730.95
407.805	10932.39
408.25	10729.85
408.694	10271.2
409.139	9819.54
409.584	9009.35
410.029	8781.19
410.473	8052.48
410.918	7477.42
411.362	7004.81
411.807	6520.56
412.251	6038.63
412.695	5694.06
413.14	5256.37
413.584	4723.23
414.028	4434.54
414.472	4211.04
414.916	3843.19
415.36	3610.37
415.804	3298.4
416.248	3242.53
416.692	3032.99
417.136	2928.23
417.58	2802.51
418.024	2627.9
418.467	2567.36
418.911	2537.1
419.355	2353.17
419.798	2336.88
420.242	2171.58
420.685	2099.41
421.128	2041.2
421.572	1857.28
422.015	1847.97
422.458	1822.36
422.902	1617.48
423.345	1589.54
423.788	1570.92
424.231	1459.17
424.674	1335.77
425.117	1251.96
425.56	1275.24
426.003	1158.83
426.445	1182.12
426.888	1021.47
427.331	1091.32
427.773	981.9
428.216	960.94
428.659	888.77
429.101	870.14
429.543	825.91
429.986	844.54
430.428	802.63
430.87	830.57
431.313	760.72
431.755	716.49
432.197	758.39
432.639	681.56
433.081	765.38
433.523	660.61
433.965	641.99
434.407	690.88
434.849	644.31
435.291	770.03
435.732	660.61
436.174	665.27
436.616	527.91
437.057	518.59
437.499	516.27
437.94	590.77
438.382	546.53
438.823	558.17
439.264	609.39
439.706	504.63
440.147	574.47
440.588	534.89
441.029	567.49
441.47	523.25
441.911	527.91
442.352	506.95
442.793	541.88
443.234	451.08
443.675	532.56
444.116	474.36
444.556	532.56
444.997	490.66
445.438	513.94
445.878	546.53
446.319	446.42
446.759	509.28
447.199	418.48
447.64	467.38
448.08	492.99
448.52	488.33
448.961	502.3
449.401	469.7
449.841	499.97
450.281	502.3
450.721	448.75
451.161	516.27
451.601	430.13
452.041	432.45
452.48	483.67
452.92	430.13
453.36	537.22
453.799	495.31
454.239	453.41
454.679	451.08
455.118	364.94
455.557	460.39
455.997	434.78
456.436	423.14
456.875	481.34
457.315	448.75
457.754	425.47
458.193	441.77
458.632	448.75
459.071	479.02
459.51	430.13
459.949	427.8
460.388	481.34
460.827	439.44
461.265	402.19
461.704	397.53
462.143	423.14
462.581	437.11
463.02	467.38
463.458	476.69
463.897	525.58
464.335	458.06
464.774	492.99
465.212	411.5
465.65	458.06
466.088	378.91
466.527	374.25
466.965	497.64
467.403	448.75
467.841	411.5
468.279	343.98
468.716	402.19
469.154	434.78
469.592	476.69
470.03	374.25
470.467	399.86
470.905	420.81
471.343	492.99
471.78	388.22
472.218	476.69
472.655	432.45
473.092	444.09
473.53	497.64
473.967	427.8
474.404	448.75
474.841	406.84
475.278	465.05
475.716	444.09
476.153	465.05
476.589	397.53
477.026	423.14
477.463	437.11
477.9	451.08
478.337	446.42
478.773	469.7
479.21	495.31
479.647	427.8
480.083	434.78
480.52	455.73
480.956	430.13
481.392	472.03
481.829	455.73
482.265	395.2
482.701	418.48
483.137	434.78
483.574	395.2
484.01	441.77
484.446	551.19
484.882	437.11
485.317	385.89
485.753	453.41
486.189	462.72
486.625	495.31
487.061	437.11
487.496	430.13
487.932	451.08
488.367	404.52
488.803	444.09
489.238	483.67
489.674	392.87
490.109	420.81
490.544	439.44
490.979	455.73
491.415	492.99
491.85	425.47
492.285	313.72
492.72	416.16
493.155	371.92
493.59	479.02
494.024	404.52
494.459	469.7
494.894	427.8
495.329	460.39
495.763	444.09
496.198	388.22
496.632	434.78
497.067	441.77
497.501	425.47
497.936	469.7
498.37	357.95
498.804	441.77
499.238	453.41
499.673	423.14
500.107	448.75
500.541	439.44
500.975	467.38
501.409	516.27
501.843	378.91
502.277	416.16
502.71	406.84
503.144	458.06
503.578	439.44
504.011	497.64
504.445	451.08
504.878	409.17
505.312	392.87
505.745	406.84
506.179	392.87
506.612	402.19
507.045	492.99
507.479	355.62
507.912	409.17
508.345	458.06
508.778	486
509.211	409.17
509.644	434.78
510.077	385.89
510.509	444.09
510.942	388.22
511.375	395.2
511.808	413.83
512.24	430.13
512.673	497.64
513.105	376.58
513.538	430.13
513.97	444.09
514.403	430.13
514.835	472.03
515.267	411.5
515.699	327.69
516.131	474.36
516.564	378.91
516.996	362.61
517.428	439.44
517.859	420.81
518.291	343.98
518.723	446.42
519.155	441.77
519.587	444.09
520.018	462.72
520.45	427.8
520.881	381.23
521.313	448.75
521.744	451.08
522.176	418.48
522.607	530.24
523.038	465.05
523.47	448.75
523.901	453.41
524.332	441.77
524.763	469.7
525.194	465.05
525.625	406.84
526.056	413.83
526.487	495.31
526.917	337
527.348	460.39
527.779	437.11
528.21	476.69
528.64	416.16
529.071	416.16
529.501	416.16
529.932	451.08
530.362	434.78
530.792	395.2
531.222	479.02
531.653	437.11
532.083	402.19
532.513	451.08
532.943	402.19
533.373	406.84
533.803	451.08
534.233	397.53
534.663	416.16
535.092	374.25
535.522	343.98
535.952	486
536.381	553.52
536.811	371.92
537.24	448.75
537.67	437.11
538.099	383.56
538.529	434.78
538.958	404.52
539.387	439.44
539.816	381.23
540.245	420.81
540.674	409.17
541.103	369.59
541.532	397.53
541.961	371.92
542.39	374.25
542.819	385.89
543.248	474.36
543.676	423.14
544.105	381.23
544.534	425.47
544.962	434.78
545.391	516.27
545.819	434.78
546.247	474.36
546.676	418.48
547.104	506.95
547.532	439.44
547.96	432.45
548.388	404.52
548.816	409.17
549.244	509.28
549.672	444.09
550.1	383.56
550.528	453.41
550.956	385.89
551.383	427.8
551.811	423.14
552.238	439.44
552.666	325.36
553.094	397.53
553.521	441.77
553.948	416.16
554.376	383.56
554.803	460.39
555.23	427.8
555.657	378.91
556.084	395.2
556.511	392.87
556.938	346.31
557.365	460.39
557.792	427.8
558.219	486
558.646	448.75
559.072	439.44
559.499	411.5
559.926	483.67
560.352	439.44
560.779	383.56
561.205	383.56
561.632	434.78
562.058	437.11
562.484	439.44
562.91	453.41
563.337	341.66
563.763	413.83
564.189	390.55
564.615	462.72
565.041	348.64
565.466	427.8
565.892	430.13
566.318	432.45
566.744	418.48
567.169	402.19
567.595	390.55
568.021	499.97
568.446	458.06
568.872	390.55
569.297	476.69
569.722	437.11
570.148	427.8
570.573	420.81
570.998	404.52
571.423	364.94
571.848	418.48
572.273	418.48
572.698	378.91
573.123	434.78
573.548	416.16
573.973	409.17
574.397	437.11
574.822	399.86
575.247	413.83
575.671	437.11
576.096	353.3
576.52	455.73
576.944	460.39
577.369	369.59
577.793	409.17
578.217	418.48
578.641	404.52
579.065	355.62
579.49	465.05
579.914	455.73
580.337	451.08
580.761	439.44
581.185	383.56
581.609	432.45
582.033	348.64
582.456	369.59
582.88	406.84
583.303	434.78
583.727	434.78
584.15	434.78
584.574	376.58
584.997	483.67
585.42	474.36
585.844	404.52
586.267	404.52
586.69	481.34
587.113	474.36
587.536	413.83
587.959	402.19
588.382	430.13
588.804	418.48
589.227	469.7
589.65	425.47
590.073	448.75
590.495	486
590.918	455.73
591.34	416.16
591.763	460.39
592.185	430.13
592.607	402.19
593.03	437.11
593.452	362.61
593.874	411.5
594.296	416.16
594.718	462.72
595.14	409.17
595.562	460.39
595.984	434.78
596.406	423.14
596.827	390.55
597.249	432.45
597.671	392.87
598.092	376.58
598.514	453.41
598.935	395.2
599.357	374.25
599.778	406.84
600.199	406.84
600.621	413.83
601.042	378.91
601.463	439.44
601.884	432.45
602.305	404.52
602.726	383.56
603.147	390.55
603.568	406.84
603.988	406.84
604.409	337
604.83	439.44
605.25	399.86
605.671	423.14
606.092	451.08
606.512	411.5
606.932	425.47
607.353	357.95
607.773	420.81
608.193	481.34
608.613	462.72
609.034	334.67
609.454	374.25
609.874	406.84
610.293	399.86
610.713	451.08
611.133	483.67
611.553	467.38
611.973	446.42
612.392	385.89
612.812	402.19
613.231	395.2
613.651	392.87
614.07	432.45
614.49	378.91
614.909	388.22
615.328	416.16
615.747	439.44
616.167	439.44
616.586	427.8
617.005	381.23
617.424	362.61
617.843	439.44
618.261	448.75
618.68	395.2
619.099	465.05
619.518	418.48
619.936	434.78
620.355	462.72
620.773	458.06
621.192	432.45
621.61	460.39
622.029	492.99
622.447	385.89
622.865	472.03
623.283	453.41
623.701	439.44
624.119	451.08
624.537	430.13
624.955	432.45
625.373	376.58
625.791	453.41
626.209	486
626.627	392.87
627.044	383.56
627.462	374.25
627.879	432.45
628.297	476.69
628.714	411.5
629.132	392.87
629.549	481.34
629.966	364.94
630.383	495.31
630.8	374.25
631.217	448.75
631.634	446.42
632.051	411.5
632.468	388.22
632.885	397.53
633.302	374.25
633.719	385.89
634.135	453.41
634.552	427.8
634.969	395.2
635.385	388.22
635.801	397.53
636.218	479.02
636.634	353.3
637.05	378.91
637.467	399.86
637.883	455.73
638.299	350.97
638.715	385.89
639.131	371.92
639.547	492.99
639.963	423.14
640.378	455.73
640.794	448.75
641.21	427.8
641.626	432.45
642.041	434.78
642.457	427.8
642.872	392.87
643.287	399.86
643.703	448.75
644.118	427.8
644.533	446.42
644.948	388.22
645.364	353.3
645.779	397.53
646.194	437.11
646.609	413.83
647.023	418.48
647.438	427.8
647.853	479.02
648.268	418.48
648.682	378.91
649.097	390.55
649.511	353.3
649.926	504.63
650.34	404.52
650.755	404.52
651.169	441.77
651.583	427.8
651.997	332.34
652.411	406.84
652.825	374.25
653.239	420.81
653.653	409.17
654.067	385.89
654.481	465.05
654.895	388.22
655.309	341.66
655.722	441.77
656.136	416.16
656.549	418.48
656.963	446.42
657.376	492.99
657.79	406.84
658.203	357.95
658.616	381.23
659.029	432.45
659.442	497.64
659.855	479.02
660.268	397.53
660.681	423.14
661.094	383.56
661.507	271.81
661.92	392.87
662.333	488.33
662.745	416.16
663.158	397.53
663.57	420.81
663.983	397.53
664.395	411.5
664.808	423.14
665.22	483.67
665.632	425.47
666.044	451.08
666.456	388.22
666.868	453.41
667.28	423.14
667.692	446.42
668.104	458.06
668.516	427.8
668.928	395.2
669.34	448.75
669.751	409.17
670.163	369.59
670.574	432.45
670.986	341.66
671.397	453.41
671.809	441.77
672.22	432.45
672.631	369.59
673.042	409.17
673.453	367.27
673.864	462.72
674.275	453.41
674.686	385.89
675.097	483.67
675.508	425.47
675.919	381.23
676.33	418.48
676.74	425.47
677.151	441.77
677.561	469.7
677.972	423.14
678.382	381.23
678.792	418.48
679.203	448.75
679.613	481.34
680.023	378.91
680.433	390.55
680.843	371.92
681.253	476.69
681.663	492.99
682.073	423.14
682.483	465.05
682.893	446.42
683.302	434.78
683.712	353.3
684.122	406.84
684.531	427.8
684.94	432.45
685.35	455.73
685.759	455.73
686.168	451.08
686.578	385.89
686.987	337
687.396	395.2
687.805	330.01
688.214	462.72
688.623	369.59
689.032	360.28
689.44	458.06
689.849	462.72
690.258	460.39
690.666	353.3
691.075	460.39
691.484	392.87
691.892	437.11
692.3	355.62
692.709	371.92
693.117	388.22
693.525	518.59
693.933	376.58
694.341	388.22
694.749	362.61
695.157	465.05
695.565	469.7
695.973	467.38
696.381	381.23
696.788	427.8
697.196	441.77
697.604	439.44
698.011	337
698.419	385.89
698.826	381.23
699.234	318.37
699.641	420.81
700.048	411.5
700.455	406.84
700.862	455.73
701.269	406.84
701.676	364.94
702.083	378.91
702.49	348.64
702.897	376.58
703.304	437.11
703.71	425.47
704.117	395.2
704.524	411.5
704.93	439.44
705.337	437.11
705.743	385.89
706.149	369.59
706.556	411.5
706.962	383.56
707.368	455.73
707.774	402.19
708.18	418.48
708.586	444.09
708.992	402.19
709.398	385.89
709.804	439.44
710.209	460.39
710.615	385.89
711.021	388.22
711.426	420.81
711.832	378.91
712.237	388.22
712.642	346.31
713.048	409.17
713.453	411.5
713.858	376.58
714.263	413.83
714.668	276.47
715.073	413.83
715.478	430.13
715.883	378.91
716.288	444.09
716.693	353.3
717.097	458.06
717.502	462.72
717.906	465.05
718.311	423.14
718.715	413.83
719.12	416.16
719.524	409.17
719.928	423.14
720.333	397.53
720.737	420.81
721.141	409.17
721.545	381.23
721.949	416.16
722.353	451.08
722.757	416.16
723.16	385.89
723.564	479.02
723.968	409.17
724.371	444.09
724.775	446.42
725.178	523.25
725.582	458.06
725.985	404.52
726.388	427.8
726.792	390.55
727.195	434.78
727.598	374.25
728.001	462.72
728.404	395.2
728.807	399.86
729.21	362.61
729.612	402.19
730.015	432.45
730.418	425.47
730.82	441.77
731.223	413.83
731.625	434.78
732.028	411.5
732.43	437.11
732.833	388.22
733.235	411.5
733.637	385.89
734.039	374.25
734.441	395.2
734.843	469.7
735.245	430.13
735.647	402.19
736.049	411.5
736.451	439.44
736.852	527.91
737.254	374.25
737.655	448.75
738.057	416.16
738.458	425.47
738.86	385.89
739.261	434.78
739.662	425.47
740.064	399.86
740.465	483.67
740.866	472.03
741.267	469.7
741.668	437.11
742.069	362.61
742.469	357.95
742.87	367.27
743.271	406.84
743.672	409.17
744.072	399.86
744.473	444.09
744.873	416.16
745.274	381.23
745.674	376.58
746.074	362.61
746.474	446.42
746.875	409.17
747.275	460.39
747.675	406.84
748.075	483.67
748.474	381.23
748.874	451.08
749.274	388.22
749.674	288.11
750.073	395.2
750.473	381.23
750.873	453.41
751.272	371.92
751.671	479.02
752.071	434.78
752.47	385.89
752.869	404.52
753.268	390.55
753.668	416.16
754.067	446.42
754.466	430.13
754.864	388.22
755.263	446.42
755.662	451.08
756.061	395.2
756.459	332.34
756.858	427.8
757.257	404.52
757.655	290.44
758.053	444.09
758.452	353.3
758.85	409.17
759.248	360.28
759.646	444.09
760.045	376.58
760.443	516.27
760.841	418.48
761.238	432.45
761.636	446.42
762.034	378.91
762.432	374.25
762.829	385.89
763.227	364.94
763.625	474.36
764.022	390.55
764.419	341.66
764.817	355.62
765.214	425.47
765.611	413.83
766.008	343.98
766.406	385.89
766.803	444.09
767.199	376.58
767.596	430.13
767.993	390.55
768.39	472.03
768.787	451.08
769.183	495.31
769.58	369.59
769.977	446.42
770.373	469.7
770.769	416.16
771.166	434.78
771.562	395.2
771.958	404.52
772.354	420.81
772.75	469.7
773.146	357.95
773.542	337
773.938	472.03
774.334	430.13
774.73	411.5
775.126	430.13
775.521	411.5
775.917	404.52
776.312	378.91
776.708	388.22
777.103	467.38
777.499	388.22
777.894	411.5
778.289	418.48
778.684	311.39
779.079	444.09
779.474	418.48
779.869	378.91
780.264	427.8
780.659	439.44
781.054	395.2
781.448	409.17
781.843	381.23
782.238	390.55
782.632	439.44
783.027	444.09
783.421	465.05
783.815	451.08
784.21	399.86
784.604	360.28
784.998	413.83
785.392	395.2
785.786	388.22
786.18	390.55
786.574	311.39
786.968	430.13
787.361	374.25
787.755	376.58
788.149	520.92
788.542	392.87
788.936	416.16
789.329	392.87
789.722	439.44
790.116	390.55
790.509	383.56
790.902	451.08
791.295	392.87
791.688	425.47
792.081	371.92
792.474	425.47
792.867	425.47
793.26	341.66
793.653	353.3
794.045	339.33
794.438	455.73
794.83	432.45
795.223	446.42
795.615	413.83
796.008	402.19
796.4	325.36
796.792	392.87
797.184	390.55
797.576	448.75
797.968	411.5
798.36	399.86
798.752	416.16
799.144	399.86
799.536	406.84
799.928	486
800.319	376.58
800.711	413.83
801.102	488.33
801.494	371.92
801.885	453.41
802.276	416.16
802.668	383.56
803.059	406.84
803.45	357.95
803.841	395.2
804.232	376.58
804.623	434.78
805.014	371.92
805.405	462.72
805.795	364.94
806.186	402.19
806.577	418.48
806.967	334.67
807.358	404.52
807.748	476.69
808.139	472.03
808.529	413.83
808.919	451.08
809.309	439.44
809.699	490.66
810.089	423.14
810.479	383.56
810.869	411.5
811.259	439.44
811.649	381.23
812.039	439.44
812.428	388.22
812.818	402.19
813.207	439.44
813.597	423.14
813.986	448.75
814.376	497.64
814.765	439.44
815.154	369.59
815.543	402.19
815.932	304.41
816.321	411.5
816.71	444.09
817.099	390.55
817.488	416.16
817.877	432.45
818.265	374.25
818.654	418.48
819.043	409.17
819.431	469.7
819.819	388.22
820.208	392.87
820.596	418.48
820.984	469.7
821.372	355.62
821.761	390.55
822.149	411.5
822.537	437.11
822.924	369.59
823.312	323.03
823.7	330.01
824.088	434.78
824.475	385.89
824.863	423.14
825.251	423.14
825.638	490.66
826.025	413.83
826.413	420.81
826.8	430.13
827.187	434.78
827.574	413.83
827.961	388.22
828.348	388.22
828.735	448.75
829.122	460.39
829.509	420.81
829.896	325.36
830.282	343.98
830.669	350.97
831.055	355.62
831.442	462.72
831.828	423.14
832.215	404.52
832.601	418.48
832.987	337
833.373	474.36
833.759	355.62
834.145	430.13
834.531	362.61
834.917	462.72
835.303	376.58
835.689	448.75
836.074	378.91
836.46	404.52
836.846	455.73
837.231	323.03
837.617	327.69
838.002	357.95
838.387	383.56
838.772	451.08
839.158	423.14
839.543	430.13
839.928	397.53
840.313	392.87
840.698	425.47
841.082	462.72
841.467	360.28
841.852	385.89
842.237	355.62
842.621	390.55
843.006	371.92
843.39	441.77
843.774	397.53
844.159	448.75
844.543	465.05
844.927	418.48
845.311	327.69
845.695	390.55
846.079	425.47
846.463	413.83
846.847	385.89
847.231	388.22
847.615	437.11
847.998	474.36
848.382	411.5
848.765	481.34
849.149	357.95
849.532	427.8
849.916	357.95
850.299	430.13
850.682	432.45
851.065	369.59
851.448	385.89
851.831	462.72
852.214	406.84
852.597	476.69
852.98	385.89
853.363	406.84
853.745	446.42
854.128	427.8
854.51	462.72
854.893	416.16
855.275	441.77
855.658	465.05
856.04	441.77
856.422	451.08
856.804	432.45
857.186	341.66
857.568	423.14
857.95	430.13
858.332	374.25
858.714	360.28
859.096	451.08
859.477	495.31
859.859	444.09
860.24	430.13
860.622	483.67
861.003	416.16
861.385	430.13
861.766	437.11
862.147	383.56
862.528	357.95
862.909	437.11
863.29	378.91
863.671	404.52
864.052	434.78
864.433	346.31
864.814	418.48
865.194	451.08
865.575	420.81
865.955	418.48
866.336	397.53
866.716	432.45
867.097	364.94
867.477	360.28
867.857	371.92
868.237	418.48
868.617	397.53
868.997	374.25
869.377	381.23
869.757	474.36
870.137	325.36
870.517	385.89
870.896	453.41
871.276	409.17
871.655	432.45
872.035	399.86
872.414	406.84
872.794	367.27
873.173	404.52
873.552	420.81
873.931	409.17
874.31	418.48
874.689	420.81
875.068	378.91
875.447	364.94
875.826	437.11
876.205	432.45
876.583	364.94
876.962	390.55
877.341	383.56
877.719	427.8
878.097	341.66
878.476	402.19
878.854	367.27
879.232	378.91
879.61	446.42
879.988	381.23
880.366	388.22
880.744	416.16
881.122	316.05
881.5	357.95
881.878	423.14
882.255	441.77
882.633	376.58
883.011	399.86
883.388	369.59
883.765	355.62
884.143	337
884.52	402.19
884.897	353.3
885.274	418.48
885.651	360.28
886.028	346.31
886.405	360.28
886.782	446.42
887.159	451.08
887.536	353.3
887.912	486
888.289	395.2
888.665	343.98
889.042	378.91
889.418	306.73
889.794	383.56
890.171	364.94
890.547	376.58
890.923	390.55
891.299	339.33
891.675	337
892.051	481.34
892.427	392.87
892.803	469.7
893.178	411.5
893.554	392.87
893.929	404.52
894.305	392.87
894.68	369.59
895.056	453.41
895.431	416.16
895.806	462.72
896.181	448.75
896.557	418.48
896.932	437.11
897.307	413.83
897.681	376.58
898.056	355.62
898.431	432.45
898.806	413.83
899.18	364.94
899.555	378.91
899.929	350.97
900.304	416.16
900.678	360.28
901.052	341.66
901.427	395.2
901.801	371.92
902.175	334.67
902.549	409.17
902.923	451.08
903.297	411.5
903.67	376.58
904.044	465.05
904.418	479.02
904.791	444.09
905.165	416.16
905.538	416.16
905.912	451.08
906.285	411.5
906.658	418.48
907.032	371.92
907.405	371.92
907.778	402.19
908.151	411.5
908.524	423.14
908.896	418.48
909.269	455.73
909.642	374.25
910.015	350.97
910.387	369.59
910.76	460.39
911.132	385.89
911.504	420.81
911.877	376.58
912.249	460.39
912.621	453.41
912.993	411.5
913.365	397.53
913.737	383.56
914.109	402.19
914.481	404.52
914.853	378.91
915.224	339.33
915.596	402.19
915.968	364.94
916.339	430.13
916.71	432.45
917.082	327.69
917.453	383.56
917.824	313.72
918.195	425.47
918.566	360.28
918.937	453.41
919.308	430.13
919.679	441.77
920.05	353.3
920.421	418.48
920.791	357.95
921.162	378.91
921.532	402.19
921.903	357.95
922.273	399.86
922.644	392.87
923.014	460.39
923.384	406.84
923.754	416.16
924.124	423.14
924.494	406.84
924.864	388.22
925.234	409.17
925.604	418.48
925.973	355.62
926.343	395.2
926.712	385.89
927.082	446.42
927.451	451.08
927.821	364.94
928.19	388.22
928.559	439.44
928.928	381.23
929.297	406.84
929.666	392.87
930.035	343.98
930.404	369.59
930.773	399.86
931.142	390.55
931.51	406.84
931.879	376.58
932.247	353.3
932.616	437.11
932.984	381.23
933.353	413.83
933.721	350.97
934.089	451.08
934.457	376.58
934.825	423.14
935.193	318.37
935.561	399.86
935.929	388.22
936.296	378.91
936.664	416.16
937.032	402.19
937.399	437.11
937.767	390.55
938.134	381.23
938.501	427.8
938.869	355.62
939.236	343.98
939.603	427.8
939.97	385.89
940.337	418.48
940.704	444.09
941.071	357.95
941.438	413.83
941.804	332.34
942.171	404.52
942.538	325.36
942.904	392.87
943.27	332.34
943.637	376.58
944.003	392.87
944.369	395.2
944.735	425.47
945.102	423.14
945.468	444.09
945.833	350.97
946.199	402.19
946.565	362.61
946.931	448.75
947.296	502.3
947.662	381.23
948.028	416.16
948.393	399.86
948.758	406.84
949.124	446.42
949.489	385.89
949.854	371.92
950.219	371.92
950.584	423.14
950.949	395.2
951.314	402.19
951.679	413.83
952.044	409.17
952.408	430.13
952.773	402.19
953.137	360.28
953.502	392.87
953.866	390.55
954.231	360.28
954.595	406.84
954.959	423.14
955.323	430.13
955.687	427.8
956.051	385.89
956.415	390.55
956.779	444.09
957.143	369.59
957.506	413.83
957.87	444.09
958.234	418.48
958.597	465.05
958.961	441.77
959.324	383.56
959.687	446.42
960.05	441.77
960.413	381.23
960.776	360.28
961.139	481.34
961.502	353.3
961.865	458.06
962.228	455.73
962.591	385.89
962.953	385.89
963.316	320.7
963.678	490.66
964.041	418.48
964.403	374.25
964.765	425.47
965.128	309.06
965.49	404.52
965.852	371.92
966.214	434.78
966.576	432.45
966.938	337
967.299	355.62
967.661	381.23
968.023	362.61
968.384	374.25
968.746	360.28
969.107	430.13
969.469	418.48
969.83	357.95
970.191	360.28
970.552	413.83
970.913	453.41
971.274	376.58
971.635	364.94
971.996	376.58
972.357	490.66
972.718	409.17
973.078	355.62
973.439	434.78
973.8	397.53
974.16	330.01
974.52	455.73
974.881	467.38
975.241	404.52
975.601	413.83
975.961	392.87
976.321	446.42
976.681	388.22
977.041	364.94
977.401	420.81
977.76	374.25
978.12	460.39
978.48	469.7
978.839	448.75
979.199	392.87
979.558	406.84
979.917	374.25
980.277	346.31
980.636	411.5
980.995	416.16
981.354	418.48
981.713	434.78
982.072	453.41
982.43	425.47
982.789	385.89
983.148	381.23
983.506	385.89
983.865	446.42
984.223	404.52
984.582	402.19
984.94	427.8
985.298	458.06
985.656	404.52
986.015	397.53
986.373	360.28
986.731	371.92
987.088	332.34
987.446	411.5
987.804	371.92
988.162	427.8
988.519	441.77
988.877	385.89
989.234	392.87
989.591	423.14
989.949	381.23
990.306	406.84
990.663	346.31
991.02	425.47
991.377	411.5
991.734	367.27
992.091	357.95
992.448	425.47
992.805	399.86
993.161	369.59
993.518	350.97
993.874	388.22
994.231	432.45
994.587	395.2
994.943	353.3
995.3	413.83
995.656	427.8
996.012	453.41
996.368	434.78
996.724	432.45
997.08	309.06
997.435	353.3
997.791	469.7
998.147	385.89
998.502	369.59
998.858	378.91
999.213	497.64
999.569	388.22
999.924	439.44
1000.279	423.14
1000.634	348.64
1000.989	411.5
1001.344	427.8
1001.699	444.09
1002.054	411.5
1002.409	402.19
1002.764	388.22
1003.118	418.48
1003.473	376.58
1003.827	406.84
1004.182	337
1004.536	376.58
1004.89	404.52
1005.245	360.28
1005.599	409.17
1005.953	434.78
1006.307	369.59
1006.661	383.56
1007.015	390.55
1007.368	399.86
1007.722	404.52
1008.076	455.73
1008.429	392.87
1008.783	418.48
1009.136	404.52
1009.489	374.25
1009.843	353.3
1010.196	383.56
1010.549	399.86
1010.902	411.5
1011.255	378.91
1011.608	427.8
1011.961	392.87
1012.313	362.61
1012.666	439.44
1013.019	432.45
1013.371	367.27
1013.724	430.13
1014.076	437.11
1014.428	402.19
1014.781	378.91
1015.133	369.59
1015.485	304.41
1015.837	409.17
1016.189	430.13
1016.541	395.2
1016.893	413.83
1017.244	427.8
1017.596	325.36
1017.947	388.22
1018.299	337
1018.65	430.13
1019.002	357.95
1019.353	371.92
1019.704	418.48
1020.055	397.53
1020.407	383.56
1020.758	444.09
1021.108	413.83
1021.459	409.17
1021.81	423.14
1022.161	397.53
1022.511	404.52
1022.862	406.84
1023.213	441.77
1023.563	406.84
1023.913	376.58
1024.264	383.56
1024.614	451.08
1024.964	346.31
1025.314	385.89
1025.664	495.31
1026.014	420.81
1026.364	420.81
1026.713	364.94
1027.063	402.19
1027.413	327.69
1027.762	392.87
1028.112	430.13
1028.461	323.03
1028.81	374.25
1029.16	374.25
1029.509	383.56
1029.858	364.94
1030.207	395.2
1030.556	383.56
1030.905	355.62
1031.254	402.19
1031.602	392.87
1031.951	378.91
1032.3	392.87
1032.648	434.78
1032.996	434.78
1033.345	434.78
