187.879	-54.71
188.346	-54.71
188.813	-54.71
189.28	-91.96
189.747	-110.59
190.214	-87.31
190.681	-98.95
191.148	-140.85
191.614	-59.37
192.081	-64.02
192.548	-94.29
193.014	-40.74
193.481	36.09
193.948	40.74
194.414	24.45
194.881	54.71
195.347	45.4
195.813	54.71
196.28	84.98
196.746	133.87
197.212	110.59
197.678	189.74
198.145	203.71
198.611	224.67
199.077	187.42
199.543	268.9
200.009	215.35
200.475	306.15
200.941	313.14
201.407	327.1
201.873	278.21
202.338	369.01
202.804	306.15
203.27	268.9
203.735	327.1
204.201	320.12
204.667	306.15
205.132	334.09
205.598	403.93
206.063	415.57
206.529	448.17
206.994	357.37
207.459	455.15
207.925	471.45
208.39	441.18
208.855	401.61
209.32	387.64
209.785	417.9
210.25	389.96
210.715	401.61
211.18	396.95
211.645	427.21
212.11	399.28
212.575	352.71
213.04	373.67
213.504	399.28
213.969	403.93
214.434	329.43
214.899	455.15
215.363	373.67
215.828	389.96
216.292	369.01
216.757	392.29
217.221	380.65
217.685	583.2
218.15	422.56
218.614	371.34
219.078	345.73
219.542	306.15
220.007	348.06
220.471	373.67
220.935	348.06
221.399	378.32
221.863	362.03
222.327	392.29
222.791	378.32
223.254	345.73
223.718	352.71
224.182	413.25
224.646	415.57
225.109	417.9
225.573	396.95
226.037	338.75
226.5	350.39
226.964	371.34
227.427	315.46
227.89	464.47
228.354	387.64
228.817	389.96
229.28	403.93
229.744	385.31
230.207	385.31
230.67	371.34
231.133	338.75
231.596	327.1
232.059	308.48
232.522	396.95
232.985	362.03
233.448	420.23
233.911	299.17
234.374	382.98
234.836	329.43
235.299	380.65
235.762	327.1
236.224	382.98
236.687	406.26
237.149	396.95
237.612	329.43
238.074	359.7
238.537	387.64
238.999	380.65
239.461	357.37
239.924	382.98
240.386	413.25
240.848	357.37
241.31	324.78
241.772	359.7
242.234	401.61
242.696	336.42
243.158	373.67
243.62	417.9
244.082	385.31
244.544	373.67
245.006	369.01
245.468	420.23
245.929	427.21
246.391	396.95
246.852	406.26
247.314	403.93
247.776	443.51
248.237	389.96
248.698	417.9
249.16	376
249.621	410.92
250.082	264.24
250.544	441.18
251.005	436.53
251.466	420.23
251.927	345.73
252.388	396.95
252.849	355.04
253.31	338.75
253.771	345.73
254.232	424.89
254.693	343.4
255.154	434.2
255.615	369.01
256.075	410.92
256.536	455.15
256.997	403.93
257.457	394.62
257.918	352.71
258.378	369.01
258.839	348.06
259.299	401.61
259.759	420.23
260.22	431.87
260.68	380.65
261.14	382.98
261.6	369.01
262.06	462.14
262.521	359.7
262.981	445.84
263.441	387.64
263.901	376
264.36	366.68
264.82	422.56
265.28	376
265.74	389.96
266.2	410.92
266.659	387.64
267.119	429.54
267.579	387.64
268.038	436.53
268.498	345.73
268.957	352.71
269.416	438.86
269.876	394.62
270.335	399.28
270.794	373.67
271.254	399.28
271.713	504.04
272.172	378.32
272.631	338.75
273.09	396.95
273.549	352.71
274.008	392.29
274.467	431.87
274.926	448.17
275.385	352.71
275.843	441.18
276.302	369.01
276.761	401.61
277.22	420.23
277.678	450.5
278.137	369.01
278.595	445.84
279.054	369.01
279.512	373.67
279.97	443.51
280.429	399.28
280.887	473.78
281.345	376
281.803	401.61
282.262	376
282.72	459.81
283.178	403.93
283.636	396.95
284.094	359.7
284.552	410.92
285.01	410.92
285.467	476.11
285.925	427.21
286.383	431.87
286.841	429.54
287.298	424.89
287.756	410.92
288.213	329.43
288.671	392.29
289.128	345.73
289.586	403.93
290.043	396.95
290.5	424.89
290.958	438.86
291.415	438.86
291.872	420.23
292.329	459.81
292.786	399.28
293.243	406.26
293.7	382.98
294.157	355.04
294.614	378.32
295.071	403.93
295.528	376
295.985	410.92
296.441	480.76
296.898	436.53
297.355	443.51
297.811	443.51
298.268	406.26
298.724	394.62
299.181	427.21
299.637	427.21
300.094	329.43
300.55	348.06
301.006	406.26
301.462	357.37
301.919	413.25
302.375	387.64
302.831	429.54
303.287	422.56
303.743	424.89
304.199	401.61
304.655	380.65
305.11	452.82
305.566	471.45
306.022	413.25
306.478	420.23
306.933	366.68
307.389	487.75
307.845	445.84
308.3	424.89
308.756	466.79
309.211	471.45
309.666	350.39
310.122	389.96
310.577	459.81
311.032	369.01
311.487	380.65
311.943	445.84
312.398	445.84
312.853	434.2
313.308	417.9
313.763	408.59
314.218	464.47
314.672	394.62
315.127	445.84
315.582	422.56
316.037	403.93
316.492	413.25
316.946	438.86
317.401	399.28
317.855	457.48
318.31	457.48
318.764	406.26
319.219	462.14
319.673	436.53
320.127	410.92
320.582	457.48
321.036	427.21
321.49	455.15
321.944	413.25
322.398	378.32
322.852	452.82
323.306	408.59
323.76	389.96
324.214	424.89
324.668	450.5
325.122	455.15
325.575	469.12
326.029	417.9
326.483	385.31
326.936	424.89
327.39	394.62
327.843	369.01
328.297	399.28
328.75	369.01
329.204	469.12
329.657	457.48
330.11	441.18
330.564	441.18
331.017	492.4
331.47	382.98
331.923	424.89
332.376	313.14
332.829	396.95
333.282	431.87
333.735	452.82
334.188	427.21
334.641	431.87
335.093	399.28
335.546	410.92
335.999	450.5
336.451	385.31
336.904	401.61
337.356	403.93
337.809	448.17
338.261	462.14
338.714	466.79
339.166	420.23
339.618	382.98
340.07	392.29
340.523	427.21
340.975	448.17
341.427	406.26
341.879	336.42
342.331	415.57
342.783	441.18
343.235	410.92
343.687	334.09
344.138	378.32
344.59	417.9
345.042	415.57
345.494	466.79
345.945	445.84
346.397	431.87
346.848	417.9
347.3	408.59
347.751	424.89
348.203	376
348.654	443.51
349.105	455.15
349.556	403.93
350.008	445.84
350.459	392.29
350.91	455.15
351.361	403.93
351.812	466.79
352.263	478.43
352.714	382.98
353.165	473.78
353.615	462.14
354.066	448.17
354.517	448.17
354.968	443.51
355.418	469.12
355.869	445.84
356.319	485.42
356.77	355.04
357.22	483.09
357.671	429.54
358.121	413.25
358.571	452.82
359.021	443.51
359.472	417.9
359.922	462.14
360.372	410.92
360.822	422.56
361.272	450.5
361.722	529.65
362.172	366.68
362.622	434.2
363.071	476.11
363.521	466.79
363.971	417.9
364.42	466.79
364.87	427.21
365.32	443.51
365.769	504.04
366.219	403.93
366.668	480.76
367.117	501.72
367.567	464.47
368.016	508.7
368.465	480.76
368.914	469.12
369.363	506.37
369.812	445.84
370.261	441.18
370.71	478.43
371.159	513.36
371.608	504.04
372.057	576.22
372.506	485.42
372.955	597.17
373.403	583.2
373.852	611.14
374.301	632.09
374.749	643.73
375.198	741.51
375.646	650.72
376.094	767.12
376.543	762.47
376.991	848.61
377.439	869.56
377.887	995.28
378.336	1058.14
378.784	1093.06
379.232	1174.55
379.68	1309.58
380.128	1498.16
380.576	1637.85
381.023	1789.18
381.471	2045.28
381.919	2182.64
382.367	2438.73
382.814	2671.55
383.262	2967.22
383.71	3244.27
384.157	3605.14
384.605	4138.28
385.052	4608.57
385.499	4981.07
385.947	5602.68
386.394	6189.38
386.841	6873.85
387.288	7923.85
387.735	8966.86
388.182	9679.27
388.63	10587.25
389.076	11893.34
389.523	13325.15
389.97	14689.44
390.417	16251.63
390.864	18181.66
391.311	20046.51
391.757	22083.64
392.204	24046.26
392.651	26537.38
393.097	29009.87
393.544	30679.15
393.99	33954.85
394.436	35761.5
394.883	37542.53
395.329	39831.1
395.775	41078.98
396.221	41903.15
396.668	42485.18
397.114	42545.72
397.56	41791.4
398.006	40720.45
398.452	38878.88
398.897	37195.63
399.343	34748.75
399.789	32336.79
400.235	29929.49
400.681	27606
401.126	25294.15
401.572	23184.85
402.017	21545.83
402.463	19639.08
402.908	18370.24
403.354	17094.42
403.799	16179.46
404.244	15373.92
404.689	14293.66
405.135	13846.65
405.58	13381.02
406.025	13234.35
406.47	12654.64
406.915	12184.36
407.36	11620.94
407.805	11048.22
408.25	10780.48
408.694	10070.4
409.139	9798.01
409.584	9232.27
410.029	8624.62
410.473	7895.91
410.918	7446.58
411.362	7129.95
411.807	6408.22
412.251	5979.84
412.695	5530.51
413.14	4915.88
413.584	4808.79
414.028	4345.49
414.472	4094.05
414.916	3812.34
415.36	3556.24
415.804	3307.13
416.248	3165.12
416.692	3011.46
417.136	2813.57
417.58	2853.14
418.024	2655.25
418.467	2620.33
418.911	2455.03
419.355	2459.69
419.798	2333.97
420.242	2245.5
420.685	2115.12
421.128	2033.64
421.572	1947.49
422.015	1838.07
422.458	1756.59
422.902	1649.49
423.345	1626.21
423.788	1523.77
424.231	1421.33
424.674	1414.35
425.117	1188.52
425.56	1279.32
426.003	1186.19
426.445	1083.75
426.888	1088.41
427.331	1065.13
427.773	1067.46
428.216	927.77
428.659	932.42
429.101	864.91
429.543	876.55
429.986	832.31
430.428	846.28
430.87	811.36
431.313	687.97
431.755	741.51
432.197	680.98
432.639	725.22
433.081	653.05
433.523	706.59
433.965	692.62
434.407	639.08
434.849	641.4
435.291	541.29
435.732	590.19
436.174	531.98
436.616	599.5
437.057	548.28
437.499	597.17
437.94	639.08
438.382	573.89
438.823	573.89
439.264	487.75
439.706	592.51
440.147	492.4
440.588	511.03
441.029	487.75
441.47	536.64
441.911	576.22
442.352	417.9
442.793	562.25
443.234	522.67
443.675	525
444.116	441.18
444.556	464.47
444.997	462.14
445.438	466.79
445.878	531.98
446.319	508.7
446.759	469.12
447.199	492.4
447.64	457.48
448.08	499.39
448.52	497.06
448.961	466.79
449.401	408.59
449.841	462.14
450.281	459.81
450.721	438.86
451.161	443.51
451.601	408.59
452.041	459.81
452.48	513.36
452.92	504.04
453.36	431.87
453.799	483.09
454.239	457.48
454.679	410.92
455.118	443.51
455.557	420.23
455.997	520.34
456.436	471.45
456.875	448.17
457.315	403.93
457.754	429.54
458.193	478.43
458.632	445.84
459.071	434.2
459.51	420.23
459.949	462.14
460.388	308.48
460.827	417.9
461.265	441.18
461.704	462.14
462.143	441.18
462.581	401.61
463.02	445.84
463.458	466.79
463.897	427.21
464.335	378.32
464.774	406.26
465.212	473.78
465.65	438.86
466.088	408.59
466.527	436.53
466.965	431.87
467.403	376
467.841	443.51
468.279	413.25
468.716	403.93
469.154	499.39
469.592	387.64
470.03	403.93
470.467	438.86
470.905	457.48
471.343	469.12
471.78	394.62
472.218	443.51
472.655	378.32
473.092	387.64
473.53	429.54
473.967	369.01
474.404	385.31
474.841	408.59
475.278	366.68
475.716	452.82
476.153	417.9
476.589	424.89
477.026	450.5
477.463	471.45
477.9	389.96
478.337	427.21
478.773	408.59
479.21	420.23
479.647	417.9
480.083	459.81
480.52	413.25
480.956	380.65
481.392	415.57
481.829	469.12
482.265	513.36
482.701	466.79
483.137	403.93
483.574	436.53
484.01	420.23
484.446	364.35
484.882	485.42
485.317	401.61
485.753	427.21
486.189	504.04
486.625	429.54
487.061	443.51
487.496	434.2
487.932	431.87
488.367	480.76
488.803	420.23
489.238	352.71
489.674	385.31
490.109	518.01
490.544	427.21
490.979	485.42
491.415	445.84
491.85	476.11
492.285	394.62
492.72	436.53
493.155	420.23
493.59	492.4
494.024	424.89
494.459	420.23
494.894	445.84
495.329	476.11
495.763	389.96
496.198	464.47
496.632	434.2
497.067	497.06
497.501	443.51
497.936	389.96
498.37	403.93
498.804	450.5
499.238	420.23
499.673	403.93
500.107	399.28
500.541	443.51
500.975	424.89
501.409	438.86
501.843	434.2
502.277	427.21
502.71	464.47
503.144	487.75
503.578	443.51
504.011	427.21
504.445	427.21
504.878	431.87
505.312	466.79
505.745	483.09
506.179	469.12
506.612	413.25
507.045	443.51
507.479	387.64
507.912	455.15
508.345	457.48
508.778	420.23
509.211	408.59
509.644	413.25
510.077	450.5
510.509	476.11
510.942	438.86
511.375	417.9
511.808	387.64
512.24	438.86
512.673	438.86
513.105	396.95
513.538	473.78
513.97	469.12
514.403	457.48
514.835	410.92
515.267	473.78
515.699	445.84
516.131	471.45
516.564	462.14
516.996	513.36
517.428	366.68
517.859	403.93
518.291	469.12
518.723	455.15
519.155	434.2
519.587	387.64
520.018	448.17
520.45	387.64
520.881	431.87
521.313	403.93
521.744	380.65
522.176	410.92
522.607	436.53
523.038	476.11
523.47	359.7
523.901	450.5
524.332	410.92
524.763	431.87
525.194	457.48
525.625	487.75
526.056	387.64
526.487	429.54
526.917	438.86
527.348	438.86
527.779	443.51
528.21	385.31
528.64	420.23
529.071	429.54
529.501	466.79
529.932	408.59
530.362	410.92
530.792	387.64
531.222	452.82
531.653	424.89
532.083	431.87
532.513	513.36
532.943	459.81
533.373	422.56
533.803	436.53
534.233	373.67
534.663	369.01
535.092	471.45
535.522	392.29
535.952	436.53
536.381	480.76
536.811	441.18
537.24	413.25
537.67	424.89
538.099	445.84
538.529	385.31
538.958	406.26
539.387	382.98
539.816	445.84
540.245	431.87
540.674	424.89
541.103	431.87
541.532	429.54
541.961	450.5
542.39	373.67
542.819	380.65
543.248	513.36
543.676	341.07
544.105	494.73
544.534	462.14
544.962	427.21
545.391	508.7
545.819	427.21
546.247	443.51
546.676	441.18
547.104	352.71
547.532	320.12
547.96	399.28
548.388	445.84
548.816	373.67
549.244	394.62
549.672	420.23
550.1	431.87
550.528	422.56
550.956	424.89
551.383	513.36
551.811	424.89
552.238	401.61
552.666	387.64
553.094	450.5
553.521	420.23
553.948	469.12
554.376	378.32
554.803	552.93
555.23	443.51
555.657	396.95
556.084	401.61
556.511	362.03
556.938	382.98
557.365	394.62
557.792	445.84
558.219	424.89
558.646	459.81
559.072	410.92
559.499	406.26
559.926	408.59
560.352	459.81
560.779	434.2
561.205	504.04
561.632	376
562.058	487.75
562.484	448.17
562.91	408.59
563.337	504.04
563.763	420.23
564.189	462.14
564.615	429.54
565.041	417.9
565.466	378.32
565.892	415.57
566.318	413.25
566.744	490.07
567.169	371.34
567.595	422.56
568.021	417.9
568.446	466.79
568.872	389.96
569.297	413.25
569.722	387.64
570.148	389.96
570.573	438.86
570.998	427.21
571.423	355.04
571.848	445.84
572.273	441.18
572.698	452.82
573.123	417.9
573.548	378.32
573.973	464.47
574.397	466.79
574.822	371.34
575.247	403.93
575.671	469.12
576.096	473.78
576.52	406.26
576.944	315.46
577.369	369.01
577.793	513.36
578.217	422.56
578.641	469.12
579.065	366.68
579.49	455.15
579.914	471.45
580.337	415.57
580.761	410.92
581.185	401.61
581.609	403.93
582.033	329.43
582.456	408.59
582.88	438.86
583.303	424.89
583.727	355.04
584.15	424.89
584.574	469.12
584.997	434.2
585.42	352.71
585.844	410.92
586.267	376
586.69	406.26
587.113	422.56
587.536	422.56
587.959	438.86
588.382	452.82
588.804	413.25
589.227	410.92
589.65	364.35
590.073	466.79
590.495	459.81
590.918	485.42
591.34	462.14
591.763	494.73
592.185	396.95
592.607	401.61
593.03	504.04
593.452	413.25
593.874	448.17
594.296	422.56
594.718	359.7
595.14	359.7
595.562	438.86
595.984	415.57
596.406	396.95
596.827	436.53
597.249	385.31
597.671	364.35
598.092	417.9
598.514	389.96
598.935	422.56
599.357	387.64
599.778	452.82
600.199	427.21
600.621	357.37
601.042	387.64
601.463	385.31
601.884	403.93
602.305	334.09
602.726	373.67
603.147	408.59
603.568	350.39
603.988	420.23
604.409	403.93
604.83	434.2
605.25	455.15
605.671	334.09
606.092	457.48
606.512	410.92
606.932	478.43
607.353	408.59
607.773	394.62
608.193	415.57
608.613	415.57
609.034	369.01
609.454	413.25
609.874	373.67
610.293	389.96
610.713	450.5
611.133	436.53
611.553	396.95
611.973	462.14
612.392	385.31
612.812	434.2
613.231	343.4
613.651	469.12
614.07	399.28
614.49	382.98
614.909	403.93
615.328	487.75
615.747	410.92
616.167	441.18
616.586	410.92
617.005	415.57
617.424	410.92
617.843	499.39
618.261	438.86
618.68	420.23
619.099	422.56
619.518	331.76
619.936	436.53
620.355	364.35
620.773	396.95
621.192	438.86
621.61	357.37
622.029	445.84
622.447	452.82
622.865	371.34
623.283	378.32
623.701	438.86
624.119	427.21
624.537	385.31
624.955	389.96
625.373	455.15
625.791	424.89
626.209	385.31
626.627	415.57
627.044	459.81
627.462	413.25
627.879	455.15
628.297	429.54
628.714	394.62
629.132	410.92
629.549	443.51
629.966	427.21
630.383	382.98
630.8	369.01
631.217	378.32
631.634	413.25
632.051	385.31
632.468	359.7
632.885	366.68
633.302	464.47
633.719	392.29
634.135	410.92
634.552	352.71
634.969	448.17
635.385	394.62
635.801	387.64
636.218	401.61
636.634	417.9
637.05	396.95
637.467	415.57
637.883	427.21
638.299	466.79
638.715	422.56
639.131	413.25
639.547	362.03
639.963	473.78
640.378	443.51
640.794	369.01
641.21	401.61
641.626	371.34
642.041	399.28
642.457	422.56
642.872	441.18
643.287	424.89
643.703	417.9
644.118	445.84
644.533	471.45
644.948	443.51
645.364	436.53
645.779	403.93
646.194	473.78
646.609	431.87
647.023	399.28
647.438	478.43
647.853	410.92
648.268	422.56
648.682	410.92
649.097	422.56
649.511	466.79
649.926	443.51
650.34	401.61
650.755	443.51
651.169	369.01
651.583	396.95
651.997	394.62
652.411	443.51
652.825	441.18
653.239	422.56
653.653	436.53
654.067	434.2
654.481	417.9
654.895	448.17
655.309	443.51
655.722	450.5
656.136	357.37
656.549	450.5
656.963	452.82
657.376	431.87
657.79	406.26
658.203	490.07
658.616	406.26
659.029	413.25
659.442	387.64
659.855	413.25
660.268	417.9
660.681	338.75
661.094	410.92
661.507	352.71
661.92	429.54
662.333	334.09
662.745	462.14
663.158	410.92
663.57	366.68
663.983	401.61
664.395	399.28
664.808	348.06
665.22	387.64
665.632	364.35
666.044	448.17
666.456	389.96
666.868	401.61
667.28	445.84
667.692	382.98
668.104	438.86
668.516	436.53
668.928	392.29
669.34	403.93
669.751	382.98
670.163	341.07
670.574	389.96
670.986	462.14
671.397	327.1
671.809	387.64
672.22	380.65
672.631	357.37
673.042	441.18
673.453	392.29
673.864	473.78
674.275	431.87
674.686	410.92
675.097	424.89
675.508	369.01
675.919	417.9
676.33	392.29
676.74	448.17
677.151	343.4
677.561	371.34
677.972	389.96
678.382	396.95
678.792	466.79
679.203	366.68
679.613	376
680.023	366.68
680.433	431.87
680.843	490.07
681.253	424.89
681.663	434.2
682.073	401.61
682.483	410.92
682.893	301.49
683.302	389.96
683.712	455.15
684.122	359.7
684.531	345.73
684.94	448.17
685.35	422.56
685.759	385.31
686.168	455.15
686.578	382.98
686.987	420.23
687.396	443.51
687.805	392.29
688.214	385.31
688.623	382.98
689.032	359.7
689.44	417.9
689.849	327.1
690.258	438.86
690.666	420.23
691.075	469.12
691.484	320.12
691.892	429.54
692.3	429.54
692.709	438.86
693.117	485.42
693.525	494.73
693.933	410.92
694.341	429.54
694.749	462.14
695.157	410.92
695.565	434.2
695.973	424.89
696.381	378.32
696.788	436.53
697.196	369.01
697.604	394.62
698.011	413.25
698.419	431.87
698.826	399.28
699.234	348.06
699.641	401.61
700.048	480.76
700.455	415.57
700.862	399.28
701.269	415.57
701.676	396.95
702.083	380.65
702.49	417.9
702.897	399.28
703.304	427.21
703.71	385.31
704.117	464.47
704.524	459.81
704.93	436.53
705.337	431.87
705.743	415.57
706.149	380.65
706.556	485.42
706.962	422.56
707.368	429.54
707.774	376
708.18	380.65
708.586	443.51
708.992	424.89
709.398	355.04
709.804	401.61
710.209	464.47
710.615	417.9
711.021	371.34
711.426	434.2
711.832	369.01
712.237	352.71
712.642	376
713.048	427.21
713.453	413.25
713.858	394.62
714.263	413.25
714.668	410.92
715.073	399.28
715.478	396.95
715.883	438.86
716.288	382.98
716.693	378.32
717.097	422.56
717.502	376
717.906	438.86
718.311	392.29
718.715	403.93
719.12	434.2
719.524	420.23
719.928	355.04
720.333	443.51
720.737	443.51
721.141	464.47
721.545	429.54
721.949	462.14
722.353	301.49
722.757	417.9
723.16	431.87
723.564	415.57
723.968	338.75
724.371	401.61
724.775	427.21
725.178	448.17
725.582	455.15
725.985	350.39
726.388	415.57
726.792	403.93
727.195	434.2
727.598	371.34
728.001	403.93
728.404	455.15
728.807	424.89
729.21	436.53
729.612	366.68
730.015	392.29
730.418	338.75
730.82	399.28
731.223	394.62
731.625	429.54
732.028	410.92
732.43	382.98
732.833	413.25
733.235	378.32
733.637	350.39
734.039	350.39
734.441	410.92
734.843	443.51
735.245	320.12
735.647	338.75
736.049	445.84
736.451	378.32
736.852	389.96
737.254	415.57
737.655	341.07
738.057	385.31
738.458	385.31
738.86	431.87
739.261	431.87
739.662	413.25
740.064	518.01
740.465	443.51
740.866	410.92
741.267	452.82
741.668	443.51
742.069	357.37
742.469	394.62
742.87	410.92
743.271	431.87
743.672	389.96
744.072	392.29
744.473	452.82
744.873	369.01
745.274	355.04
745.674	338.75
746.074	452.82
746.474	427.21
746.875	403.93
747.275	420.23
747.675	429.54
748.075	473.78
748.474	334.09
748.874	373.67
749.274	317.79
749.674	452.82
750.073	427.21
750.473	483.09
750.873	378.32
751.272	336.42
751.671	459.81
752.071	436.53
752.47	385.31
752.869	380.65
753.268	392.29
753.668	406.26
754.067	417.9
754.466	429.54
754.864	380.65
755.263	410.92
755.662	492.4
756.061	366.68
756.459	448.17
756.858	525
757.257	392.29
757.655	380.65
758.053	410.92
758.452	406.26
758.85	345.73
759.248	392.29
759.646	399.28
760.045	448.17
760.443	394.62
760.841	378.32
761.238	406.26
761.636	394.62
762.034	401.61
762.432	373.67
762.829	399.28
763.227	408.59
763.625	396.95
764.022	401.61
764.419	401.61
764.817	469.12
765.214	408.59
765.611	338.75
766.008	387.64
766.406	392.29
766.803	369.01
767.199	413.25
767.596	485.42
767.993	436.53
768.39	424.89
768.787	408.59
769.183	424.89
769.58	424.89
769.977	366.68
770.373	399.28
770.769	376
771.166	413.25
771.562	413.25
771.958	373.67
772.354	385.31
772.75	410.92
773.146	355.04
773.542	355.04
773.938	410.92
774.334	406.26
774.73	420.23
775.126	392.29
775.521	355.04
775.917	355.04
776.312	389.96
776.708	452.82
777.103	382.98
777.499	494.73
777.894	387.64
778.289	417.9
778.684	441.18
779.079	322.45
779.474	448.17
779.869	399.28
780.264	394.62
780.659	434.2
781.054	408.59
781.448	369.01
781.843	408.59
782.238	434.2
782.632	408.59
783.027	441.18
783.421	427.21
783.815	352.71
784.21	338.75
784.604	436.53
784.998	448.17
785.392	403.93
785.786	380.65
786.18	438.86
786.574	417.9
786.968	466.79
787.361	378.32
787.755	362.03
788.149	420.23
788.542	441.18
788.936	401.61
789.329	394.62
789.722	483.09
790.116	457.48
790.509	415.57
790.902	406.26
791.295	443.51
791.688	394.62
792.081	406.26
792.474	436.53
792.867	417.9
793.26	427.21
793.653	476.11
794.045	408.59
794.438	343.4
794.83	408.59
795.223	403.93
795.615	448.17
796.008	431.87
796.4	427.21
796.792	427.21
797.184	364.35
797.576	355.04
797.968	443.51
798.36	413.25
798.752	473.78
799.144	392.29
799.536	415.57
799.928	441.18
800.319	382.98
800.711	436.53
801.102	424.89
801.494	413.25
801.885	452.82
802.276	420.23
802.668	445.84
803.059	380.65
803.45	429.54
803.841	394.62
804.232	401.61
804.623	376
805.014	376
805.405	401.61
805.795	452.82
806.186	438.86
806.577	369.01
806.967	313.14
807.358	355.04
807.748	413.25
808.139	448.17
808.529	385.31
808.919	436.53
809.309	443.51
809.699	420.23
810.089	406.26
810.479	415.57
810.869	348.06
811.259	385.31
811.649	387.64
812.039	399.28
812.428	450.5
812.818	522.67
813.207	406.26
813.597	399.28
813.986	436.53
814.376	494.73
814.765	480.76
815.154	403.93
815.543	492.4
815.932	399.28
816.321	382.98
816.71	441.18
817.099	387.64
817.488	422.56
817.877	403.93
818.265	424.89
818.654	443.51
819.043	389.96
819.431	406.26
819.819	457.48
820.208	408.59
820.596	366.68
820.984	427.21
821.372	431.87
821.761	443.51
822.149	394.62
822.537	345.73
822.924	422.56
823.312	387.64
823.7	431.87
824.088	429.54
824.475	490.07
824.863	378.32
825.251	394.62
825.638	452.82
826.025	378.32
826.413	362.03
826.8	455.15
827.187	345.73
827.574	441.18
827.961	427.21
828.348	469.12
828.735	399.28
829.122	438.86
829.509	401.61
829.896	376
830.282	466.79
830.669	450.5
831.055	396.95
831.442	382.98
831.828	336.42
832.215	471.45
832.601	443.51
832.987	492.4
833.373	382.98
833.759	443.51
834.145	492.4
834.531	389.96
834.917	385.31
835.303	378.32
835.689	403.93
836.074	357.37
836.46	380.65
836.846	480.76
837.231	366.68
837.617	355.04
838.002	396.95
838.387	403.93
838.772	445.84
839.158	406.26
839.543	401.61
839.928	399.28
840.313	434.2
840.698	427.21
841.082	394.62
841.467	401.61
841.852	394.62
842.237	315.46
842.621	436.53
843.006	420.23
843.39	401.61
843.774	443.51
844.159	394.62
844.543	417.9
844.927	424.89
845.311	373.67
845.695	445.84
846.079	438.86
846.463	408.59
846.847	408.59
847.231	373.67
847.615	445.84
847.998	396.95
848.382	371.34
848.765	455.15
849.149	429.54
849.532	385.31
849.916	403.93
850.299	403.93
850.682	469.12
851.065	392.29
851.448	406.26
851.831	401.61
852.214	434.2
852.597	387.64
852.98	392.29
853.363	399.28
853.745	406.26
854.128	371.34
854.51	403.93
854.893	355.04
855.275	408.59
855.658	473.78
856.04	380.65
856.422	331.76
856.804	410.92
857.186	352.71
857.568	338.75
857.95	431.87
858.332	441.18
858.714	387.64
859.096	389.96
859.477	369.01
859.859	317.79
860.24	387.64
860.622	376
861.003	492.4
861.385	417.9
861.766	462.14
862.147	427.21
862.528	382.98
862.909	413.25
863.29	487.75
863.671	399.28
864.052	385.31
864.433	373.67
864.814	480.76
865.194	438.86
865.575	417.9
865.955	364.35
866.336	443.51
866.716	403.93
867.097	420.23
867.477	441.18
867.857	429.54
868.237	357.37
868.617	434.2
868.997	410.92
869.377	448.17
869.757	387.64
870.137	457.48
870.517	408.59
870.896	448.17
871.276	364.35
871.655	357.37
872.035	364.35
872.414	408.59
872.794	462.14
873.173	359.7
873.552	396.95
873.931	410.92
874.31	376
874.689	403.93
875.068	422.56
875.447	389.96
875.826	382.98
876.205	471.45
876.583	359.7
876.962	373.67
877.341	352.71
877.719	322.45
878.097	380.65
878.476	427.21
878.854	429.54
879.232	441.18
879.61	343.4
879.988	366.68
880.366	436.53
880.744	410.92
881.122	410.92
881.5	413.25
881.878	415.57
882.255	385.31
882.633	373.67
883.011	420.23
883.388	359.7
883.765	422.56
884.143	341.07
884.52	466.79
884.897	387.64
885.274	380.65
885.651	396.95
886.028	436.53
886.405	382.98
886.782	464.47
887.159	422.56
887.536	422.56
887.912	380.65
888.289	480.76
888.665	450.5
889.042	373.67
889.418	350.39
889.794	348.06
890.171	385.31
890.547	387.64
890.923	387.64
891.299	431.87
891.675	410.92
892.051	387.64
892.427	385.31
892.803	385.31
893.178	429.54
893.554	396.95
893.929	366.68
894.305	406.26
894.68	429.54
895.056	443.51
895.431	394.62
895.806	387.64
896.181	455.15
896.557	401.61
896.932	436.53
897.307	401.61
897.681	389.96
898.056	352.71
898.431	387.64
898.806	389.96
899.18	327.1
899.555	324.78
899.929	441.18
900.304	380.65
900.678	399.28
901.052	369.01
901.427	441.18
901.801	382.98
902.175	343.4
902.549	431.87
902.923	403.93
903.297	401.61
903.67	457.48
904.044	422.56
904.418	424.89
904.791	378.32
905.165	406.26
905.538	308.48
905.912	364.35
906.285	445.84
906.658	385.31
907.032	427.21
907.405	392.29
907.778	369.01
908.151	329.43
908.524	382.98
908.896	483.09
909.269	410.92
909.642	376
910.015	355.04
910.387	406.26
910.76	483.09
911.132	396.95
911.504	429.54
911.877	369.01
912.249	362.03
912.621	413.25
912.993	431.87
913.365	392.29
913.737	385.31
914.109	413.25
914.481	443.51
914.853	434.2
915.224	392.29
915.596	401.61
915.968	401.61
916.339	338.75
916.71	389.96
917.082	359.7
917.453	387.64
917.824	406.26
918.195	410.92
918.566	422.56
918.937	329.43
919.308	441.18
919.679	403.93
920.05	424.89
920.421	369.01
920.791	424.89
921.162	457.48
921.532	401.61
921.903	380.65
922.273	371.34
922.644	441.18
923.014	466.79
923.384	387.64
923.754	376
924.124	441.18
924.494	396.95
924.864	457.48
925.234	357.37
925.604	410.92
925.973	406.26
926.343	403.93
926.712	420.23
927.082	429.54
927.451	350.39
927.821	399.28
928.19	345.73
928.559	438.86
928.928	494.73
929.297	394.62
929.666	403.93
930.035	369.01
930.404	345.73
930.773	369.01
931.142	410.92
931.51	378.32
931.879	408.59
932.247	322.45
932.616	343.4
932.984	387.64
933.353	455.15
933.721	357.37
934.089	348.06
934.457	334.09
934.825	389.96
935.193	403.93
935.561	401.61
935.929	448.17
936.296	473.78
936.664	422.56
937.032	373.67
937.399	406.26
937.767	341.07
938.134	441.18
938.501	396.95
938.869	401.61
939.236	385.31
939.603	348.06
939.97	369.01
940.337	394.62
940.704	396.95
941.071	452.82
941.438	341.07
941.804	366.68
942.171	429.54
942.538	362.03
942.904	403.93
943.27	380.65
943.637	364.35
944.003	327.1
944.369	431.87
944.735	406.26
945.102	417.9
945.468	387.64
945.833	382.98
946.199	396.95
946.565	436.53
946.931	422.56
947.296	362.03
947.662	355.04
948.028	450.5
948.393	352.71
948.758	410.92
949.124	380.65
949.489	448.17
949.854	373.67
950.219	385.31
950.584	396.95
950.949	352.71
951.314	410.92
951.679	429.54
952.044	452.82
952.408	431.87
952.773	385.31
953.137	420.23
953.502	420.23
953.866	403.93
954.231	341.07
954.595	452.82
954.959	424.89
955.323	369.01
955.687	327.1
956.051	455.15
956.415	399.28
956.779	343.4
957.143	431.87
957.506	382.98
957.87	380.65
958.234	431.87
958.597	357.37
958.961	392.29
959.324	313.14
959.687	385.31
960.05	396.95
960.413	424.89
960.776	443.51
961.139	394.62
961.502	396.95
961.865	389.96
962.228	413.25
962.591	413.25
962.953	392.29
963.316	436.53
963.678	376
964.041	396.95
964.403	406.26
964.765	410.92
965.128	357.37
965.49	438.86
965.852	334.09
966.214	427.21
966.576	415.57
966.938	457.48
967.299	438.86
967.661	371.34
968.023	394.62
968.384	408.59
968.746	410.92
969.107	420.23
969.469	417.9
969.83	322.45
970.191	417.9
970.552	392.29
970.913	299.17
971.274	394.62
971.635	473.78
971.996	441.18
972.357	369.01
972.718	434.2
973.078	429.54
973.439	357.37
973.8	401.61
974.16	441.18
974.52	376
974.881	317.79
975.241	485.42
975.601	443.51
975.961	424.89
976.321	410.92
976.681	392.29
977.041	387.64
977.401	455.15
977.76	348.06
978.12	429.54
978.48	364.35
978.839	403.93
979.199	357.37
979.558	382.98
979.917	443.51
980.277	410.92
980.636	424.89
980.995	415.57
981.354	392.29
981.713	394.62
982.072	387.64
982.43	436.53
982.789	362.03
983.148	462.14
983.506	355.04
983.865	413.25
984.223	389.96
984.582	431.87
984.94	389.96
985.298	345.73
985.656	424.89
986.015	394.62
986.373	420.23
986.731	399.28
987.088	424.89
987.446	362.03
987.804	420.23
988.162	359.7
988.519	441.18
988.877	436.53
989.234	436.53
989.591	401.61
989.949	389.96
990.306	345.73
990.663	413.25
991.02	445.84
991.377	392.29
991.734	394.62
992.091	369.01
992.448	406.26
992.805	385.31
993.161	373.67
993.518	382.98
993.874	441.18
994.231	408.59
994.587	406.26
994.943	438.86
995.3	308.48
995.656	410.92
996.012	427.21
996.368	413.25
996.724	392.29
997.08	406.26
997.435	369.01
997.791	436.53
998.147	392.29
998.502	415.57
998.858	389.96
999.213	399.28
999.569	408.59
999.924	434.2
1000.279	292.18
1000.634	389.96
1000.989	403.93
1001.344	376
1001.699	436.53
1002.054	355.04
1002.409	385.31
1002.764	415.57
1003.118	345.73
1003.473	385.31
1003.827	466.79
1004.182	396.95
1004.536	445.84
1004.89	462.14
1005.245	373.67
1005.599	355.04
1005.953	348.06
1006.307	380.65
1006.661	352.71
1007.015	382.98
1007.368	406.26
1007.722	369.01
1008.076	385.31
1008.429	464.47
1008.783	476.11
1009.136	380.65
1009.489	436.53
1009.843	378.32
1010.196	417.9
1010.549	406.26
1010.902	445.84
1011.255	389.96
1011.608	422.56
1011.961	459.81
1012.313	422.56
1012.666	403.93
1013.019	348.06
1013.371	410.92
1013.724	382.98
1014.076	364.35
1014.428	448.17
1014.781	396.95
1015.133	424.89
1015.485	387.64
1015.837	331.76
1016.189	378.32
1016.541	394.62
1016.893	357.37
1017.244	380.65
1017.596	403.93
1017.947	417.9
1018.299	415.57
1018.65	359.7
1019.002	399.28
1019.353	448.17
1019.704	403.93
1020.055	366.68
1020.407	352.71
1020.758	408.59
1021.108	378.32
1021.459	406.26
1021.81	387.64
1022.161	371.34
1022.511	338.75
1022.862	422.56
1023.213	366.68
1023.563	371.34
1023.913	399.28
1024.264	345.73
1024.614	392.29
1024.964	350.39
1025.314	380.65
1025.664	376
1026.014	424.89
1026.364	373.67
1026.713	436.53
1027.063	422.56
1027.413	438.86
1027.762	394.62
1028.112	392.29
1028.461	376
1028.81	429.54
1029.16	359.7
1029.509	341.07
1029.858	424.89
1030.207	429.54
1030.556	345.73
1030.905	366.68
1031.254	338.75
1031.602	376
1031.951	415.57
1032.3	466.79
1032.648	480.76
1032.996	480.76
1033.345	480.76
