187.879	18.33
188.346	18.33
188.813	18.33
189.28	-128.34
189.747	-70.14
190.214	-121.35
190.681	-60.82
191.148	-51.51
191.614	-70.14
192.081	-72.46
192.548	-46.85
193.014	-72.46
193.481	-7.28
193.948	-72.46
194.414	46.27
194.881	74.21
195.347	102.15
195.813	27.65
196.28	50.93
196.746	125.43
197.212	148.71
197.678	139.4
198.145	181.3
198.611	244.16
199.077	267.45
199.543	302.37
200.009	344.27
200.475	258.13
200.941	260.46
201.407	286.07
201.873	337.29
202.338	288.4
202.804	355.92
203.27	372.21
203.735	332.63
204.201	358.24
204.667	414.12
205.132	367.56
205.598	358.24
206.063	388.51
206.529	365.23
206.994	467.67
207.459	314.01
207.925	365.23
208.39	444.38
208.855	451.37
209.32	409.46
209.785	379.2
210.25	395.49
210.715	369.88
211.18	374.54
211.645	353.59
212.11	402.48
212.575	416.45
213.04	300.04
213.504	376.87
213.969	390.84
214.434	409.46
214.899	421.1
215.363	386.18
215.828	407.13
216.292	395.49
216.757	344.27
217.221	390.84
217.685	528.2
218.15	341.95
218.614	290.73
219.078	423.43
219.542	414.12
220.007	425.76
220.471	397.82
220.935	344.27
221.399	346.6
221.863	365.23
222.327	365.23
222.791	430.42
223.254	348.93
223.718	372.21
224.182	362.9
224.646	414.12
225.109	353.59
225.573	355.92
226.037	362.9
226.5	381.53
226.964	393.17
227.427	325.65
227.89	358.24
228.354	400.15
228.817	311.68
229.28	395.49
229.744	330.31
230.207	393.17
230.67	442.06
231.133	374.54
231.596	374.54
232.059	430.42
232.522	348.93
232.985	369.88
233.448	372.21
233.911	395.49
234.374	386.18
234.836	435.07
235.299	388.51
235.762	320.99
236.224	374.54
236.687	397.82
237.149	379.2
237.612	435.07
238.074	374.54
238.537	348.93
238.999	393.17
239.461	453.7
239.924	365.23
240.386	325.65
240.848	369.88
241.31	362.9
241.772	304.7
242.234	325.65
242.696	334.96
243.158	355.92
243.62	414.12
244.082	397.82
244.544	414.12
245.006	418.78
245.468	414.12
245.929	314.01
246.391	365.23
246.852	341.95
247.314	414.12
247.776	374.54
248.237	374.54
248.698	293.06
249.16	439.73
249.621	374.54
250.082	279.09
250.544	423.43
251.005	407.13
251.466	404.81
251.927	381.53
252.388	390.84
252.849	351.26
253.31	430.42
253.771	365.23
254.232	400.15
254.693	390.84
255.154	374.54
255.615	386.18
256.075	320.99
256.536	348.93
256.997	339.62
257.457	339.62
257.918	304.7
258.378	411.79
258.839	341.95
259.299	360.57
259.759	379.2
260.22	411.79
260.68	390.84
261.14	374.54
261.6	402.48
262.06	476.98
262.521	390.84
262.981	442.06
263.441	451.37
263.901	432.74
264.36	409.46
264.82	432.74
265.28	397.82
265.74	402.48
266.2	393.17
266.659	409.46
267.119	388.51
267.579	388.51
268.038	432.74
268.498	390.84
268.957	376.87
269.416	416.45
269.876	430.42
270.335	355.92
270.794	344.27
271.254	402.48
271.713	407.13
272.172	386.18
272.631	386.18
273.09	334.96
273.549	390.84
274.008	411.79
274.467	430.42
274.926	444.38
275.385	386.18
275.843	395.49
276.302	372.21
276.761	418.78
277.22	411.79
277.678	365.23
278.137	467.67
278.595	362.9
279.054	423.43
279.512	376.87
279.97	386.18
280.429	400.15
280.887	353.59
281.345	397.82
281.803	421.1
282.262	374.54
282.72	446.71
283.178	456.03
283.636	365.23
284.094	390.84
284.552	395.49
285.01	437.4
285.467	456.03
285.925	456.03
286.383	372.21
286.841	402.48
287.298	409.46
287.756	432.74
288.213	358.24
288.671	395.49
289.128	381.53
289.586	390.84
290.043	411.79
290.5	374.54
290.958	393.17
291.415	376.87
291.872	414.12
292.329	358.24
292.786	381.53
293.243	442.06
293.7	388.51
294.157	425.76
294.614	393.17
295.071	460.68
295.528	360.57
295.985	411.79
296.441	407.13
296.898	451.37
297.355	444.38
297.811	439.73
298.268	372.21
298.724	402.48
299.181	365.23
299.637	393.17
300.094	400.15
300.55	404.81
301.006	376.87
301.462	390.84
301.919	400.15
302.375	400.15
302.831	430.42
303.287	453.7
303.743	348.93
304.199	362.9
304.655	428.09
305.11	423.43
305.566	407.13
306.022	397.82
306.478	460.68
306.933	414.12
307.389	393.17
307.845	430.42
308.3	374.54
308.756	449.04
309.211	444.38
309.666	395.49
310.122	423.43
310.577	446.71
311.032	362.9
311.487	360.57
311.943	449.04
312.398	439.73
312.853	469.99
313.308	437.4
313.763	430.42
314.218	432.74
314.672	409.46
315.127	444.38
315.582	381.53
316.037	400.15
316.492	397.82
316.946	395.49
317.401	411.79
317.855	437.4
318.31	390.84
318.764	490.95
319.219	449.04
319.673	465.34
320.127	428.09
320.582	465.34
321.036	421.1
321.49	442.06
321.944	432.74
322.398	469.99
322.852	423.43
323.306	432.74
323.76	518.89
324.214	416.45
324.668	425.76
325.122	365.23
325.575	449.04
326.029	444.38
326.483	369.88
326.936	458.35
327.39	376.87
327.843	409.46
328.297	402.48
328.75	365.23
329.204	507.24
329.657	453.7
330.11	437.4
330.564	367.56
331.017	302.37
331.47	449.04
331.923	365.23
332.376	381.53
332.829	425.76
333.282	397.82
333.735	479.31
334.188	451.37
334.641	386.18
335.093	514.23
335.546	411.79
335.999	435.07
336.451	523.54
336.904	397.82
337.356	386.18
337.809	334.96
338.261	463.01
338.714	381.53
339.166	346.6
339.618	430.42
340.07	376.87
340.523	397.82
340.975	488.62
341.427	423.43
341.879	409.46
342.331	346.6
342.783	374.54
343.235	523.54
343.687	411.79
344.138	460.68
344.59	395.49
345.042	372.21
345.494	474.65
345.945	432.74
346.397	435.07
346.848	421.1
347.3	479.31
347.751	386.18
348.203	360.57
348.654	449.04
349.105	414.12
349.556	458.35
350.008	411.79
350.459	439.73
350.91	446.71
351.361	481.64
351.812	437.4
352.263	483.96
352.714	390.84
353.165	423.43
353.615	435.07
354.066	400.15
354.517	409.46
354.968	432.74
355.418	449.04
355.869	416.45
356.319	409.46
356.77	423.43
357.22	416.45
357.671	516.56
358.121	439.73
358.571	483.96
359.021	425.76
359.472	393.17
359.922	444.38
360.372	465.34
360.822	479.31
361.272	458.35
361.722	404.81
362.172	444.38
362.622	446.71
363.071	430.42
363.521	428.09
363.971	518.89
364.42	467.67
364.87	423.43
365.32	507.24
365.769	483.96
366.219	458.35
366.668	446.71
367.117	518.89
367.567	374.54
368.016	428.09
368.465	474.65
368.914	497.93
369.363	444.38
369.812	502.59
370.261	539.84
370.71	474.65
371.159	449.04
371.608	523.54
372.057	609.68
372.506	535.18
372.955	521.21
373.403	549.15
373.852	530.53
374.301	695.82
374.749	663.23
375.198	674.87
375.646	702.81
376.094	726.09
376.543	802.92
376.991	819.22
377.439	993.83
377.887	928.64
378.336	1070.66
378.784	1117.22
379.232	1219.66
379.68	1338.39
380.128	1445.49
380.576	1638.72
381.023	1885.51
381.471	2015.88
381.919	2181.18
382.367	2402.36
382.814	2658.45
383.262	2982.06
383.71	3242.82
384.157	3631.62
384.605	4176.4
385.052	4546.58
385.499	5023.85
385.947	5685.04
386.394	6295.02
386.841	6939.91
387.288	7803.66
387.735	8550.99
388.182	9784.91
388.63	10876.81
389.076	11985.01
389.523	13307.4
389.97	14550.63
390.417	16331.66
390.864	17968.34
391.311	20161.46
391.757	21851.69
392.204	24354.45
392.651	26501
393.097	28801.21
393.544	31369.16
393.99	33499.41
394.436	35871.79
394.883	37657.48
395.329	39710.91
395.775	40861.01
396.221	42069.32
396.668	42669.98
397.114	42765.43
397.56	41715.44
398.006	40604.91
398.452	39259.25
398.897	37170.9
399.343	35061.6
399.789	32419.15
400.235	30144.55
400.681	27930.48
401.126	25155.33
401.572	23472.08
402.017	21400.03
402.463	19779.64
402.908	18443.29
403.354	17172.12
403.799	16299.06
404.244	15402.73
404.689	14615.81
405.135	13956.95
405.58	13279.46
406.025	12892.99
406.47	12622.92
406.915	12117.71
407.36	11554.3
407.805	11235.34
408.25	11009.51
408.694	10334.35
409.139	9577.7
409.584	9193.56
410.029	8774.49
410.473	8013.19
410.918	7410.2
411.362	7116.85
411.807	6411.42
412.251	5927.17
412.695	5473.18
413.14	5212.43
413.584	4735.16
414.028	4462.77
414.472	4295.14
414.916	3913.32
415.36	3564.1
415.804	3396.47
416.248	3273.08
416.692	3245.15
417.136	3040.27
417.58	2921.53
418.024	2586.28
418.467	2567.65
418.911	2614.22
419.355	2455.9
419.798	2311.56
420.242	2223.09
420.685	2106.68
421.128	1971.65
421.572	1915.77
422.015	1857.57
422.458	1799.37
422.902	1727.19
423.345	1636.4
423.788	1426.86
424.231	1389.61
424.674	1312.78
425.117	1184.74
425.56	1240.61
426.003	1117.22
426.445	1112.56
426.888	1121.88
427.331	963.56
427.773	1038.06
428.216	926.31
428.659	919.33
429.101	937.95
429.543	821.54
429.986	798.26
430.428	858.8
430.87	728.42
431.313	761.01
431.755	781.97
432.197	728.42
432.639	684.18
433.081	684.18
433.523	751.7
433.965	688.84
434.407	623.65
434.849	630.64
435.291	667.89
435.732	658.57
436.174	642.28
436.616	567.78
437.057	523.54
437.499	509.57
437.94	602.7
438.382	572.43
438.823	535.18
439.264	465.34
439.706	593.39
440.147	542.17
440.588	509.57
441.029	537.51
441.47	572.43
441.911	453.7
442.352	488.62
442.793	532.85
443.234	476.98
443.675	514.23
444.116	476.98
444.556	500.26
444.997	483.96
445.438	474.65
445.878	428.09
446.319	456.03
446.759	430.42
447.199	465.34
447.64	521.21
448.08	400.15
448.52	414.12
448.961	456.03
449.401	460.68
449.841	400.15
450.281	409.46
450.721	453.7
451.161	474.65
451.601	416.45
452.041	423.43
452.48	400.15
452.92	449.04
453.36	456.03
453.799	416.45
454.239	495.6
454.679	497.93
455.118	460.68
455.557	437.4
455.997	444.38
456.436	469.99
456.875	416.45
457.315	490.95
457.754	469.99
458.193	504.92
458.632	397.82
459.071	439.73
459.51	365.23
459.949	416.45
460.388	358.24
460.827	463.01
461.265	400.15
461.704	535.18
462.143	416.45
462.581	449.04
463.02	393.17
463.458	446.71
463.897	351.26
464.335	439.73
464.774	469.99
465.212	404.81
465.65	414.12
466.088	416.45
466.527	465.34
466.965	379.2
467.403	351.26
467.841	430.42
468.279	453.7
468.716	390.84
469.154	416.45
469.592	435.07
470.03	362.9
470.467	374.54
470.905	390.84
471.343	379.2
471.78	463.01
472.218	460.68
472.655	465.34
473.092	400.15
473.53	467.67
473.967	397.82
474.404	402.48
474.841	507.24
475.278	381.53
475.716	432.74
476.153	383.85
476.589	404.81
477.026	407.13
477.463	414.12
477.9	397.82
478.337	418.78
478.773	458.35
479.21	379.2
479.647	435.07
480.083	383.85
480.52	409.46
480.956	446.71
481.392	476.98
481.829	449.04
482.265	390.84
482.701	418.78
483.137	400.15
483.574	465.34
484.01	423.43
484.446	493.28
484.882	465.34
485.317	437.4
485.753	409.46
486.189	402.48
486.625	442.06
487.061	456.03
487.496	432.74
487.932	418.78
488.367	381.53
488.803	425.76
489.238	465.34
489.674	425.76
490.109	428.09
490.544	353.59
490.979	416.45
491.415	432.74
491.85	453.7
492.285	414.12
492.72	488.62
493.155	397.82
493.59	430.42
494.024	481.64
494.459	397.82
494.894	439.73
495.329	360.57
495.763	442.06
496.198	402.48
496.632	472.32
497.067	437.4
497.501	430.42
497.936	490.95
498.37	479.31
498.804	500.26
499.238	437.4
499.673	362.9
500.107	472.32
500.541	444.38
500.975	393.17
501.409	446.71
501.843	516.56
502.277	435.07
502.71	425.76
503.144	511.9
503.578	414.12
504.011	379.2
504.445	425.76
504.878	360.57
505.312	404.81
505.745	435.07
506.179	435.07
506.612	411.79
507.045	416.45
507.479	518.89
507.912	374.54
508.345	504.92
508.778	400.15
509.211	430.42
509.644	490.95
510.077	381.53
510.509	367.56
510.942	446.71
511.375	395.49
511.808	504.92
512.24	418.78
512.673	411.79
513.105	451.37
513.538	416.45
513.97	465.34
514.403	376.87
514.835	376.87
515.267	444.38
515.699	444.38
516.131	465.34
516.564	407.13
516.996	490.95
517.428	332.63
517.859	402.48
518.291	381.53
518.723	425.76
519.155	421.1
519.587	435.07
520.018	418.78
520.45	465.34
520.881	393.17
521.313	446.71
521.744	435.07
522.176	409.46
522.607	465.34
523.038	400.15
523.47	460.68
523.901	490.95
524.332	488.62
524.763	446.71
525.194	376.87
525.625	402.48
526.056	453.7
526.487	444.38
526.917	400.15
527.348	411.79
527.779	418.78
528.21	490.95
528.64	407.13
529.071	483.96
529.501	474.65
529.932	469.99
530.362	439.73
530.792	425.76
531.222	483.96
531.653	386.18
532.083	407.13
532.513	474.65
532.943	393.17
533.373	390.84
533.803	411.79
534.233	430.42
534.663	442.06
535.092	428.09
535.522	390.84
535.952	460.68
536.381	386.18
536.811	430.42
537.24	539.84
537.67	418.78
538.099	458.35
538.529	369.88
538.958	446.71
539.387	404.81
539.816	469.99
540.245	493.28
540.674	365.23
541.103	409.46
541.532	397.82
541.961	463.01
542.39	409.46
542.819	465.34
543.248	488.62
543.676	341.95
544.105	393.17
544.534	442.06
544.962	386.18
545.391	351.26
545.819	365.23
546.247	451.37
546.676	374.54
547.104	439.73
547.532	453.7
547.96	428.09
548.388	425.76
548.816	381.53
549.244	469.99
549.672	425.76
550.1	400.15
550.528	504.92
550.956	390.84
551.383	402.48
551.811	416.45
552.238	418.78
552.666	358.24
553.094	353.59
553.521	330.31
553.948	397.82
554.376	367.56
554.803	383.85
555.23	409.46
555.657	435.07
556.084	402.48
556.511	379.2
556.938	423.43
557.365	432.74
557.792	365.23
558.219	446.71
558.646	411.79
559.072	388.51
559.499	351.26
559.926	400.15
560.352	456.03
560.779	442.06
561.205	393.17
561.632	435.07
562.058	390.84
562.484	456.03
562.91	421.1
563.337	423.43
563.763	337.29
564.189	400.15
564.615	465.34
565.041	423.43
565.466	369.88
565.892	446.71
566.318	432.74
566.744	474.65
567.169	411.79
567.595	374.54
568.021	428.09
568.446	439.73
568.872	390.84
569.297	451.37
569.722	437.4
570.148	442.06
570.573	376.87
570.998	483.96
571.423	439.73
571.848	432.74
572.273	365.23
572.698	449.04
573.123	442.06
573.548	414.12
573.973	402.48
574.397	456.03
574.822	465.34
575.247	453.7
575.671	453.7
576.096	446.71
576.52	376.87
576.944	446.71
577.369	407.13
577.793	369.88
578.217	414.12
578.641	439.73
579.065	395.49
579.49	402.48
579.914	435.07
580.337	481.64
580.761	390.84
581.185	388.51
581.609	460.68
582.033	425.76
582.456	407.13
582.88	446.71
583.303	407.13
583.727	402.48
584.15	411.79
584.574	458.35
584.997	418.78
585.42	397.82
585.844	414.12
586.267	428.09
586.69	409.46
587.113	404.81
587.536	393.17
587.959	495.6
588.382	451.37
588.804	493.28
589.227	411.79
589.65	386.18
590.073	367.56
590.495	481.64
590.918	395.49
591.34	362.9
591.763	463.01
592.185	402.48
592.607	444.38
593.03	374.54
593.452	404.81
593.874	383.85
594.296	367.56
594.718	458.35
595.14	437.4
595.562	388.51
595.984	418.78
596.406	425.76
596.827	516.56
597.249	451.37
597.671	351.26
598.092	404.81
598.514	481.64
598.935	407.13
599.357	421.1
599.778	393.17
600.199	388.51
600.621	421.1
601.042	435.07
601.463	400.15
601.884	390.84
602.305	383.85
602.726	437.4
603.147	449.04
603.568	381.53
603.988	428.09
604.409	414.12
604.83	460.68
605.25	451.37
605.671	446.71
606.092	404.81
606.512	411.79
606.932	416.45
607.353	416.45
607.773	386.18
608.193	388.51
608.613	418.78
609.034	430.42
609.454	397.82
609.874	416.45
610.293	393.17
610.713	381.53
611.133	469.99
611.553	355.92
611.973	463.01
612.392	395.49
612.812	442.06
613.231	369.88
613.651	456.03
614.07	411.79
614.49	430.42
614.909	458.35
615.328	416.45
615.747	409.46
616.167	437.4
616.586	423.43
617.005	418.78
617.424	416.45
617.843	530.53
618.261	372.21
618.68	425.76
619.099	437.4
619.518	360.57
619.936	418.78
620.355	395.49
620.773	407.13
621.192	428.09
621.61	341.95
622.029	390.84
622.447	407.13
622.865	439.73
623.283	390.84
623.701	421.1
624.119	432.74
624.537	355.92
624.955	404.81
625.373	460.68
625.791	451.37
626.209	397.82
626.627	372.21
627.044	467.67
627.462	472.32
627.879	388.51
628.297	407.13
628.714	409.46
629.132	344.27
629.549	467.67
629.966	444.38
630.383	388.51
630.8	386.18
631.217	390.84
631.634	437.4
632.051	421.1
632.468	360.57
632.885	449.04
633.302	353.59
633.719	423.43
634.135	390.84
634.552	379.2
634.969	381.53
635.385	479.31
635.801	486.29
636.218	428.09
636.634	323.32
637.05	428.09
637.467	449.04
637.883	428.09
638.299	456.03
638.715	365.23
639.131	372.21
639.547	390.84
639.963	381.53
640.378	344.27
640.794	418.78
641.21	483.96
641.626	400.15
642.041	460.68
642.457	414.12
642.872	414.12
643.287	423.43
643.703	437.4
644.118	439.73
644.533	402.48
644.948	337.29
645.364	407.13
645.779	395.49
646.194	432.74
646.609	339.62
647.023	465.34
647.438	397.82
647.853	388.51
648.268	463.01
648.682	472.32
649.097	386.18
649.511	407.13
649.926	435.07
650.34	379.2
650.755	407.13
651.169	411.79
651.583	439.73
651.997	402.48
652.411	379.2
652.825	402.48
653.239	353.59
653.653	465.34
654.067	469.99
654.481	374.54
654.895	418.78
655.309	418.78
655.722	386.18
656.136	355.92
656.549	358.24
656.963	404.81
657.376	437.4
657.79	407.13
658.203	404.81
658.616	407.13
659.029	444.38
659.442	460.68
659.855	332.63
660.268	393.17
660.681	374.54
661.094	439.73
661.507	374.54
661.92	444.38
662.333	386.18
662.745	428.09
663.158	437.4
663.57	497.93
663.983	379.2
664.395	467.67
664.808	428.09
665.22	358.24
665.632	346.6
666.044	435.07
666.456	469.99
666.868	358.24
667.28	360.57
667.692	409.46
668.104	472.32
668.516	500.26
668.928	351.26
669.34	374.54
669.751	428.09
670.163	421.1
670.574	472.32
670.986	458.35
671.397	418.78
671.809	386.18
672.22	446.71
672.631	407.13
673.042	372.21
673.453	358.24
673.864	430.42
674.275	395.49
674.686	407.13
675.097	362.9
675.508	379.2
675.919	381.53
676.33	435.07
676.74	374.54
677.151	404.81
677.561	397.82
677.972	446.71
678.382	393.17
678.792	502.59
679.203	430.42
679.613	458.35
680.023	404.81
680.433	414.12
680.843	479.31
681.253	395.49
681.663	437.4
682.073	374.54
682.483	383.85
682.893	374.54
683.302	467.67
683.712	348.93
684.122	404.81
684.531	376.87
684.94	381.53
685.35	474.65
685.759	393.17
686.168	411.79
686.578	397.82
686.987	414.12
687.396	465.34
687.805	409.46
688.214	386.18
688.623	323.32
689.032	402.48
689.44	456.03
689.849	353.59
690.258	397.82
690.666	402.48
691.075	362.9
691.484	372.21
691.892	423.43
692.3	369.88
692.709	493.28
693.117	418.78
693.525	390.84
693.933	355.92
694.341	393.17
694.749	465.34
695.157	442.06
695.565	418.78
695.973	400.15
696.381	469.99
696.788	372.21
697.196	425.76
697.604	381.53
698.011	479.31
698.419	421.1
698.826	362.9
699.234	402.48
699.641	460.68
700.048	407.13
700.455	409.46
700.862	400.15
701.269	390.84
701.676	416.45
702.083	458.35
702.49	428.09
702.897	414.12
703.304	283.74
703.71	444.38
704.117	418.78
704.524	367.56
704.93	341.95
705.337	472.32
705.743	463.01
706.149	400.15
706.556	430.42
706.962	402.48
707.368	346.6
707.774	416.45
708.18	409.46
708.586	428.09
708.992	446.71
709.398	376.87
709.804	430.42
710.209	456.03
710.615	474.65
711.021	348.93
711.426	407.13
711.832	358.24
712.237	362.9
712.642	381.53
713.048	393.17
713.453	388.51
713.858	463.01
714.263	390.84
714.668	451.37
715.073	483.96
715.478	402.48
715.883	383.85
716.288	395.49
716.693	383.85
717.097	339.62
717.502	386.18
717.906	483.96
718.311	458.35
718.715	442.06
719.12	463.01
719.524	430.42
719.928	428.09
720.333	353.59
720.737	421.1
721.141	411.79
721.545	400.15
721.949	437.4
722.353	428.09
722.757	437.4
723.16	432.74
723.564	404.81
723.968	428.09
724.371	358.24
724.775	474.65
725.178	393.17
725.582	397.82
725.985	372.21
726.388	360.57
726.792	451.37
727.195	456.03
727.598	388.51
728.001	381.53
728.404	453.7
728.807	421.1
729.21	344.27
729.612	435.07
730.015	395.49
730.418	444.38
730.82	432.74
731.223	442.06
731.625	388.51
732.028	430.42
732.43	402.48
732.833	388.51
733.235	332.63
733.637	439.73
734.039	414.12
734.441	367.56
734.843	407.13
735.245	421.1
735.647	395.49
736.049	388.51
736.451	425.76
736.852	309.35
737.254	409.46
737.655	346.6
738.057	379.2
738.458	341.95
738.86	390.84
739.261	437.4
739.662	404.81
740.064	388.51
740.465	435.07
740.866	390.84
741.267	400.15
741.668	388.51
742.069	449.04
742.469	407.13
742.87	330.31
743.271	497.93
743.672	421.1
744.072	372.21
744.473	360.57
744.873	397.82
745.274	430.42
745.674	418.78
746.074	372.21
746.474	449.04
746.875	365.23
747.275	437.4
747.675	358.24
748.075	456.03
748.474	339.62
748.874	344.27
749.274	483.96
749.674	365.23
750.073	437.4
750.473	397.82
750.873	432.74
751.272	353.59
751.671	339.62
752.071	400.15
752.47	383.85
752.869	365.23
753.268	460.68
753.668	393.17
754.067	330.31
754.466	372.21
754.864	409.46
755.263	463.01
755.662	395.49
756.061	416.45
756.459	400.15
756.858	339.62
757.257	365.23
757.655	421.1
758.053	323.32
758.452	353.59
758.85	416.45
759.248	353.59
759.646	409.46
760.045	425.76
760.443	414.12
760.841	393.17
761.238	367.56
761.636	381.53
762.034	430.42
762.432	388.51
762.829	409.46
763.227	421.1
763.625	320.99
764.022	386.18
764.419	421.1
764.817	418.78
765.214	400.15
765.611	351.26
766.008	458.35
766.406	386.18
766.803	339.62
767.199	395.49
767.596	402.48
767.993	428.09
768.39	360.57
768.787	360.57
769.183	365.23
769.58	367.56
769.977	367.56
770.373	411.79
770.769	379.2
771.166	339.62
771.562	341.95
771.958	444.38
772.354	386.18
772.75	430.42
773.146	369.88
773.542	355.92
773.938	383.85
774.334	421.1
774.73	376.87
775.126	383.85
775.521	432.74
775.917	334.96
776.312	390.84
776.708	383.85
777.103	404.81
777.499	365.23
777.894	348.93
778.289	404.81
778.684	302.37
779.079	379.2
779.474	432.74
779.869	351.26
780.264	421.1
780.659	360.57
781.054	369.88
781.448	449.04
781.843	360.57
782.238	418.78
782.632	341.95
783.027	402.48
783.421	372.21
783.815	369.88
784.21	465.34
784.604	421.1
784.998	358.24
785.392	428.09
785.786	393.17
786.18	386.18
786.574	381.53
786.968	351.26
787.361	456.03
787.755	376.87
788.149	435.07
788.542	442.06
788.936	402.48
789.329	395.49
789.722	351.26
790.116	388.51
790.509	360.57
790.902	381.53
791.295	430.42
791.688	374.54
792.081	360.57
792.474	397.82
792.867	348.93
793.26	460.68
793.653	395.49
794.045	388.51
794.438	463.01
794.83	369.88
795.223	435.07
795.615	430.42
796.008	411.79
796.4	449.04
796.792	407.13
797.184	402.48
797.576	372.21
797.968	386.18
798.36	423.43
798.752	402.48
799.144	404.81
799.536	418.78
799.928	393.17
800.319	421.1
800.711	362.9
801.102	346.6
801.494	446.71
801.885	339.62
802.276	395.49
802.668	339.62
803.059	497.93
803.45	432.74
803.841	388.51
804.232	374.54
804.623	365.23
805.014	365.23
805.405	467.67
805.795	435.07
806.186	386.18
806.577	293.06
806.967	409.46
807.358	386.18
807.748	379.2
808.139	449.04
808.529	388.51
808.919	418.78
809.309	379.2
809.699	332.63
810.089	414.12
810.479	430.42
810.869	390.84
811.259	439.73
811.649	341.95
812.039	416.45
812.428	386.18
812.818	418.78
813.207	437.4
813.597	411.79
813.986	416.45
814.376	439.73
814.765	400.15
815.154	325.65
815.543	288.4
815.932	407.13
816.321	451.37
816.71	330.31
817.099	339.62
817.488	428.09
817.877	383.85
818.265	444.38
818.654	476.98
819.043	374.54
819.431	381.53
819.819	381.53
820.208	430.42
820.596	428.09
820.984	437.4
821.372	381.53
821.761	390.84
822.149	362.9
822.537	372.21
822.924	358.24
823.312	423.43
823.7	409.46
824.088	414.12
824.475	409.46
824.863	402.48
825.251	402.48
825.638	386.18
826.025	486.29
826.413	418.78
826.8	469.99
827.187	358.24
827.574	435.07
827.961	409.46
828.348	358.24
828.735	472.32
829.122	407.13
829.509	369.88
829.896	460.68
830.282	435.07
830.669	407.13
831.055	397.82
831.442	383.85
831.828	449.04
832.215	425.76
832.601	388.51
832.987	411.79
833.373	348.93
833.759	428.09
834.145	411.79
834.531	351.26
834.917	404.81
835.303	407.13
835.689	372.21
836.074	409.46
836.46	402.48
836.846	379.2
837.231	379.2
837.617	465.34
838.002	404.81
838.387	460.68
838.772	351.26
839.158	379.2
839.543	414.12
839.928	393.17
840.313	346.6
840.698	425.76
841.082	411.79
841.467	351.26
841.852	423.43
842.237	390.84
842.621	407.13
843.006	376.87
843.39	467.67
843.774	458.35
844.159	409.46
844.543	374.54
844.927	430.42
845.311	390.84
845.695	409.46
846.079	414.12
846.463	432.74
846.847	404.81
847.231	465.34
847.615	423.43
847.998	332.63
848.382	383.85
848.765	355.92
849.149	348.93
849.532	407.13
849.916	337.29
850.299	414.12
850.682	330.31
851.065	351.26
851.448	341.95
851.831	432.74
852.214	439.73
852.597	393.17
852.98	369.88
853.363	369.88
853.745	407.13
854.128	423.43
854.51	418.78
854.893	439.73
855.275	365.23
855.658	355.92
856.04	416.45
856.422	348.93
856.804	367.56
857.186	400.15
857.568	376.87
857.95	374.54
858.332	425.76
858.714	258.13
859.096	414.12
859.477	374.54
859.859	386.18
860.24	388.51
860.622	411.79
861.003	430.42
861.385	404.81
861.766	449.04
862.147	374.54
862.528	442.06
862.909	362.9
863.29	439.73
863.671	390.84
864.052	348.93
864.433	383.85
864.814	372.21
865.194	381.53
865.575	418.78
865.955	360.57
866.336	362.9
866.716	372.21
867.097	386.18
867.477	418.78
867.857	393.17
868.237	460.68
868.617	376.87
868.997	379.2
869.377	437.4
869.757	386.18
870.137	388.51
870.517	435.07
870.896	463.01
871.276	395.49
871.655	416.45
872.035	430.42
872.414	393.17
872.794	397.82
873.173	425.76
873.552	402.48
873.931	376.87
874.31	456.03
874.689	379.2
875.068	416.45
875.447	367.56
875.826	369.88
876.205	386.18
876.583	379.2
876.962	402.48
877.341	337.29
877.719	374.54
878.097	332.63
878.476	369.88
878.854	400.15
879.232	358.24
879.61	423.43
879.988	435.07
880.366	430.42
880.744	474.65
881.122	379.2
881.5	402.48
881.878	388.51
882.255	320.99
882.633	456.03
883.011	355.92
883.388	395.49
883.765	374.54
884.143	295.38
884.52	395.49
884.897	386.18
885.274	374.54
885.651	372.21
886.028	458.35
886.405	402.48
886.782	365.23
887.159	442.06
887.536	367.56
887.912	358.24
888.289	372.21
888.665	381.53
889.042	374.54
889.418	360.57
889.794	407.13
890.171	344.27
890.547	376.87
890.923	330.31
891.299	393.17
891.675	341.95
892.051	451.37
892.427	449.04
892.803	379.2
893.178	372.21
893.554	411.79
893.929	374.54
894.305	400.15
894.68	416.45
895.056	404.81
895.431	456.03
895.806	381.53
896.181	344.27
896.557	300.04
896.932	449.04
897.307	362.9
897.681	344.27
898.056	390.84
898.431	386.18
898.806	414.12
899.18	395.49
899.555	395.49
899.929	432.74
900.304	388.51
900.678	379.2
901.052	388.51
901.427	402.48
901.801	388.51
902.175	365.23
902.549	379.2
902.923	383.85
903.297	465.34
903.67	388.51
904.044	446.71
904.418	393.17
904.791	376.87
905.165	442.06
905.538	388.51
905.912	376.87
906.285	339.62
906.658	337.29
907.032	430.42
907.405	421.1
907.778	397.82
908.151	351.26
908.524	348.93
908.896	386.18
909.269	376.87
909.642	327.98
910.015	369.88
910.387	393.17
910.76	402.48
911.132	393.17
911.504	414.12
911.877	397.82
912.249	348.93
912.621	432.74
912.993	404.81
913.365	421.1
913.737	393.17
914.109	369.88
914.481	435.07
914.853	337.29
915.224	372.21
915.596	437.4
915.968	402.48
916.339	383.85
916.71	409.46
917.082	414.12
917.453	395.49
917.824	465.34
918.195	404.81
918.566	381.53
918.937	388.51
919.308	411.79
919.679	381.53
920.05	393.17
920.421	418.78
920.791	360.57
921.162	451.37
921.532	409.46
921.903	428.09
922.273	442.06
922.644	439.73
923.014	416.45
923.384	381.53
923.754	409.46
924.124	397.82
924.494	376.87
924.864	332.63
925.234	372.21
925.604	409.46
925.973	304.7
926.343	369.88
926.712	402.48
927.082	418.78
927.451	372.21
927.821	360.57
928.19	365.23
928.559	386.18
928.928	372.21
929.297	353.59
929.666	360.57
930.035	353.59
930.404	369.88
930.773	348.93
931.142	362.9
931.51	421.1
931.879	386.18
932.247	314.01
932.616	337.29
932.984	381.53
933.353	390.84
933.721	486.29
934.089	397.82
934.457	418.78
934.825	414.12
935.193	353.59
935.561	372.21
935.929	430.42
936.296	339.62
936.664	383.85
937.032	418.78
937.399	358.24
937.767	460.68
938.134	369.88
938.501	483.96
938.869	358.24
939.236	388.51
939.603	430.42
939.97	388.51
940.337	409.46
940.704	435.07
941.071	365.23
941.438	362.9
941.804	388.51
942.171	418.78
942.538	379.2
942.904	372.21
943.27	418.78
943.637	388.51
944.003	428.09
944.369	421.1
944.735	339.62
945.102	404.81
945.468	425.76
945.833	381.53
946.199	437.4
946.565	327.98
946.931	416.45
947.296	388.51
947.662	395.49
948.028	414.12
948.393	372.21
948.758	383.85
949.124	327.98
949.489	323.32
949.854	425.76
950.219	395.49
950.584	372.21
950.949	418.78
951.314	407.13
951.679	397.82
952.044	425.76
952.408	395.49
952.773	358.24
953.137	411.79
953.502	374.54
953.866	411.79
954.231	365.23
954.595	383.85
954.959	390.84
955.323	437.4
955.687	334.96
956.051	404.81
956.415	456.03
956.779	390.84
957.143	418.78
957.506	456.03
957.87	421.1
958.234	372.21
958.597	400.15
958.961	418.78
959.324	376.87
959.687	390.84
960.05	390.84
960.413	386.18
960.776	358.24
961.139	393.17
961.502	334.96
961.865	353.59
962.228	360.57
962.591	407.13
962.953	376.87
963.316	395.49
963.678	395.49
964.041	402.48
964.403	351.26
964.765	332.63
965.128	355.92
965.49	388.51
965.852	414.12
966.214	304.7
966.576	323.32
966.938	404.81
967.299	402.48
967.661	351.26
968.023	360.57
968.384	323.32
968.746	346.6
969.107	423.43
969.469	411.79
969.83	374.54
970.191	355.92
970.552	409.46
970.913	421.1
971.274	423.43
971.635	451.37
971.996	456.03
972.357	320.99
972.718	376.87
973.078	323.32
973.439	407.13
973.8	460.68
974.16	374.54
974.52	351.26
974.881	379.2
975.241	430.42
975.601	425.76
975.961	404.81
976.321	430.42
976.681	365.23
977.041	386.18
977.401	393.17
977.76	323.32
978.12	316.34
978.48	414.12
978.839	388.51
979.199	409.46
979.558	337.29
979.917	367.56
980.277	435.07
980.636	407.13
980.995	428.09
981.354	358.24
981.713	379.2
982.072	374.54
982.43	435.07
982.789	367.56
983.148	351.26
983.506	407.13
983.865	423.43
984.223	397.82
984.582	383.85
984.94	453.7
985.298	416.45
985.656	402.48
986.015	374.54
986.373	390.84
986.731	369.88
987.088	351.26
987.446	334.96
987.804	358.24
988.162	437.4
988.519	449.04
988.877	449.04
989.234	302.37
989.591	397.82
989.949	376.87
990.306	330.31
990.663	386.18
991.02	411.79
991.377	425.76
991.734	407.13
992.091	425.76
992.448	383.85
992.805	423.43
993.161	407.13
993.518	416.45
993.874	430.42
994.231	428.09
994.587	337.29
994.943	374.54
995.3	435.07
995.656	348.93
996.012	437.4
996.368	386.18
996.724	334.96
997.08	327.98
997.435	383.85
997.791	418.78
998.147	425.76
998.502	339.62
998.858	418.78
999.213	395.49
999.569	386.18
999.924	439.73
1000.279	439.73
1000.634	395.49
1000.989	453.7
1001.344	355.92
1001.699	437.4
1002.054	409.46
1002.409	430.42
1002.764	435.07
1003.118	446.71
1003.473	409.46
1003.827	376.87
1004.182	367.56
1004.536	383.85
1004.89	330.31
1005.245	372.21
1005.599	416.45
1005.953	309.35
1006.307	437.4
1006.661	407.13
1007.015	348.93
1007.368	332.63
1007.722	432.74
1008.076	381.53
1008.429	397.82
1008.783	402.48
1009.136	388.51
1009.489	411.79
1009.843	362.9
1010.196	351.26
1010.549	409.46
1010.902	444.38
1011.255	339.62
1011.608	395.49
1011.961	411.79
1012.313	404.81
1012.666	463.01
1013.019	439.73
1013.371	383.85
1013.724	334.96
1014.076	360.57
1014.428	435.07
1014.781	381.53
1015.133	372.21
1015.485	404.81
1015.837	393.17
1016.189	397.82
1016.541	334.96
1016.893	400.15
1017.244	383.85
1017.596	367.56
1017.947	407.13
1018.299	469.99
1018.65	390.84
1019.002	395.49
1019.353	421.1
1019.704	337.29
1020.055	360.57
1020.407	339.62
1020.758	332.63
1021.108	381.53
1021.459	362.9
1021.81	421.1
1022.161	458.35
1022.511	360.57
1022.862	400.15
1023.213	423.43
1023.563	348.93
1023.913	400.15
1024.264	411.79
1024.614	358.24
1024.964	449.04
1025.314	411.79
1025.664	428.09
1026.014	400.15
1026.364	430.42
1026.713	386.18
1027.063	381.53
1027.413	320.99
1027.762	358.24
1028.112	390.84
1028.461	393.17
1028.81	390.84
1029.16	430.42
1029.509	402.48
1029.858	320.99
1030.207	390.84
1030.556	367.56
1030.905	390.84
1031.254	423.43
1031.602	388.51
1031.951	409.46
1032.3	388.51
1032.648	386.18
1032.996	386.18
1033.345	386.18
