187.879	-59.8
188.346	-59.8
188.813	-59.8
189.28	-66.79
189.747	-10.91
190.214	-118.01
190.681	-55.15
191.148	-90.07
191.614	-57.48
192.081	-127.32
192.548	-78.43
193.014	-69.12
193.481	51.95
193.948	-24.88
194.414	70.57
194.881	12.37
195.347	58.93
195.813	72.9
196.28	117.13
196.746	105.49
197.212	131.1
197.678	177.67
198.145	231.21
198.611	133.43
199.077	210.26
199.543	182.32
200.009	252.17
200.475	245.18
200.941	382.54
201.407	347.62
201.873	291.75
202.338	284.76
202.804	401.17
203.27	303.39
203.735	419.79
204.201	429.11
204.667	342.97
205.132	410.48
205.598	380.22
206.063	415.14
206.529	326.67
206.994	445.4
207.459	401.17
207.925	431.43
208.39	347.62
208.855	415.14
209.32	394.18
209.785	405.83
210.25	461.7
210.715	326.67
211.18	375.56
211.645	368.57
212.11	408.15
212.575	422.12
213.04	424.45
213.504	363.92
213.969	496.62
214.434	398.84
214.899	387.2
215.363	398.84
215.828	363.92
216.292	396.51
216.757	352.28
217.221	352.28
217.685	478
218.15	331.32
218.614	310.37
219.078	329
219.542	370.9
220.007	363.92
220.471	361.59
220.935	349.95
221.399	345.29
221.863	436.09
222.327	410.48
222.791	426.78
223.254	417.47
223.718	410.48
224.182	445.4
224.646	405.83
225.109	329
225.573	356.93
226.037	373.23
226.5	315.03
226.964	389.53
227.427	363.92
227.89	373.23
228.354	387.2
228.817	366.25
229.28	352.28
229.744	387.2
230.207	359.26
230.67	384.87
231.133	405.83
231.596	324.34
232.059	324.34
232.522	403.5
232.985	429.11
233.448	389.53
233.911	333.65
234.374	370.9
234.836	433.76
235.299	359.26
235.762	422.12
236.224	403.5
236.687	356.93
237.149	366.25
237.612	380.22
238.074	317.36
238.537	377.89
238.999	368.57
239.461	401.17
239.924	398.84
240.386	438.42
240.848	338.31
241.31	361.59
241.772	377.89
242.234	338.31
242.696	373.23
243.158	382.54
243.62	333.65
244.082	394.18
244.544	391.86
245.006	368.57
245.468	415.14
245.929	422.12
246.391	410.48
246.852	363.92
247.314	333.65
247.776	403.5
248.237	387.2
248.698	447.73
249.16	433.76
249.621	398.84
250.082	377.89
250.544	412.81
251.005	359.26
251.466	408.15
251.927	384.87
252.388	315.03
252.849	447.73
253.31	366.25
253.771	366.25
254.232	415.14
254.693	398.84
255.154	471.01
255.615	429.11
256.075	359.26
256.536	431.43
256.997	431.43
257.457	422.12
257.918	424.45
258.378	347.62
258.839	438.42
259.299	419.79
259.759	433.76
260.22	384.87
260.68	419.79
261.14	405.83
261.6	322.01
262.06	417.47
262.521	471.01
262.981	438.42
263.441	408.15
263.901	319.68
264.36	403.5
264.82	310.37
265.28	410.48
265.74	356.93
266.2	424.45
266.659	410.48
267.119	424.45
267.579	438.42
268.038	382.54
268.498	398.84
268.957	396.51
269.416	403.5
269.876	401.17
270.335	424.45
270.794	445.4
271.254	361.59
271.713	354.61
272.172	419.79
272.631	389.53
273.09	412.81
273.549	417.47
274.008	410.48
274.467	415.14
274.926	403.5
275.385	415.14
275.843	436.09
276.302	382.54
276.761	398.84
277.22	373.23
277.678	375.56
278.137	352.28
278.595	433.76
279.054	431.43
279.512	433.76
279.97	438.42
280.429	482.65
280.887	394.18
281.345	429.11
281.803	403.5
282.262	457.04
282.72	398.84
283.178	359.26
283.636	447.73
284.094	429.11
284.552	410.48
285.01	450.06
285.467	468.69
285.925	415.14
286.383	368.57
286.841	433.76
287.298	484.98
287.756	443.08
288.213	389.53
288.671	366.25
289.128	361.59
289.586	396.51
290.043	375.56
290.5	384.87
290.958	410.48
291.415	436.09
291.872	412.81
292.329	424.45
292.786	447.73
293.243	419.79
293.7	445.4
294.157	457.04
294.614	384.87
295.071	387.2
295.528	405.83
295.985	422.12
296.441	457.04
296.898	438.42
297.355	403.5
297.811	436.09
298.268	480.33
298.724	359.26
299.181	415.14
299.637	443.08
300.094	454.72
300.55	422.12
301.006	505.94
301.462	440.75
301.919	426.78
302.375	422.12
302.831	354.61
303.287	471.01
303.743	396.51
304.199	454.72
304.655	405.83
305.11	452.39
305.566	487.31
306.022	315.03
306.478	440.75
306.933	403.5
307.389	380.22
307.845	429.11
308.3	422.12
308.756	438.42
309.211	359.26
309.666	398.84
310.122	387.2
310.577	419.79
311.032	382.54
311.487	422.12
311.943	366.25
312.398	380.22
312.853	461.7
313.308	443.08
313.763	345.29
314.218	494.29
314.672	380.22
315.127	417.47
315.582	431.43
316.037	396.51
316.492	401.17
316.946	464.03
317.401	464.03
317.855	396.51
318.31	389.53
318.764	447.73
319.219	412.81
319.673	375.56
320.127	422.12
320.582	384.87
321.036	494.29
321.49	438.42
321.944	387.2
322.398	335.98
322.852	382.54
323.306	373.23
323.76	410.48
324.214	412.81
324.668	368.57
325.122	354.61
325.575	377.89
326.029	396.51
326.483	345.29
326.936	459.37
327.39	424.45
327.843	459.37
328.297	436.09
328.75	401.17
329.204	475.67
329.657	459.37
330.11	396.51
330.564	501.28
331.017	471.01
331.47	359.26
331.923	438.42
332.376	426.78
332.829	426.78
333.282	422.12
333.735	333.65
334.188	377.89
334.641	422.12
335.093	445.4
335.546	401.17
335.999	436.09
336.451	482.65
336.904	484.98
337.356	426.78
337.809	433.76
338.261	450.06
338.714	450.06
339.166	480.33
339.618	384.87
340.07	505.94
340.523	419.79
340.975	410.48
341.427	426.78
341.879	382.54
342.331	396.51
342.783	433.76
343.235	405.83
343.687	426.78
344.138	368.57
344.59	389.53
345.042	464.03
345.494	394.18
345.945	403.5
346.397	398.84
346.848	389.53
347.3	436.09
347.751	415.14
348.203	443.08
348.654	394.18
349.105	464.03
349.556	361.59
350.008	389.53
350.459	478
350.91	489.64
351.361	403.5
351.812	389.53
352.263	384.87
352.714	443.08
353.165	394.18
353.615	461.7
354.066	426.78
354.517	489.64
354.968	417.47
355.418	373.23
355.869	375.56
356.319	436.09
356.77	468.69
357.22	412.81
357.671	405.83
358.121	443.08
358.571	468.69
359.021	452.39
359.472	387.2
359.922	440.75
360.372	459.37
360.822	498.95
361.272	440.75
361.722	450.06
362.172	419.79
362.622	484.98
363.071	431.43
363.521	429.11
363.971	443.08
364.42	466.36
364.87	424.45
365.32	429.11
365.769	401.17
366.219	426.78
366.668	415.14
367.117	398.84
367.567	405.83
368.016	494.29
368.465	408.15
368.914	445.4
369.363	454.72
369.812	510.59
370.261	503.61
370.71	454.72
371.159	454.72
371.608	585.09
372.057	515.25
372.506	647.95
372.955	538.53
373.403	529.22
373.852	617.69
374.301	638.64
374.749	682.87
375.198	664.25
375.646	687.53
376.094	657.26
376.543	738.75
376.991	764.36
377.439	890.08
377.887	999.5
378.336	1078.66
378.784	1113.58
379.232	1183.43
379.68	1330.1
380.128	1509.37
380.576	1628.1
381.023	1851.6
381.471	1984.31
381.919	2107.7
382.367	2445.28
382.814	2568.67
383.262	2936.52
383.71	3204.26
384.157	3572.1
384.605	4044.72
385.052	4459.13
385.499	4931.74
385.947	5560.34
386.394	6144.71
386.841	6845.48
387.288	7914.1
387.735	8407.67
388.182	9369.19
388.63	10819.63
389.076	11664.74
389.523	13054.65
389.97	14605.19
390.417	16204.63
390.864	17766.81
391.311	19647.96
391.757	21682.76
392.204	23463.79
392.651	26346.04
393.097	28308.66
393.544	31004.66
393.99	33269.94
394.436	34948.54
394.883	37362.82
395.329	39232.33
395.775	40403.38
396.221	41504.6
396.668	42347.39
397.114	42047.06
397.56	41253.16
398.006	40172.9
398.452	38366.26
398.897	37376.79
399.343	34410.74
399.789	32140.79
400.235	30371.4
400.681	27423.97
401.126	25035.29
401.572	22877.1
402.017	21219.46
402.463	19594.41
402.908	18367.48
403.354	17145.2
403.799	16002.08
404.244	15019.6
404.689	14663.4
405.135	14030.14
405.58	13238.57
406.025	12880.03
406.47	12379.48
406.915	12034.92
407.36	11341.13
407.805	10973.28
408.25	10775.39
408.694	10370.29
409.139	9564.75
409.584	8999.01
410.029	8568.31
410.473	7813.99
410.918	7467.09
411.362	6826.85
411.807	6421.76
412.251	5928.19
412.695	5420.65
413.14	4966.66
413.584	4708.24
414.028	4417.22
414.472	4175.09
414.916	3856.14
415.36	3600.04
415.804	3364.9
416.248	3334.63
416.692	3018.01
417.136	2999.38
417.58	2848.05
418.024	2743.28
418.467	2612.91
418.911	2473.22
419.355	2463.91
419.798	2210.14
420.242	2242.73
420.685	2144.95
421.128	2093.73
421.572	1977.32
422.015	1830.65
422.458	1739.85
422.902	1639.74
423.345	1618.79
423.788	1504.71
424.231	1413.91
424.674	1316.13
425.117	1248.61
425.56	1302.16
426.003	1218.35
426.445	1111.25
426.888	1048.39
427.331	1090.3
427.773	999.5
428.216	887.75
428.659	955.27
429.101	911.03
429.543	866.8
429.986	815.58
430.428	782.98
430.87	803.94
431.313	776
431.755	755.05
432.197	827.22
432.639	778.33
433.081	694.52
433.523	703.83
433.965	615.36
434.407	654.94
434.849	664.25
435.291	668.91
435.732	589.75
436.174	647.95
436.616	545.51
437.057	578.11
437.499	585.09
437.94	643.3
438.382	533.87
438.823	524.56
439.264	610.7
439.706	547.84
440.147	550.17
440.588	536.2
441.029	540.86
441.47	557.15
441.911	552.5
442.352	512.92
442.793	496.62
443.234	489.64
443.675	487.31
444.116	540.86
444.556	466.36
444.997	494.29
445.438	361.59
445.878	429.11
446.319	498.95
446.759	489.64
447.199	461.7
447.64	487.31
448.08	489.64
448.52	468.69
448.961	478
449.401	496.62
449.841	480.33
450.281	417.47
450.721	447.73
451.161	401.17
451.601	484.98
452.041	482.65
452.48	459.37
452.92	419.79
453.36	452.39
453.799	508.26
454.239	394.18
454.679	480.33
455.118	447.73
455.557	436.09
455.997	347.62
456.436	461.7
456.875	478
457.315	410.48
457.754	454.72
458.193	503.61
458.632	473.34
459.071	475.67
459.51	457.04
459.949	422.12
460.388	433.76
460.827	431.43
461.265	410.48
461.704	373.23
462.143	461.7
462.581	389.53
463.02	461.7
463.458	457.04
463.897	405.83
464.335	454.72
464.774	384.87
465.212	403.5
465.65	419.79
466.088	440.75
466.527	422.12
466.965	405.83
467.403	424.45
467.841	452.39
468.279	410.48
468.716	457.04
469.154	445.4
469.592	422.12
470.03	403.5
470.467	415.14
470.905	396.51
471.343	478
471.78	373.23
472.218	419.79
472.655	412.81
473.092	496.62
473.53	424.45
473.967	461.7
474.404	359.26
474.841	484.98
475.278	354.61
475.716	436.09
476.153	464.03
476.589	431.43
477.026	522.23
477.463	429.11
477.9	394.18
478.337	487.31
478.773	396.51
479.21	415.14
479.647	480.33
480.083	396.51
480.52	363.92
480.956	398.84
481.392	412.81
481.829	450.06
482.265	445.4
482.701	368.57
483.137	431.43
483.574	457.04
484.01	382.54
484.446	505.94
484.882	440.75
485.317	433.76
485.753	438.42
486.189	377.89
486.625	438.42
487.061	373.23
487.496	417.47
487.932	433.76
488.367	403.5
488.803	373.23
489.238	475.67
489.674	389.53
490.109	440.75
490.544	424.45
490.979	410.48
491.415	424.45
491.85	370.9
492.285	484.98
492.72	464.03
493.155	391.86
493.59	450.06
494.024	408.15
494.459	396.51
494.894	487.31
495.329	387.2
495.763	466.36
496.198	422.12
496.632	491.97
497.067	433.76
497.501	394.18
497.936	359.26
498.37	457.04
498.804	412.81
499.238	356.93
499.673	415.14
500.107	412.81
500.541	503.61
500.975	438.42
501.409	461.7
501.843	417.47
502.277	489.64
502.71	438.42
503.144	489.64
503.578	417.47
504.011	450.06
504.445	464.03
504.878	452.39
505.312	468.69
505.745	352.28
506.179	433.76
506.612	412.81
507.045	436.09
507.479	340.64
507.912	459.37
508.345	408.15
508.778	391.86
509.211	412.81
509.644	501.28
510.077	415.14
510.509	450.06
510.942	410.48
511.375	391.86
511.808	459.37
512.24	450.06
512.673	415.14
513.105	424.45
513.538	461.7
513.97	349.95
514.403	424.45
514.835	482.65
515.267	436.09
515.699	408.15
516.131	370.9
516.564	408.15
516.996	445.4
517.428	417.47
517.859	491.97
518.291	384.87
518.723	389.53
519.155	436.09
519.587	403.5
520.018	501.28
520.45	419.79
520.881	394.18
521.313	436.09
521.744	471.01
522.176	394.18
522.607	484.98
523.038	484.98
523.47	417.47
523.901	491.97
524.332	480.33
524.763	461.7
525.194	415.14
525.625	398.84
526.056	398.84
526.487	426.78
526.917	436.09
527.348	417.47
527.779	412.81
528.21	426.78
528.64	398.84
529.071	417.47
529.501	510.59
529.932	438.42
530.362	454.72
530.792	408.15
531.222	478
531.653	454.72
532.083	391.86
532.513	440.75
532.943	422.12
533.373	438.42
533.803	394.18
534.233	368.57
534.663	405.83
535.092	405.83
535.522	424.45
535.952	396.51
536.381	473.34
536.811	454.72
537.24	440.75
537.67	417.47
538.099	436.09
538.529	403.5
538.958	454.72
539.387	410.48
539.816	454.72
540.245	436.09
540.674	377.89
541.103	408.15
541.532	466.36
541.961	417.47
542.39	422.12
542.819	324.34
543.248	491.97
543.676	410.48
544.105	347.62
544.534	447.73
544.962	464.03
545.391	464.03
545.819	461.7
546.247	433.76
546.676	410.48
547.104	361.59
547.532	436.09
547.96	417.47
548.388	380.22
548.816	447.73
549.244	422.12
549.672	436.09
550.1	366.25
550.528	398.84
550.956	438.42
551.383	489.64
551.811	431.43
552.238	447.73
552.666	426.78
553.094	443.08
553.521	459.37
553.948	438.42
554.376	391.86
554.803	459.37
555.23	459.37
555.657	480.33
556.084	438.42
556.511	461.7
556.938	480.33
557.365	419.79
557.792	445.4
558.219	447.73
558.646	403.5
559.072	417.47
559.499	461.7
559.926	412.81
560.352	401.17
560.779	457.04
561.205	440.75
561.632	370.9
562.058	415.14
562.484	391.86
562.91	415.14
563.337	401.17
563.763	366.25
564.189	417.47
564.615	433.76
565.041	422.12
565.466	387.2
565.892	457.04
566.318	473.34
566.744	445.4
567.169	433.76
567.595	384.87
568.021	433.76
568.446	398.84
568.872	468.69
569.297	454.72
569.722	354.61
570.148	366.25
570.573	464.03
570.998	391.86
571.423	375.56
571.848	396.51
572.273	377.89
572.698	468.69
573.123	415.14
573.548	377.89
573.973	431.43
574.397	426.78
574.822	461.7
575.247	375.56
575.671	487.31
576.096	433.76
576.52	394.18
576.944	422.12
577.369	443.08
577.793	387.2
578.217	380.22
578.641	415.14
579.065	429.11
579.49	352.28
579.914	436.09
580.337	370.9
580.761	389.53
581.185	526.89
581.609	384.87
582.033	398.84
582.456	510.59
582.88	473.34
583.303	473.34
583.727	387.2
584.15	454.72
584.574	417.47
584.997	440.75
585.42	436.09
585.844	398.84
586.267	361.59
586.69	398.84
587.113	401.17
587.536	431.43
587.959	352.28
588.382	375.56
588.804	445.4
589.227	461.7
589.65	401.17
590.073	464.03
590.495	433.76
590.918	338.31
591.34	389.53
591.763	433.76
592.185	422.12
592.607	408.15
593.03	433.76
593.452	454.72
593.874	398.84
594.296	438.42
594.718	436.09
595.14	464.03
595.562	431.43
595.984	445.4
596.406	419.79
596.827	431.43
597.249	510.59
597.671	405.83
598.092	478
598.514	424.45
598.935	452.39
599.357	445.4
599.778	398.84
600.199	443.08
600.621	436.09
601.042	454.72
601.463	436.09
601.884	426.78
602.305	417.47
602.726	375.56
603.147	389.53
603.568	422.12
603.988	398.84
604.409	408.15
604.83	461.7
605.25	426.78
605.671	438.42
606.092	426.78
606.512	370.9
606.932	384.87
607.353	464.03
607.773	415.14
608.193	398.84
608.613	384.87
609.034	349.95
609.454	380.22
609.874	361.59
610.293	445.4
610.713	415.14
611.133	464.03
611.553	426.78
611.973	431.43
612.392	408.15
612.812	478
613.231	431.43
613.651	361.59
614.07	354.61
614.49	464.03
614.909	410.48
615.328	368.57
615.747	436.09
616.167	368.57
616.586	436.09
617.005	396.51
617.424	384.87
617.843	459.37
618.261	389.53
618.68	417.47
619.099	338.31
619.518	396.51
619.936	377.89
620.355	408.15
620.773	473.34
621.192	457.04
621.61	417.47
622.029	422.12
622.447	370.9
622.865	380.22
623.283	368.57
623.701	394.18
624.119	382.54
624.537	450.06
624.955	389.53
625.373	478
625.791	461.7
626.209	433.76
626.627	373.23
627.044	412.81
627.462	415.14
627.879	394.18
628.297	426.78
628.714	471.01
629.132	461.7
629.549	412.81
629.966	377.89
630.383	394.18
630.8	426.78
631.217	422.12
631.634	410.48
632.051	464.03
632.468	391.86
632.885	403.5
633.302	401.17
633.719	410.48
634.135	403.5
634.552	359.26
634.969	391.86
635.385	396.51
635.801	368.57
636.218	363.92
636.634	370.9
637.05	331.32
637.467	440.75
637.883	370.9
638.299	457.04
638.715	422.12
639.131	389.53
639.547	438.42
639.963	412.81
640.378	429.11
640.794	415.14
641.21	361.59
641.626	415.14
642.041	405.83
642.457	438.42
642.872	426.78
643.287	473.34
643.703	450.06
644.118	398.84
644.533	429.11
644.948	389.53
645.364	436.09
645.779	415.14
646.194	473.34
646.609	433.76
647.023	436.09
647.438	412.81
647.853	408.15
648.268	380.22
648.682	426.78
649.097	417.47
649.511	410.48
649.926	347.62
650.34	403.5
650.755	366.25
651.169	454.72
651.583	373.23
651.997	452.39
652.411	396.51
652.825	443.08
653.239	436.09
653.653	391.86
654.067	338.31
654.481	408.15
654.895	403.5
655.309	389.53
655.722	349.95
656.136	396.51
656.549	440.75
656.963	443.08
657.376	417.47
657.79	422.12
658.203	380.22
658.616	410.48
659.029	375.56
659.442	422.12
659.855	387.2
660.268	422.12
660.681	433.76
661.094	475.67
661.507	396.51
661.92	412.81
662.333	405.83
662.745	375.56
663.158	280.11
663.57	389.53
663.983	377.89
664.395	422.12
664.808	424.45
665.22	391.86
665.632	422.12
666.044	370.9
666.456	377.89
666.868	333.65
667.28	368.57
667.692	438.42
668.104	426.78
668.516	450.06
668.928	422.12
669.34	361.59
669.751	345.29
670.163	366.25
670.574	438.42
670.986	354.61
671.397	440.75
671.809	354.61
672.22	377.89
672.631	415.14
673.042	410.48
673.453	396.51
673.864	424.45
674.275	459.37
674.686	408.15
675.097	424.45
675.508	403.5
675.919	450.06
676.33	433.76
676.74	329
677.151	380.22
677.561	419.79
677.972	368.57
678.382	333.65
678.792	396.51
679.203	445.4
679.613	410.48
680.023	398.84
680.433	370.9
680.843	454.72
681.253	375.56
681.663	410.48
682.073	380.22
682.483	454.72
682.893	501.28
683.302	396.51
683.712	377.89
684.122	342.97
684.531	380.22
684.94	394.18
685.35	408.15
685.759	324.34
686.168	310.37
686.578	384.87
686.987	429.11
687.396	464.03
687.805	422.12
688.214	443.08
688.623	326.67
689.032	349.95
689.44	361.59
689.849	326.67
690.258	375.56
690.666	410.48
691.075	445.4
691.484	338.31
691.892	401.17
692.3	387.2
692.709	405.83
693.117	352.28
693.525	433.76
693.933	391.86
694.341	436.09
694.749	408.15
695.157	370.9
695.565	422.12
695.973	429.11
696.381	356.93
696.788	352.28
697.196	450.06
697.604	419.79
698.011	391.86
698.419	284.76
698.826	389.53
699.234	391.86
699.641	410.48
700.048	345.29
700.455	333.65
700.862	370.9
701.269	433.76
701.676	373.23
702.083	326.67
702.49	445.4
702.897	403.5
703.304	454.72
703.71	415.14
704.117	401.17
704.524	412.81
704.93	419.79
705.337	394.18
705.743	338.31
706.149	303.39
706.556	405.83
706.962	391.86
707.368	373.23
707.774	401.17
708.18	389.53
708.586	468.69
708.992	438.42
709.398	391.86
709.804	419.79
710.209	394.18
710.615	354.61
711.021	429.11
711.426	377.89
711.832	396.51
712.237	429.11
712.642	396.51
713.048	396.51
713.453	366.25
713.858	450.06
714.263	387.2
714.668	473.34
715.073	384.87
715.478	373.23
715.883	331.32
716.288	356.93
716.693	403.5
717.097	401.17
717.502	368.57
717.906	408.15
718.311	429.11
718.715	405.83
719.12	415.14
719.524	454.72
719.928	417.47
720.333	484.98
720.737	440.75
721.141	417.47
721.545	361.59
721.949	361.59
722.353	377.89
722.757	373.23
723.16	445.4
723.564	412.81
723.968	454.72
724.371	338.31
724.775	424.45
725.178	436.09
725.582	489.64
725.985	431.43
726.388	419.79
726.792	412.81
727.195	445.4
727.598	408.15
728.001	377.89
728.404	373.23
728.807	377.89
729.21	394.18
729.612	319.68
730.015	408.15
730.418	382.54
730.82	301.06
731.223	424.45
731.625	335.98
732.028	445.4
732.43	363.92
732.833	457.04
733.235	403.5
733.637	382.54
734.039	398.84
734.441	401.17
734.843	391.86
735.245	391.86
735.647	419.79
736.049	394.18
736.451	391.86
736.852	391.86
737.254	401.17
737.655	424.45
738.057	410.48
738.458	331.32
738.86	415.14
739.261	424.45
739.662	389.53
740.064	452.39
740.465	380.22
740.866	468.69
741.267	431.43
741.668	408.15
742.069	384.87
742.469	408.15
742.87	429.11
743.271	349.95
743.672	389.53
744.072	363.92
744.473	380.22
744.873	424.45
745.274	426.78
745.674	398.84
746.074	405.83
746.474	403.5
746.875	408.15
747.275	384.87
747.675	454.72
748.075	375.56
748.474	489.64
748.874	342.97
749.274	415.14
749.674	394.18
750.073	410.48
750.473	342.97
750.873	398.84
751.272	356.93
751.671	410.48
752.071	335.98
752.47	491.97
752.869	380.22
753.268	349.95
753.668	349.95
754.067	335.98
754.466	426.78
754.864	389.53
755.263	422.12
755.662	389.53
756.061	335.98
756.459	384.87
756.858	403.5
757.257	447.73
757.655	380.22
758.053	438.42
758.452	382.54
758.85	401.17
759.248	461.7
759.646	412.81
760.045	405.83
760.443	410.48
760.841	363.92
761.238	440.75
761.636	438.42
762.034	347.62
762.432	340.64
762.829	447.73
763.227	489.64
763.625	396.51
764.022	433.76
764.419	417.47
764.817	438.42
765.214	454.72
765.611	403.5
766.008	342.97
766.406	384.87
766.803	443.08
767.199	408.15
767.596	419.79
767.993	450.06
768.39	340.64
768.787	478
769.183	412.81
769.58	405.83
769.977	373.23
770.373	426.78
770.769	396.51
771.166	531.54
771.562	491.97
771.958	363.92
772.354	361.59
772.75	356.93
773.146	424.45
773.542	459.37
773.938	387.2
774.334	347.62
774.73	438.42
775.126	440.75
775.521	317.36
775.917	361.59
776.312	359.26
776.708	382.54
777.103	331.32
777.499	443.08
777.894	380.22
778.289	342.97
778.684	405.83
779.079	412.81
779.474	342.97
779.869	408.15
780.264	426.78
780.659	431.43
781.054	401.17
781.448	440.75
781.843	412.81
782.238	440.75
782.632	391.86
783.027	466.36
783.421	405.83
783.815	326.67
784.21	368.57
784.604	429.11
784.998	419.79
785.392	370.9
785.786	368.57
786.18	445.4
786.574	429.11
786.968	415.14
787.361	417.47
787.755	422.12
788.149	464.03
788.542	387.2
788.936	487.31
789.329	403.5
789.722	391.86
790.116	450.06
790.509	398.84
790.902	396.51
791.295	368.57
791.688	387.2
792.081	345.29
792.474	370.9
792.867	431.43
793.26	375.56
793.653	417.47
794.045	415.14
794.438	422.12
794.83	335.98
795.223	373.23
795.615	408.15
796.008	398.84
796.4	387.2
796.792	331.32
797.184	396.51
797.576	342.97
797.968	375.56
798.36	384.87
798.752	342.97
799.144	347.62
799.536	356.93
799.928	326.67
800.319	415.14
800.711	450.06
801.102	452.39
801.494	429.11
801.885	452.39
802.276	408.15
802.668	438.42
803.059	417.47
803.45	457.04
803.841	403.5
804.232	384.87
804.623	475.67
805.014	422.12
805.405	452.39
805.795	359.26
806.186	433.76
806.577	429.11
806.967	391.86
807.358	380.22
807.748	464.03
808.139	389.53
808.529	419.79
808.919	466.36
809.309	370.9
809.699	366.25
810.089	329
810.479	457.04
810.869	424.45
811.259	417.47
811.649	377.89
812.039	410.48
812.428	471.01
812.818	412.81
813.207	380.22
813.597	417.47
813.986	317.36
814.376	403.5
814.765	419.79
815.154	347.62
815.543	366.25
815.932	368.57
816.321	447.73
816.71	382.54
817.099	410.48
817.488	373.23
817.877	398.84
818.265	461.7
818.654	349.95
819.043	391.86
819.431	391.86
819.819	394.18
820.208	431.43
820.596	412.81
820.984	396.51
821.372	457.04
821.761	373.23
822.149	359.26
822.537	433.76
822.924	431.43
823.312	401.17
823.7	405.83
824.088	361.59
824.475	394.18
824.863	377.89
825.251	377.89
825.638	403.5
826.025	380.22
826.413	410.48
826.8	412.81
827.187	403.5
827.574	401.17
827.961	431.43
828.348	429.11
828.735	396.51
829.122	461.7
829.509	438.42
829.896	396.51
830.282	377.89
830.669	417.47
831.055	403.5
831.442	368.57
831.828	459.37
832.215	370.9
832.601	459.37
832.987	461.7
833.373	426.78
833.759	387.2
834.145	333.65
834.531	433.76
834.917	394.18
835.303	398.84
835.689	375.56
836.074	417.47
836.46	389.53
836.846	415.14
837.231	412.81
837.617	373.23
838.002	454.72
838.387	352.28
838.772	380.22
839.158	382.54
839.543	466.36
839.928	333.65
840.313	384.87
840.698	394.18
841.082	401.17
841.467	401.17
841.852	389.53
842.237	457.04
842.621	294.07
843.006	377.89
843.39	475.67
843.774	426.78
844.159	382.54
844.543	384.87
844.927	445.4
845.311	363.92
845.695	375.56
846.079	391.86
846.463	331.32
846.847	375.56
847.231	410.48
847.615	447.73
847.998	429.11
848.382	361.59
848.765	433.76
849.149	396.51
849.532	335.98
849.916	405.83
850.299	366.25
850.682	370.9
851.065	450.06
851.448	405.83
851.831	333.65
852.214	396.51
852.597	384.87
852.98	415.14
853.363	315.03
853.745	482.65
854.128	426.78
854.51	410.48
854.893	384.87
855.275	426.78
855.658	408.15
856.04	422.12
856.422	424.45
856.804	466.36
857.186	394.18
857.568	450.06
857.95	410.48
858.332	380.22
858.714	382.54
859.096	391.86
859.477	391.86
859.859	457.04
860.24	445.4
860.622	438.42
861.003	401.17
861.385	377.89
861.766	433.76
862.147	412.81
862.528	387.2
862.909	401.17
863.29	431.43
863.671	408.15
864.052	373.23
864.433	417.47
864.814	480.33
865.194	373.23
865.575	445.4
865.955	373.23
866.336	445.4
866.716	366.25
867.097	396.51
867.477	398.84
867.857	373.23
868.237	464.03
868.617	429.11
868.997	380.22
869.377	426.78
869.757	349.95
870.137	347.62
870.517	415.14
870.896	389.53
871.276	394.18
871.655	398.84
872.035	452.39
872.414	324.34
872.794	384.87
873.173	368.57
873.552	417.47
873.931	389.53
874.31	431.43
874.689	438.42
875.068	450.06
875.447	450.06
875.826	398.84
876.205	480.33
876.583	415.14
876.962	410.48
877.341	345.29
877.719	342.97
878.097	422.12
878.476	459.37
878.854	405.83
879.232	405.83
879.61	398.84
879.988	387.2
880.366	433.76
880.744	412.81
881.122	347.62
881.5	436.09
881.878	380.22
882.255	375.56
882.633	484.98
883.011	363.92
883.388	478
883.765	398.84
884.143	429.11
884.52	410.48
884.897	410.48
885.274	345.29
885.651	366.25
886.028	498.95
886.405	424.45
886.782	424.45
887.159	387.2
887.536	438.42
887.912	282.43
888.289	398.84
888.665	417.47
889.042	412.81
889.418	354.61
889.794	396.51
890.171	356.93
890.547	408.15
890.923	363.92
891.299	419.79
891.675	380.22
892.051	391.86
892.427	426.78
892.803	424.45
893.178	438.42
893.554	445.4
893.929	368.57
894.305	422.12
894.68	440.75
895.056	363.92
895.431	380.22
895.806	422.12
896.181	363.92
896.557	405.83
896.932	410.48
897.307	417.47
897.681	391.86
898.056	424.45
898.431	417.47
898.806	466.36
899.18	450.06
899.555	424.45
899.929	389.53
900.304	398.84
900.678	419.79
901.052	415.14
901.427	473.34
901.801	361.59
902.175	380.22
902.549	424.45
902.923	403.5
903.297	394.18
903.67	412.81
904.044	370.9
904.418	333.65
904.791	387.2
905.165	424.45
905.538	382.54
905.912	422.12
906.285	384.87
906.658	408.15
907.032	445.4
907.405	382.54
907.778	377.89
908.151	429.11
908.524	422.12
908.896	459.37
909.269	433.76
909.642	380.22
910.015	419.79
910.387	443.08
910.76	377.89
911.132	394.18
911.504	459.37
911.877	410.48
912.249	329
912.621	356.93
912.993	391.86
913.365	396.51
913.737	410.48
914.109	391.86
914.481	354.61
914.853	438.42
915.224	412.81
915.596	387.2
915.968	396.51
916.339	503.61
916.71	415.14
917.082	354.61
917.453	347.62
917.824	366.25
918.195	377.89
918.566	361.59
918.937	471.01
919.308	396.51
919.679	373.23
920.05	422.12
920.421	454.72
920.791	352.28
921.162	380.22
921.532	382.54
921.903	396.51
922.273	333.65
922.644	440.75
923.014	352.28
923.384	424.45
923.754	440.75
924.124	366.25
924.494	424.45
924.864	352.28
925.234	412.81
925.604	433.76
925.973	447.73
926.343	347.62
926.712	366.25
927.082	401.17
927.451	464.03
927.821	410.48
928.19	382.54
928.559	396.51
928.928	373.23
929.297	450.06
929.666	410.48
930.035	331.32
930.404	352.28
930.773	340.64
931.142	368.57
931.51	387.2
931.879	426.78
932.247	450.06
932.616	436.09
932.984	403.5
933.353	389.53
933.721	380.22
934.089	391.86
934.457	417.47
934.825	429.11
935.193	417.47
935.561	468.69
935.929	452.39
936.296	398.84
936.664	349.95
937.032	398.84
937.399	331.32
937.767	394.18
938.134	412.81
938.501	384.87
938.869	440.75
939.236	482.65
939.603	405.83
939.97	415.14
940.337	373.23
940.704	433.76
941.071	487.31
941.438	412.81
941.804	445.4
942.171	405.83
942.538	389.53
942.904	373.23
943.27	401.17
943.637	431.43
944.003	394.18
944.369	417.47
944.735	401.17
945.102	368.57
945.468	424.45
945.833	429.11
946.199	394.18
946.565	475.67
946.931	436.09
947.296	366.25
947.662	335.98
948.028	494.29
948.393	363.92
948.758	417.47
949.124	438.42
949.489	368.57
949.854	387.2
950.219	326.67
950.584	375.56
950.949	419.79
951.314	329
951.679	394.18
952.044	322.01
952.408	382.54
952.773	452.39
953.137	354.61
953.502	433.76
953.866	398.84
954.231	429.11
954.595	403.5
954.959	429.11
955.323	408.15
955.687	426.78
956.051	391.86
956.415	424.45
956.779	401.17
957.143	342.97
957.506	412.81
957.87	331.32
958.234	408.15
958.597	447.73
958.961	422.12
959.324	349.95
959.687	352.28
960.05	375.56
960.413	405.83
960.776	373.23
961.139	468.69
961.502	394.18
961.865	433.76
962.228	380.22
962.591	429.11
962.953	363.92
963.316	363.92
963.678	375.56
964.041	361.59
964.403	433.76
964.765	438.42
965.128	317.36
965.49	438.42
965.852	422.12
966.214	417.47
966.576	377.89
966.938	419.79
967.299	396.51
967.661	382.54
968.023	389.53
968.384	389.53
968.746	419.79
969.107	380.22
969.469	410.48
969.83	375.56
970.191	431.43
970.552	489.64
970.913	338.31
971.274	447.73
971.635	359.26
971.996	382.54
972.357	440.75
972.718	387.2
973.078	391.86
973.439	384.87
973.8	396.51
974.16	401.17
974.52	338.31
974.881	387.2
975.241	359.26
975.601	366.25
975.961	382.54
976.321	405.83
976.681	361.59
977.041	417.47
977.401	429.11
977.76	415.14
978.12	366.25
978.48	431.43
978.839	380.22
979.199	359.26
979.558	454.72
979.917	387.2
980.277	424.45
980.636	389.53
980.995	380.22
981.354	352.28
981.713	361.59
982.072	370.9
982.43	417.47
982.789	370.9
983.148	329
983.506	342.97
983.865	394.18
984.223	342.97
984.582	338.31
984.94	363.92
985.298	356.93
985.656	433.76
986.015	319.68
986.373	415.14
986.731	452.39
987.088	345.29
987.446	403.5
987.804	349.95
988.162	426.78
988.519	370.9
988.877	359.26
989.234	359.26
989.591	380.22
989.949	445.4
990.306	398.84
990.663	370.9
991.02	366.25
991.377	389.53
991.734	403.5
992.091	403.5
992.448	431.43
992.805	377.89
993.161	422.12
993.518	391.86
993.874	387.2
994.231	363.92
994.587	324.34
994.943	424.45
995.3	373.23
995.656	389.53
996.012	401.17
996.368	384.87
996.724	473.34
997.08	377.89
997.435	426.78
997.791	424.45
998.147	443.08
998.502	380.22
998.858	384.87
999.213	380.22
999.569	403.5
999.924	417.47
1000.279	356.93
1000.634	382.54
1000.989	473.34
1001.344	377.89
1001.699	454.72
1002.054	396.51
1002.409	475.67
1002.764	445.4
1003.118	380.22
1003.473	436.09
1003.827	366.25
1004.182	377.89
1004.536	361.59
1004.89	366.25
1005.245	394.18
1005.599	424.45
1005.953	370.9
1006.307	370.9
1006.661	410.48
1007.015	433.76
1007.368	431.43
1007.722	403.5
1008.076	338.31
1008.429	331.32
1008.783	398.84
1009.136	401.17
1009.489	363.92
1009.843	396.51
1010.196	403.5
1010.549	426.78
1010.902	396.51
1011.255	391.86
1011.608	384.87
1011.961	387.2
1012.313	287.09
1012.666	408.15
1013.019	401.17
1013.371	359.26
1013.724	356.93
1014.076	450.06
1014.428	431.43
1014.781	396.51
1015.133	319.68
1015.485	405.83
1015.837	382.54
1016.189	345.29
1016.541	450.06
1016.893	312.7
1017.244	375.56
1017.596	461.7
1017.947	387.2
1018.299	308.04
1018.65	398.84
1019.002	461.7
1019.353	487.31
1019.704	333.65
1020.055	457.04
1020.407	375.56
1020.758	412.81
1021.108	377.89
1021.459	366.25
1021.81	405.83
1022.161	391.86
1022.511	335.98
1022.862	473.34
1023.213	345.29
1023.563	375.56
1023.913	424.45
1024.264	466.36
1024.614	384.87
1024.964	415.14
1025.314	438.42
1025.664	417.47
1026.014	443.08
1026.364	396.51
1026.713	417.47
1027.063	368.57
1027.413	436.09
1027.762	412.81
1028.112	417.47
1028.461	273.12
1028.81	459.37
1029.16	436.09
1029.509	410.48
1029.858	347.62
1030.207	405.83
1030.556	359.26
1030.905	361.59
1031.254	443.08
1031.602	415.14
1031.951	370.9
1032.3	426.78
1032.648	501.28
1032.996	501.28
1033.345	501.28
