187.879	-94.87
188.346	-94.87
188.813	-94.87
189.28	-27.36
189.747	-32.01
190.214	-120.48
190.681	-64.61
191.148	-106.51
191.614	-99.53
192.081	0.58
192.548	-48.31
193.014	-76.25
193.481	-32.01
193.948	-11.06
194.414	77.41
194.881	61.11
195.347	-8.73
195.813	33.18
196.28	65.77
196.746	156.57
197.212	172.86
197.678	165.88
198.145	154.24
198.611	161.22
199.077	205.46
199.543	265.99
200.009	233.4
200.475	284.62
200.941	272.98
201.407	319.54
201.873	317.21
202.338	347.48
202.804	307.9
203.27	324.19
203.735	389.38
204.201	412.66
204.667	417.32
205.132	403.35
205.598	331.18
206.063	424.3
206.529	389.38
206.994	433.62
207.459	356.79
207.925	470.87
208.39	391.71
208.855	359.12
209.32	424.3
209.785	375.41
210.25	428.96
210.715	417.32
211.18	424.3
211.645	438.27
212.11	361.44
212.575	394.04
213.04	447.59
213.504	396.37
213.969	333.51
214.434	410.34
214.899	431.29
215.363	305.57
215.828	293.93
216.292	382.4
216.757	389.38
217.221	421.98
217.685	573.31
218.15	373.09
218.614	361.44
219.078	387.05
219.542	449.91
220.007	345.15
220.471	408.01
220.935	373.09
221.399	414.99
221.863	366.1
222.327	384.73
222.791	414.99
223.254	375.41
223.718	382.4
224.182	361.44
224.646	356.79
225.109	312.55
225.573	375.41
226.037	435.95
226.5	410.34
226.964	384.73
227.427	377.74
227.89	398.7
228.354	433.62
228.817	361.44
229.28	356.79
229.744	401.02
230.207	368.43
230.67	363.77
231.133	363.77
231.596	324.19
232.059	426.63
232.522	307.9
232.985	347.48
233.448	394.04
233.911	345.15
234.374	345.15
234.836	449.91
235.299	389.38
235.762	389.38
236.224	370.76
236.687	398.7
237.149	431.29
237.612	410.34
238.074	396.37
238.537	359.12
238.999	401.02
239.461	361.44
239.924	352.13
240.386	410.34
240.848	419.65
241.31	384.73
241.772	391.71
242.234	405.68
242.696	394.04
243.158	380.07
243.62	389.38
244.082	431.29
244.544	391.71
245.006	403.35
245.468	424.3
245.929	359.12
246.391	370.76
246.852	421.98
247.314	417.32
247.776	349.8
248.237	438.27
248.698	368.43
249.16	394.04
249.621	382.4
250.082	391.71
250.544	459.23
251.005	349.8
251.466	408.01
251.927	412.66
252.388	352.13
252.849	394.04
253.31	377.74
253.771	456.9
254.232	384.73
254.693	349.8
255.154	380.07
255.615	368.43
256.075	352.13
256.536	435.95
256.997	396.37
257.457	373.09
257.918	428.96
258.378	419.65
258.839	382.4
259.299	452.24
259.759	421.98
260.22	380.07
260.68	431.29
261.14	426.63
261.6	414.99
262.06	459.23
262.521	401.02
262.981	352.13
263.441	368.43
263.901	396.37
264.36	366.1
264.82	421.98
265.28	340.49
265.74	368.43
266.2	466.21
266.659	449.91
267.119	431.29
267.579	452.24
268.038	452.24
268.498	380.07
268.957	366.1
269.416	380.07
269.876	438.27
270.335	442.93
270.794	331.18
271.254	361.44
271.713	373.09
272.172	384.73
272.631	424.3
273.09	354.46
273.549	368.43
274.008	445.26
274.467	408.01
274.926	414.99
275.385	440.6
275.843	396.37
276.302	391.71
276.761	349.8
277.22	414.99
277.678	435.95
278.137	414.99
278.595	426.63
279.054	359.12
279.512	428.96
279.97	461.56
280.429	452.24
280.887	419.65
281.345	461.56
281.803	361.44
282.262	405.68
282.72	354.46
283.178	421.98
283.636	424.3
284.094	410.34
284.552	452.24
285.01	421.98
285.467	445.26
285.925	410.34
286.383	435.95
286.841	377.74
287.298	431.29
287.756	405.68
288.213	384.73
288.671	382.4
289.128	382.4
289.586	398.7
290.043	428.96
290.5	412.66
290.958	403.35
291.415	412.66
291.872	410.34
292.329	463.88
292.786	417.32
293.243	473.2
293.7	403.35
294.157	366.1
294.614	368.43
295.071	396.37
295.528	442.93
295.985	445.26
296.441	417.32
296.898	410.34
297.355	363.77
297.811	391.71
298.268	424.3
298.724	382.4
299.181	408.01
299.637	389.38
300.094	440.6
300.55	391.71
301.006	426.63
301.462	363.77
301.919	410.34
302.375	435.95
302.831	501.13
303.287	508.12
303.743	342.82
304.199	435.95
304.655	438.27
305.11	414.99
305.566	405.68
306.022	401.02
306.478	419.65
306.933	445.26
307.389	498.81
307.845	461.56
308.3	417.32
308.756	384.73
309.211	470.87
309.666	438.27
310.122	456.9
310.577	470.87
311.032	449.91
311.487	391.71
311.943	338.16
312.398	449.91
312.853	424.3
313.308	398.7
313.763	449.91
314.218	421.98
314.672	361.44
315.127	391.71
315.582	484.84
316.037	477.85
316.492	398.7
316.946	363.77
317.401	445.26
317.855	454.57
318.31	459.23
318.764	377.74
319.219	440.6
319.673	424.3
320.127	382.4
320.582	338.16
321.036	428.96
321.49	431.29
321.944	480.18
322.398	477.85
322.852	482.51
323.306	491.82
323.76	375.41
324.214	368.43
324.668	449.91
325.122	428.96
325.575	419.65
326.029	408.01
326.483	470.87
326.936	421.98
327.39	380.07
327.843	431.29
328.297	484.84
328.75	428.96
329.204	445.26
329.657	442.93
330.11	473.2
330.564	440.6
331.017	380.07
331.47	419.65
331.923	396.37
332.376	456.9
332.829	435.95
333.282	447.59
333.735	403.35
334.188	401.02
334.641	398.7
335.093	382.4
335.546	435.95
335.999	445.26
336.451	501.13
336.904	438.27
337.356	459.23
337.809	424.3
338.261	503.46
338.714	442.93
339.166	398.7
339.618	417.32
340.07	424.3
340.523	463.88
340.975	456.9
341.427	452.24
341.879	368.43
342.331	368.43
342.783	405.68
343.235	435.95
343.687	382.4
344.138	508.12
344.59	489.49
345.042	363.77
345.494	442.93
345.945	459.23
346.397	405.68
346.848	442.93
347.3	398.7
347.751	391.71
348.203	459.23
348.654	433.62
349.105	391.71
349.556	498.81
350.008	421.98
350.459	394.04
350.91	377.74
351.361	431.29
351.812	419.65
352.263	454.57
352.714	440.6
353.165	410.34
353.615	473.2
354.066	375.41
354.517	447.59
354.968	421.98
355.418	403.35
355.869	359.12
356.319	435.95
356.77	412.66
357.22	454.57
357.671	417.32
358.121	461.56
358.571	447.59
359.021	347.48
359.472	470.87
359.922	480.18
360.372	466.21
360.822	440.6
361.272	496.48
361.722	447.59
362.172	466.21
362.622	496.48
363.071	449.91
363.521	384.73
363.971	403.35
364.42	468.54
364.87	435.95
365.32	477.85
365.769	454.57
366.219	510.45
366.668	552.35
367.117	475.52
367.567	524.42
368.016	508.12
368.465	508.12
368.914	463.88
369.363	496.48
369.812	519.76
370.261	503.46
370.71	442.93
371.159	461.56
371.608	496.48
372.057	568.65
372.506	552.35
372.955	475.52
373.403	512.77
373.852	654.79
374.301	626.85
374.749	529.07
375.198	673.42
375.646	706.01
376.094	710.67
376.543	766.54
376.991	862
377.439	901.57
377.887	1020.31
378.336	1041.26
378.784	1264.77
379.232	1262.44
379.68	1341.59
380.128	1420.75
380.576	1616.32
381.023	1844.47
381.471	1984.16
381.919	2223.96
382.367	2314.76
382.814	2561.54
383.262	2833.94
383.71	3243.69
384.157	3744.24
384.605	4186.59
385.052	4463.64
385.499	4924.61
385.947	5539.24
386.394	6214.41
386.841	6845.33
387.288	7615.95
387.735	8600.76
388.182	9583.23
388.63	10703.07
389.076	11699.52
389.523	12875.23
389.97	14397.84
390.417	16011.25
390.864	17547.82
391.311	19582.62
391.757	21391.59
392.204	23596.35
392.651	25752.21
393.097	28308.52
393.544	30299.08
393.99	32913.59
394.436	34815.69
394.883	36387.19
395.329	38969.1
395.775	40333.39
396.221	41546.36
396.668	41986.38
397.114	41499.8
397.56	41306.56
398.006	40559.22
398.452	39194.93
398.897	37525.65
399.343	34836.64
399.789	32454.95
400.235	30604.07
400.681	28464.5
401.126	25093.35
401.572	23542.8
402.017	21715.21
402.463	19917.88
402.908	18527.97
403.354	17396.49
403.799	16234.75
404.244	15291.85
404.689	14728.44
405.135	14272.12
405.58	13510.82
406.025	12844.97
406.47	12677.34
406.915	12134.88
407.36	11506.28
407.805	11022.03
408.25	10968.48
408.694	10488.88
409.139	9823.03
409.584	9159.51
410.029	8749.76
410.473	8009.41
410.918	7541.45
411.362	7022.27
411.807	6603.21
412.251	6035.14
412.695	5837.25
413.14	5201.66
413.584	4794.24
414.028	4570.73
414.472	4160.98
414.916	3953.78
415.36	3618.52
415.804	3506.77
416.248	3329.83
416.692	3013.2
417.136	3031.83
417.58	2985.27
418.024	2743.14
418.467	2566.2
418.911	2440.48
419.355	2412.54
419.798	2426.51
420.242	2249.57
420.685	2105.23
421.128	1916.65
421.572	1958.55
422.015	1895.69
422.458	1756
422.902	1739.71
423.345	1588.38
423.788	1539.49
424.231	1397.47
424.674	1350.91
425.117	1220.53
425.56	1313.66
426.003	1176.3
426.445	1055.23
426.888	1129.73
427.331	1064.55
427.773	1083.17
428.216	934.17
428.659	873.64
429.101	855.01
429.543	878.29
429.986	817.76
430.428	794.48
430.87	745.59
431.313	740.93
431.755	733.95
432.197	726.96
432.639	752.57
433.081	757.23
433.523	740.93
433.965	722.31
434.407	631.51
434.849	680.4
435.291	598.92
435.732	596.59
436.174	624.53
436.616	577.96
437.057	617.54
437.499	598.92
437.94	580.29
438.382	640.82
438.823	584.95
439.264	505.79
439.706	598.92
440.147	584.95
440.588	568.65
441.029	568.65
441.47	584.95
441.911	589.6
442.352	522.09
442.793	547.7
443.234	538.38
443.675	484.84
444.116	482.51
444.556	538.38
444.997	461.56
445.438	526.74
445.878	533.73
446.319	531.4
446.759	512.77
447.199	382.4
447.64	503.46
448.08	519.76
448.52	435.95
448.961	477.85
449.401	454.57
449.841	421.98
450.281	419.65
450.721	484.84
451.161	477.85
451.601	363.77
452.041	449.91
452.48	477.85
452.92	445.26
453.36	459.23
453.799	403.35
454.239	524.42
454.679	417.32
455.118	466.21
455.557	389.38
455.997	454.57
456.436	445.26
456.875	419.65
457.315	421.98
457.754	452.24
458.193	377.74
458.632	391.71
459.071	477.85
459.51	529.07
459.949	466.21
460.388	414.99
460.827	487.16
461.265	375.41
461.704	419.65
462.143	515.1
462.581	461.56
463.02	394.04
463.458	477.85
463.897	463.88
464.335	445.26
464.774	466.21
465.212	435.95
465.65	421.98
466.088	387.05
466.527	377.74
466.965	417.32
467.403	401.02
467.841	426.63
468.279	373.09
468.716	442.93
469.154	391.71
469.592	459.23
470.03	433.62
470.467	417.32
470.905	419.65
471.343	426.63
471.78	449.91
472.218	414.99
472.655	475.52
473.092	421.98
473.53	456.9
473.967	417.32
474.404	428.96
474.841	449.91
475.278	389.38
475.716	370.76
476.153	410.34
476.589	408.01
477.026	389.38
477.463	428.96
477.9	405.68
478.337	398.7
478.773	414.99
479.21	447.59
479.647	440.6
480.083	387.05
480.52	466.21
480.956	354.46
481.392	417.32
481.829	473.2
482.265	414.99
482.701	384.73
483.137	408.01
483.574	387.05
484.01	503.46
484.446	410.34
484.882	375.41
485.317	461.56
485.753	419.65
486.189	421.98
486.625	459.23
487.061	487.16
487.496	466.21
487.932	524.42
488.367	454.57
488.803	482.51
489.238	463.88
489.674	412.66
490.109	412.66
490.544	447.59
490.979	373.09
491.415	424.3
491.85	454.57
492.285	445.26
492.72	459.23
493.155	449.91
493.59	466.21
494.024	405.68
494.459	452.24
494.894	445.26
495.329	459.23
495.763	375.41
496.198	377.74
496.632	438.27
497.067	335.84
497.501	449.91
497.936	463.88
498.37	498.81
498.804	463.88
499.238	417.32
499.673	417.32
500.107	396.37
500.541	428.96
500.975	377.74
501.409	489.49
501.843	405.68
502.277	433.62
502.71	435.95
503.144	433.62
503.578	470.87
504.011	433.62
504.445	312.55
504.878	405.68
505.312	424.3
505.745	401.02
506.179	419.65
506.612	447.59
507.045	424.3
507.479	424.3
507.912	380.07
508.345	491.82
508.778	421.98
509.211	484.84
509.644	428.96
510.077	442.93
510.509	438.27
510.942	440.6
511.375	482.51
511.808	403.35
512.24	484.84
512.673	394.04
513.105	403.35
513.538	494.15
513.97	412.66
514.403	403.35
514.835	459.23
515.267	398.7
515.699	417.32
516.131	473.2
516.564	398.7
516.996	398.7
517.428	396.37
517.859	410.34
518.291	452.24
518.723	442.93
519.155	396.37
519.587	461.56
520.018	431.29
520.45	438.27
520.881	456.9
521.313	428.96
521.744	438.27
522.176	408.01
522.607	449.91
523.038	449.91
523.47	394.04
523.901	515.1
524.332	391.71
524.763	417.32
525.194	380.07
525.625	445.26
526.056	412.66
526.487	403.35
526.917	466.21
527.348	433.62
527.779	419.65
528.21	449.91
528.64	501.13
529.071	338.16
529.501	442.93
529.932	454.57
530.362	482.51
530.792	438.27
531.222	440.6
531.653	433.62
532.083	354.46
532.513	475.52
532.943	417.32
533.373	375.41
533.803	475.52
534.233	445.26
534.663	417.32
535.092	405.68
535.522	501.13
535.952	491.82
536.381	489.49
536.811	414.99
537.24	494.15
537.67	466.21
538.099	475.52
538.529	428.96
538.958	461.56
539.387	431.29
539.816	361.44
540.245	352.13
540.674	473.2
541.103	335.84
541.532	412.66
541.961	401.02
542.39	428.96
542.819	391.71
543.248	440.6
543.676	403.35
544.105	417.32
544.534	426.63
544.962	459.23
545.391	412.66
545.819	403.35
546.247	428.96
546.676	396.37
547.104	426.63
547.532	361.44
547.96	440.6
548.388	426.63
548.816	484.84
549.244	424.3
549.672	428.96
550.1	426.63
550.528	433.62
550.956	482.51
551.383	368.43
551.811	403.35
552.238	456.9
552.666	466.21
553.094	447.59
553.521	368.43
553.948	389.38
554.376	394.04
554.803	380.07
555.23	380.07
555.657	401.02
556.084	414.99
556.511	482.51
556.938	377.74
557.365	414.99
557.792	421.98
558.219	470.87
558.646	433.62
559.072	405.68
559.499	433.62
559.926	477.85
560.352	461.56
560.779	419.65
561.205	508.12
561.632	461.56
562.058	445.26
562.484	410.34
562.91	454.57
563.337	424.3
563.763	428.96
564.189	428.96
564.615	524.42
565.041	410.34
565.466	335.84
565.892	440.6
566.318	389.38
566.744	431.29
567.169	389.38
567.595	403.35
568.021	366.1
568.446	414.99
568.872	459.23
569.297	461.56
569.722	347.48
570.148	473.2
570.573	461.56
570.998	431.29
571.423	424.3
571.848	454.57
572.273	391.71
572.698	373.09
573.123	421.98
573.548	387.05
573.973	433.62
574.397	449.91
574.822	421.98
575.247	449.91
575.671	536.06
576.096	401.02
576.52	454.57
576.944	417.32
577.369	412.66
577.793	466.21
578.217	412.66
578.641	387.05
579.065	368.43
579.49	380.07
579.914	412.66
580.337	440.6
580.761	484.84
581.185	382.4
581.609	503.46
582.033	352.13
582.456	408.01
582.88	445.26
583.303	454.57
583.727	468.54
584.15	377.74
584.574	387.05
584.997	424.3
585.42	484.84
585.844	426.63
586.267	419.65
586.69	456.9
587.113	396.37
587.536	454.57
587.959	461.56
588.382	389.38
588.804	435.95
589.227	414.99
589.65	340.49
590.073	424.3
590.495	438.27
590.918	466.21
591.34	433.62
591.763	377.74
592.185	480.18
592.607	412.66
593.03	435.95
593.452	466.21
593.874	456.9
594.296	517.43
594.718	473.2
595.14	484.84
595.562	435.95
595.984	394.04
596.406	428.96
596.827	480.18
597.249	426.63
597.671	410.34
598.092	403.35
598.514	533.73
598.935	475.52
599.357	391.71
599.778	370.76
600.199	417.32
600.621	384.73
601.042	435.95
601.463	435.95
601.884	442.93
602.305	410.34
602.726	389.38
603.147	466.21
603.568	307.9
603.988	424.3
604.409	403.35
604.83	391.71
605.25	454.57
605.671	431.29
606.092	382.4
606.512	454.57
606.932	431.29
607.353	433.62
607.773	463.88
608.193	384.73
608.613	428.96
609.034	454.57
609.454	387.05
609.874	410.34
610.293	347.48
610.713	366.1
611.133	424.3
611.553	498.81
611.973	421.98
612.392	426.63
612.812	319.54
613.231	401.02
613.651	410.34
614.07	384.73
614.49	345.15
614.909	431.29
615.328	440.6
615.747	384.73
616.167	459.23
616.586	426.63
617.005	449.91
617.424	449.91
617.843	435.95
618.261	431.29
618.68	433.62
619.099	403.35
619.518	417.32
619.936	433.62
620.355	454.57
620.773	414.99
621.192	431.29
621.61	363.77
622.029	452.24
622.447	354.46
622.865	414.99
623.283	440.6
623.701	421.98
624.119	438.27
624.537	412.66
624.955	447.59
625.373	412.66
625.791	491.82
626.209	356.79
626.627	412.66
627.044	421.98
627.462	384.73
627.879	349.8
628.297	389.38
628.714	370.76
629.132	403.35
629.549	408.01
629.966	401.02
630.383	452.24
630.8	442.93
631.217	394.04
631.634	466.21
632.051	389.38
632.468	442.93
632.885	447.59
633.302	408.01
633.719	449.91
634.135	456.9
634.552	410.34
634.969	445.26
635.385	494.15
635.801	412.66
636.218	352.13
636.634	477.85
637.05	396.37
637.467	491.82
637.883	426.63
638.299	377.74
638.715	431.29
639.131	405.68
639.547	340.49
639.963	345.15
640.378	428.96
640.794	417.32
641.21	419.65
641.626	359.12
642.041	412.66
642.457	366.1
642.872	442.93
643.287	366.1
643.703	414.99
644.118	398.7
644.533	449.91
644.948	410.34
645.364	449.91
645.779	410.34
646.194	442.93
646.609	459.23
647.023	426.63
647.438	440.6
647.853	361.44
648.268	363.77
648.682	468.54
649.097	410.34
649.511	445.26
649.926	438.27
650.34	394.04
650.755	352.13
651.169	426.63
651.583	373.09
651.997	384.73
652.411	384.73
652.825	452.24
653.239	279.96
653.653	356.79
654.067	417.32
654.481	454.57
654.895	373.09
655.309	435.95
655.722	431.29
656.136	442.93
656.549	293.93
656.963	435.95
657.376	377.74
657.79	496.48
658.203	442.93
658.616	368.43
659.029	391.71
659.442	382.4
659.855	421.98
660.268	414.99
660.681	401.02
661.094	417.32
661.507	435.95
661.92	435.95
662.333	428.96
662.745	384.73
663.158	428.96
663.57	414.99
663.983	438.27
664.395	431.29
664.808	463.88
665.22	463.88
665.632	373.09
666.044	463.88
666.456	449.91
666.868	424.3
667.28	382.4
667.692	366.1
668.104	382.4
668.516	408.01
668.928	368.43
669.34	370.76
669.751	412.66
670.163	445.26
670.574	419.65
670.986	470.87
671.397	461.56
671.809	426.63
672.22	452.24
672.631	482.51
673.042	410.34
673.453	466.21
673.864	475.52
674.275	377.74
674.686	475.52
675.097	403.35
675.508	435.95
675.919	389.38
676.33	396.37
676.74	384.73
677.151	426.63
677.561	349.8
677.972	405.68
678.382	405.68
678.792	426.63
679.203	401.02
679.613	433.62
680.023	405.68
680.433	401.02
680.843	452.24
681.253	440.6
681.663	456.9
682.073	414.99
682.483	454.57
682.893	424.3
683.302	408.01
683.712	431.29
684.122	447.59
684.531	447.59
684.94	414.99
685.35	331.18
685.759	463.88
686.168	487.16
686.578	468.54
686.987	461.56
687.396	466.21
687.805	410.34
688.214	370.76
688.623	403.35
689.032	373.09
689.44	449.91
689.849	421.98
690.258	424.3
690.666	403.35
691.075	347.48
691.484	426.63
691.892	445.26
692.3	382.4
692.709	398.7
693.117	408.01
693.525	377.74
693.933	433.62
694.341	435.95
694.749	433.62
695.157	359.12
695.565	433.62
695.973	447.59
696.381	298.58
696.788	466.21
697.196	401.02
697.604	373.09
698.011	421.98
698.419	435.95
698.826	300.91
699.234	445.26
699.641	431.29
700.048	477.85
700.455	466.21
700.862	426.63
701.269	428.96
701.676	347.48
702.083	421.98
702.49	333.51
702.897	438.27
703.304	403.35
703.71	459.23
704.117	431.29
704.524	438.27
704.93	408.01
705.337	370.76
705.743	361.44
706.149	440.6
706.556	468.54
706.962	410.34
707.368	414.99
707.774	419.65
708.18	389.38
708.586	445.26
708.992	366.1
709.398	387.05
709.804	408.01
710.209	391.71
710.615	456.9
711.021	361.44
711.426	480.18
711.832	354.46
712.237	375.41
712.642	463.88
713.048	401.02
713.453	335.84
713.858	445.26
714.263	426.63
714.668	424.3
715.073	342.82
715.478	361.44
715.883	452.24
716.288	442.93
716.693	391.71
717.097	433.62
717.502	410.34
717.906	438.27
718.311	438.27
718.715	375.41
719.12	475.52
719.524	491.82
719.928	421.98
720.333	370.76
720.737	394.04
721.141	463.88
721.545	382.4
721.949	421.98
722.353	456.9
722.757	384.73
723.16	452.24
723.564	435.95
723.968	403.35
724.371	431.29
724.775	477.85
725.178	391.71
725.582	414.99
725.985	366.1
726.388	398.7
726.792	384.73
727.195	473.2
727.598	438.27
728.001	449.91
728.404	396.37
728.807	421.98
729.21	452.24
729.612	324.19
730.015	314.88
730.418	433.62
730.82	394.04
731.223	405.68
731.625	494.15
732.028	452.24
732.43	498.81
732.833	421.98
733.235	349.8
733.637	398.7
734.039	466.21
734.441	433.62
734.843	319.54
735.245	433.62
735.647	433.62
736.049	445.26
736.451	424.3
736.852	384.73
737.254	335.84
737.655	428.96
738.057	424.3
738.458	410.34
738.86	408.01
739.261	375.41
739.662	426.63
740.064	391.71
740.465	361.44
740.866	396.37
741.267	394.04
741.668	373.09
742.069	421.98
742.469	410.34
742.87	456.9
743.271	421.98
743.672	389.38
744.072	426.63
744.473	403.35
744.873	426.63
745.274	421.98
745.674	396.37
746.074	442.93
746.474	408.01
746.875	414.99
747.275	338.16
747.675	433.62
748.075	321.87
748.474	359.12
748.874	470.87
749.274	445.26
749.674	438.27
750.073	456.9
750.473	387.05
750.873	424.3
751.272	373.09
751.671	403.35
752.071	403.35
752.47	396.37
752.869	359.12
753.268	440.6
753.668	449.91
754.067	454.57
754.466	405.68
754.864	354.46
755.263	408.01
755.662	375.41
756.061	414.99
756.459	373.09
756.858	412.66
757.257	396.37
757.655	431.29
758.053	456.9
758.452	482.51
758.85	398.7
759.248	438.27
759.646	389.38
760.045	440.6
760.443	377.74
760.841	349.8
761.238	445.26
761.636	470.87
762.034	468.54
762.432	377.74
762.829	447.59
763.227	461.56
763.625	373.09
764.022	375.41
764.419	480.18
764.817	482.51
765.214	414.99
765.611	328.85
766.008	421.98
766.406	410.34
766.803	382.4
767.199	391.71
767.596	426.63
767.993	421.98
768.39	394.04
768.787	342.82
769.183	333.51
769.58	428.96
769.977	408.01
770.373	403.35
770.769	377.74
771.166	354.46
771.562	435.95
771.958	377.74
772.354	398.7
772.75	363.77
773.146	412.66
773.542	359.12
773.938	424.3
774.334	442.93
774.73	398.7
775.126	361.44
775.521	410.34
775.917	419.65
776.312	433.62
776.708	419.65
777.103	438.27
777.499	515.1
777.894	408.01
778.289	391.71
778.684	384.73
779.079	380.07
779.474	473.2
779.869	442.93
780.264	463.88
780.659	394.04
781.054	396.37
781.448	359.12
781.843	377.74
782.238	410.34
782.632	417.32
783.027	377.74
783.421	382.4
783.815	382.4
784.21	352.13
784.604	442.93
784.998	382.4
785.392	431.29
785.786	440.6
786.18	377.74
786.574	405.68
786.968	468.54
787.361	403.35
787.755	515.1
788.149	414.99
788.542	470.87
788.936	394.04
789.329	463.88
789.722	440.6
790.116	363.77
790.509	442.93
790.902	361.44
791.295	391.71
791.688	375.41
792.081	375.41
792.474	461.56
792.867	289.27
793.26	408.01
793.653	375.41
794.045	408.01
794.438	387.05
794.83	435.95
795.223	424.3
795.615	394.04
796.008	433.62
796.4	368.43
796.792	377.74
797.184	340.49
797.576	412.66
797.968	391.71
798.36	405.68
798.752	456.9
799.144	382.4
799.536	417.32
799.928	384.73
800.319	424.3
800.711	389.38
801.102	361.44
801.494	438.27
801.885	454.57
802.276	424.3
802.668	414.99
803.059	363.77
803.45	445.26
803.841	456.9
804.232	461.56
804.623	456.9
805.014	375.41
805.405	414.99
805.795	440.6
806.186	396.37
806.577	408.01
806.967	412.66
807.358	401.02
807.748	403.35
808.139	326.52
808.529	382.4
808.919	426.63
809.309	375.41
809.699	408.01
810.089	435.95
810.479	384.73
810.869	391.71
811.259	445.26
811.649	433.62
812.039	391.71
812.428	361.44
812.818	454.57
813.207	433.62
813.597	391.71
813.986	515.1
814.376	456.9
814.765	414.99
815.154	401.02
815.543	412.66
815.932	445.26
816.321	445.26
816.71	410.34
817.099	412.66
817.488	426.63
817.877	447.59
818.265	396.37
818.654	394.04
819.043	394.04
819.431	405.68
819.819	356.79
820.208	414.99
820.596	431.29
820.984	384.73
821.372	335.84
821.761	454.57
822.149	461.56
822.537	380.07
822.924	426.63
823.312	389.38
823.7	354.46
824.088	382.4
824.475	401.02
824.863	442.93
825.251	419.65
825.638	417.32
826.025	440.6
826.413	328.85
826.8	424.3
827.187	380.07
827.574	419.65
827.961	431.29
828.348	356.79
828.735	414.99
829.122	377.74
829.509	431.29
829.896	417.32
830.282	380.07
830.669	405.68
831.055	368.43
831.442	505.79
831.828	382.4
832.215	470.87
832.601	405.68
832.987	461.56
833.373	370.76
833.759	356.79
834.145	414.99
834.531	377.74
834.917	438.27
835.303	382.4
835.689	435.95
836.074	419.65
836.46	424.3
836.846	426.63
837.231	352.13
837.617	405.68
838.002	384.73
838.387	391.71
838.772	401.02
839.158	414.99
839.543	401.02
839.928	389.38
840.313	473.2
840.698	449.91
841.082	414.99
841.467	380.07
841.852	391.71
842.237	368.43
842.621	459.23
843.006	475.52
843.39	354.46
843.774	342.82
844.159	419.65
844.543	403.35
844.927	342.82
845.311	412.66
845.695	396.37
846.079	431.29
846.463	454.57
846.847	480.18
847.231	454.57
847.615	396.37
847.998	459.23
848.382	405.68
848.765	419.65
849.149	307.9
849.532	363.77
849.916	394.04
850.299	354.46
850.682	459.23
851.065	454.57
851.448	394.04
851.831	389.38
852.214	435.95
852.597	421.98
852.98	438.27
853.363	449.91
853.745	345.15
854.128	377.74
854.51	324.19
854.893	408.01
855.275	421.98
855.658	417.32
856.04	428.96
856.422	340.49
856.804	447.59
857.186	417.32
857.568	382.4
857.95	426.63
858.332	382.4
858.714	421.98
859.096	410.34
859.477	370.76
859.859	401.02
860.24	398.7
860.622	366.1
861.003	431.29
861.385	424.3
861.766	352.13
862.147	438.27
862.528	361.44
862.909	389.38
863.29	387.05
863.671	387.05
864.052	403.35
864.433	377.74
864.814	452.24
865.194	452.24
865.575	405.68
865.955	445.26
866.336	414.99
866.716	377.74
867.097	475.52
867.477	387.05
867.857	424.3
868.237	391.71
868.617	396.37
868.997	408.01
869.377	326.52
869.757	484.84
870.137	380.07
870.517	447.59
870.896	484.84
871.276	403.35
871.655	370.76
872.035	345.15
872.414	398.7
872.794	412.66
873.173	366.1
873.552	405.68
873.931	366.1
874.31	438.27
874.689	468.54
875.068	394.04
875.447	377.74
875.826	477.85
876.205	459.23
876.583	384.73
876.962	375.41
877.341	410.34
877.719	459.23
878.097	426.63
878.476	394.04
878.854	319.54
879.232	403.35
879.61	361.44
879.988	414.99
880.366	431.29
880.744	426.63
881.122	408.01
881.5	391.71
881.878	475.52
882.255	300.91
882.633	382.4
883.011	433.62
883.388	440.6
883.765	389.38
884.143	384.73
884.52	421.98
884.897	396.37
885.274	394.04
885.651	335.84
886.028	421.98
886.405	426.63
886.782	391.71
887.159	356.79
887.536	333.51
887.912	352.13
888.289	424.3
888.665	412.66
889.042	412.66
889.418	391.71
889.794	447.59
890.171	377.74
890.547	408.01
890.923	403.35
891.299	361.44
891.675	375.41
892.051	414.99
892.427	387.05
892.803	394.04
893.178	410.34
893.554	477.85
893.929	401.02
894.305	414.99
894.68	370.76
895.056	394.04
895.431	375.41
895.806	394.04
896.181	368.43
896.557	396.37
896.932	454.57
897.307	380.07
897.681	408.01
898.056	410.34
898.431	433.62
898.806	442.93
899.18	428.96
899.555	456.9
899.929	398.7
900.304	396.37
900.678	410.34
901.052	440.6
901.427	445.26
901.801	405.68
902.175	382.4
902.549	417.32
902.923	361.44
903.297	410.34
903.67	452.24
904.044	380.07
904.418	470.87
904.791	442.93
905.165	408.01
905.538	354.46
905.912	261.33
906.285	433.62
906.658	401.02
907.032	354.46
907.405	459.23
907.778	454.57
908.151	363.77
908.524	398.7
908.896	403.35
909.269	398.7
909.642	428.96
910.015	398.7
910.387	354.46
910.76	403.35
911.132	382.4
911.504	384.73
911.877	382.4
912.249	394.04
912.621	361.44
912.993	449.91
913.365	366.1
913.737	417.32
914.109	408.01
914.481	363.77
914.853	384.73
915.224	440.6
915.596	433.62
915.968	461.56
916.339	375.41
916.71	398.7
917.082	408.01
917.453	405.68
917.824	377.74
918.195	361.44
918.566	414.99
918.937	438.27
919.308	377.74
919.679	391.71
920.05	401.02
920.421	410.34
920.791	389.38
921.162	401.02
921.532	431.29
921.903	431.29
922.273	408.01
922.644	410.34
923.014	417.32
923.384	408.01
923.754	435.95
924.124	442.93
924.494	375.41
924.864	419.65
925.234	428.96
925.604	359.12
925.973	410.34
926.343	421.98
926.712	384.73
927.082	380.07
927.451	391.71
927.821	333.51
928.19	384.73
928.559	342.82
928.928	489.49
929.297	356.79
929.666	419.65
930.035	398.7
930.404	414.99
930.773	410.34
931.142	398.7
931.51	421.98
931.879	461.56
932.247	410.34
932.616	482.51
932.984	414.99
933.353	445.26
933.721	387.05
934.089	431.29
934.457	391.71
934.825	461.56
935.193	433.62
935.561	447.59
935.929	426.63
936.296	380.07
936.664	396.37
937.032	401.02
937.399	366.1
937.767	368.43
938.134	401.02
938.501	405.68
938.869	338.16
939.236	384.73
939.603	414.99
939.97	454.57
940.337	396.37
940.704	398.7
941.071	394.04
941.438	470.87
941.804	391.71
942.171	368.43
942.538	368.43
942.904	375.41
943.27	387.05
943.637	384.73
944.003	419.65
944.369	401.02
944.735	389.38
945.102	433.62
945.468	426.63
945.833	449.91
946.199	431.29
946.565	414.99
946.931	349.8
947.296	410.34
947.662	459.23
948.028	482.51
948.393	424.3
948.758	438.27
949.124	491.82
949.489	412.66
949.854	461.56
950.219	442.93
950.584	403.35
950.949	335.84
951.314	366.1
951.679	480.18
952.044	373.09
952.408	389.38
952.773	361.44
953.137	454.57
953.502	470.87
953.866	454.57
954.231	405.68
954.595	428.96
954.959	387.05
955.323	428.96
955.687	508.12
956.051	391.71
956.415	398.7
956.779	447.59
957.143	356.79
957.506	349.8
957.87	380.07
958.234	428.96
958.597	412.66
958.961	408.01
959.324	396.37
959.687	442.93
960.05	375.41
960.413	380.07
960.776	401.02
961.139	470.87
961.502	373.09
961.865	366.1
962.228	373.09
962.591	445.26
962.953	475.52
963.316	435.95
963.678	398.7
964.041	417.32
964.403	396.37
964.765	352.13
965.128	401.02
965.49	382.4
965.852	396.37
966.214	419.65
966.576	340.49
966.938	449.91
967.299	435.95
967.661	452.24
968.023	370.76
968.384	391.71
968.746	352.13
969.107	396.37
969.469	424.3
969.83	447.59
970.191	417.32
970.552	452.24
970.913	410.34
971.274	470.87
971.635	394.04
971.996	377.74
972.357	373.09
972.718	412.66
973.078	349.8
973.439	380.07
973.8	363.77
974.16	384.73
974.52	398.7
974.881	414.99
975.241	368.43
975.601	449.91
975.961	463.88
976.321	387.05
976.681	345.15
977.041	410.34
977.401	352.13
977.76	424.3
978.12	401.02
978.48	421.98
978.839	449.91
979.199	428.96
979.558	414.99
979.917	324.19
980.277	398.7
980.636	338.16
980.995	487.16
981.354	414.99
981.713	438.27
982.072	414.99
982.43	421.98
982.789	417.32
983.148	377.74
983.506	389.38
983.865	373.09
984.223	421.98
984.582	345.15
984.94	405.68
985.298	428.96
985.656	408.01
986.015	366.1
986.373	398.7
986.731	377.74
987.088	403.35
987.446	340.49
987.804	426.63
988.162	414.99
988.519	424.3
988.877	482.51
989.234	428.96
989.591	401.02
989.949	349.8
990.306	414.99
990.663	349.8
991.02	375.41
991.377	352.13
991.734	452.24
992.091	424.3
992.448	368.43
992.805	408.01
993.161	419.65
993.518	424.3
993.874	405.68
994.231	442.93
994.587	428.96
994.943	515.1
995.3	410.34
995.656	447.59
996.012	461.56
996.368	338.16
996.724	403.35
997.08	435.95
997.435	426.63
997.791	419.65
998.147	398.7
998.502	361.44
998.858	377.74
999.213	382.4
999.569	440.6
999.924	387.05
1000.279	391.71
1000.634	363.77
1000.989	417.32
1001.344	412.66
1001.699	428.96
1002.054	389.38
1002.409	398.7
1002.764	405.68
1003.118	426.63
1003.473	394.04
1003.827	387.05
1004.182	335.84
1004.536	447.59
1004.89	326.52
1005.245	435.95
1005.599	428.96
1005.953	384.73
1006.307	403.35
1006.661	398.7
1007.015	387.05
1007.368	408.01
1007.722	338.16
1008.076	459.23
1008.429	326.52
1008.783	410.34
1009.136	354.46
1009.489	449.91
1009.843	421.98
1010.196	361.44
1010.549	342.82
1010.902	375.41
1011.255	398.7
1011.608	459.23
1011.961	442.93
1012.313	401.02
1012.666	463.88
1013.019	340.49
1013.371	449.91
1013.724	419.65
1014.076	491.82
1014.428	331.18
1014.781	387.05
1015.133	370.76
1015.485	435.95
1015.837	368.43
1016.189	452.24
1016.541	438.27
1016.893	345.15
1017.244	363.77
1017.596	391.71
1017.947	396.37
1018.299	426.63
1018.65	403.35
1019.002	477.85
1019.353	333.51
1019.704	387.05
1020.055	452.24
1020.407	398.7
1020.758	384.73
1021.108	410.34
1021.459	414.99
1021.81	363.77
1022.161	340.49
1022.511	352.13
1022.862	421.98
1023.213	428.96
1023.563	403.35
1023.913	373.09
1024.264	377.74
1024.614	445.26
1024.964	426.63
1025.314	421.98
1025.664	380.07
1026.014	387.05
1026.364	419.65
1026.713	442.93
1027.063	403.35
1027.413	414.99
1027.762	442.93
1028.112	328.85
1028.461	312.55
1028.81	352.13
1029.16	382.4
1029.509	326.52
1029.858	417.32
1030.207	419.65
1030.556	475.52
1030.905	398.7
1031.254	445.26
1031.602	391.71
1031.951	389.38
1032.3	398.7
1032.648	349.8
1032.996	349.8
1033.345	349.8
