187.879	-15.42
188.346	-15.42
188.813	-15.42
189.28	-99.24
189.747	-71.3
190.214	-73.63
190.681	-92.25
191.148	-50.35
191.614	-106.22
192.081	-41.03
192.548	-82.94
193.014	-31.72
193.481	-1.46
193.948	-85.27
194.414	63.73
194.881	61.4
195.347	-10.77
195.813	77.7
196.28	119.61
196.746	96.33
197.212	156.86
197.678	142.89
198.145	117.28
198.611	236.02
199.077	224.38
199.543	268.61
200.009	229.03
200.475	249.98
200.941	256.97
201.407	308.19
201.873	263.95
202.338	347.77
202.804	403.64
203.27	343.11
203.735	322.16
204.201	345.44
204.667	294.22
205.132	368.72
205.598	315.17
206.063	366.39
206.529	396.66
206.994	347.77
207.459	366.39
207.925	366.39
208.39	447.88
208.855	403.64
209.32	368.72
209.785	415.28
210.25	419.94
210.715	466.5
211.18	452.53
211.645	440.89
212.11	385.02
212.575	336.13
213.04	396.66
213.504	357.08
213.969	401.31
214.434	387.35
214.899	359.41
215.363	398.99
215.828	392
216.292	345.44
216.757	408.3
217.221	422.27
217.685	464.17
218.15	364.06
218.614	378.03
219.078	371.05
219.542	382.69
220.007	403.64
220.471	350.1
220.935	431.58
221.399	389.67
221.863	331.47
222.327	396.66
222.791	347.77
223.254	326.81
223.718	352.42
224.182	305.86
224.646	380.36
225.109	298.88
225.573	326.81
226.037	375.7
226.5	338.45
226.964	371.05
227.427	294.22
227.89	364.06
228.354	345.44
228.817	429.25
229.28	389.67
229.744	398.99
230.207	364.06
230.67	303.53
231.133	331.47
231.596	357.08
232.059	352.42
232.522	382.69
232.985	347.77
233.448	394.33
233.911	350.1
234.374	347.77
234.836	364.06
235.299	382.69
235.762	364.06
236.224	412.96
236.687	415.28
237.149	392
237.612	429.25
238.074	452.53
238.537	382.69
238.999	403.64
239.461	354.75
239.924	410.63
240.386	408.3
240.848	350.1
241.31	452.53
241.772	452.53
242.234	433.91
242.696	338.45
243.158	398.99
243.62	338.45
244.082	357.08
244.544	333.8
245.006	340.78
245.468	431.58
245.929	415.28
246.391	368.72
246.852	394.33
247.314	333.8
247.776	443.22
248.237	426.92
248.698	361.74
249.16	387.35
249.621	366.39
250.082	343.11
250.544	468.83
251.005	422.27
251.466	375.7
251.927	275.59
252.388	398.99
252.849	354.75
253.31	415.28
253.771	373.38
254.232	343.11
254.693	464.17
255.154	382.69
255.615	343.11
256.075	312.84
256.536	398.99
256.997	417.61
257.457	359.41
257.918	398.99
258.378	431.58
258.839	361.74
259.299	408.3
259.759	385.02
260.22	426.92
260.68	326.81
261.14	361.74
261.6	366.39
262.06	336.13
262.521	412.96
262.981	378.03
263.441	408.3
263.901	364.06
264.36	392
264.82	368.72
265.28	417.61
265.74	343.11
266.2	433.91
266.659	373.38
267.119	324.49
267.579	361.74
268.038	398.99
268.498	357.08
268.957	405.97
269.416	398.99
269.876	445.55
270.335	371.05
270.794	373.38
271.254	412.96
271.713	440.89
272.172	426.92
272.631	375.7
273.09	336.13
273.549	419.94
274.008	499.1
274.467	347.77
274.926	396.66
275.385	382.69
275.843	373.38
276.302	380.36
276.761	429.25
277.22	371.05
277.678	461.85
278.137	410.63
278.595	366.39
279.054	340.78
279.512	398.99
279.97	431.58
280.429	396.66
280.887	401.31
281.345	366.39
281.803	357.08
282.262	438.56
282.72	445.55
283.178	396.66
283.636	364.06
284.094	410.63
284.552	378.03
285.01	450.21
285.467	385.02
285.925	405.97
286.383	424.6
286.841	380.36
287.298	419.94
287.756	378.03
288.213	454.86
288.671	440.89
289.128	398.99
289.586	345.44
290.043	371.05
290.5	417.61
290.958	419.94
291.415	324.49
291.872	457.19
292.329	426.92
292.786	394.33
293.243	401.31
293.7	380.36
294.157	401.31
294.614	417.61
295.071	443.22
295.528	415.28
295.985	324.49
296.441	392
296.898	385.02
297.355	403.64
297.811	371.05
298.268	398.99
298.724	368.72
299.181	424.6
299.637	382.69
300.094	459.52
300.55	352.42
301.006	371.05
301.462	417.61
301.919	429.25
302.375	410.63
302.831	422.27
303.287	445.55
303.743	361.74
304.199	443.22
304.655	419.94
305.11	424.6
305.566	450.21
306.022	361.74
306.478	422.27
306.933	419.94
307.389	394.33
307.845	457.19
308.3	347.77
308.756	401.31
309.211	396.66
309.666	429.25
310.122	438.56
310.577	433.91
311.032	447.88
311.487	357.08
311.943	392
312.398	429.25
312.853	394.33
313.308	326.81
313.763	392
314.218	457.19
314.672	336.13
315.127	405.97
315.582	392
316.037	354.75
316.492	485.13
316.946	443.22
317.401	431.58
317.855	424.6
318.31	396.66
318.764	387.35
319.219	403.64
319.673	471.16
320.127	343.11
320.582	333.8
321.036	417.61
321.49	387.35
321.944	496.77
322.398	361.74
322.852	417.61
323.306	324.49
323.76	389.67
324.214	396.66
324.668	426.92
325.122	431.58
325.575	398.99
326.029	436.24
326.483	450.21
326.936	385.02
327.39	378.03
327.843	366.39
328.297	343.11
328.75	438.56
329.204	429.25
329.657	417.61
330.11	480.47
330.564	403.64
331.017	452.53
331.47	405.97
331.923	394.33
332.376	436.24
332.829	452.53
333.282	440.89
333.735	482.8
334.188	489.78
334.641	473.49
335.093	450.21
335.546	396.66
335.999	436.24
336.451	352.42
336.904	459.52
337.356	368.72
337.809	380.36
338.261	450.21
338.714	357.08
339.166	387.35
339.618	445.55
340.07	468.83
340.523	480.47
340.975	340.78
341.427	473.49
341.879	482.8
342.331	415.28
342.783	408.3
343.235	408.3
343.687	436.24
344.138	417.61
344.59	478.14
345.042	431.58
345.494	454.86
345.945	389.67
346.397	422.27
346.848	382.69
347.3	368.72
347.751	380.36
348.203	380.36
348.654	401.31
349.105	461.85
349.556	440.89
350.008	436.24
350.459	445.55
350.91	340.78
351.361	496.77
351.812	471.16
352.263	417.61
352.714	454.86
353.165	454.86
353.615	452.53
354.066	436.24
354.517	496.77
354.968	440.89
355.418	473.49
355.869	422.27
356.319	482.8
356.77	429.25
357.22	415.28
357.671	403.64
358.121	438.56
358.571	394.33
359.021	405.97
359.472	422.27
359.922	559.63
360.372	405.97
360.822	410.63
361.272	459.52
361.722	378.03
362.172	396.66
362.622	366.39
363.071	461.85
363.521	405.97
363.971	389.67
364.42	478.14
364.87	485.13
365.32	445.55
365.769	408.3
366.219	431.58
366.668	410.63
367.117	457.19
367.567	385.02
368.016	408.3
368.465	475.81
368.914	410.63
369.363	480.47
369.812	480.47
370.261	492.11
370.71	489.78
371.159	545.66
371.608	529.36
372.057	543.33
372.506	520.05
372.955	547.99
373.403	538.67
373.852	589.89
374.301	587.57
374.749	655.08
375.198	622.49
375.646	664.39
376.094	703.97
376.543	755.19
376.991	811.07
377.439	892.55
377.887	960.07
378.336	985.68
378.784	1104.41
379.232	1141.66
379.68	1390.78
380.128	1425.7
380.576	1525.81
381.023	1851.75
381.471	1935.56
381.919	2105.52
382.367	2417.49
382.814	2540.88
383.262	2824.91
383.71	3243.98
384.157	3576.91
384.605	3839.99
385.052	4473.24
385.499	4773.57
385.947	5346.3
386.394	5849.18
386.841	6617.47
387.288	7287.97
387.735	8035.31
388.182	9089.96
388.63	10230.75
389.076	11159.68
389.523	12361
389.97	13729.95
390.417	14840.48
390.864	16719.29
391.311	18206.98
391.757	20358.19
392.204	22178.8
392.651	24034.33
393.097	26285.65
393.544	28283.2
393.99	30816.22
394.436	32695.04
394.883	34771.74
395.329	36527.17
395.775	38028.82
396.221	39360.52
396.668	40042.67
397.114	39963.51
397.56	39393.11
398.006	38911.19
398.452	37286.14
398.897	36117.41
399.343	33894.03
399.789	31747.48
400.235	29847.71
400.681	27526.55
401.126	25168.14
401.572	23219.48
402.017	21410.51
402.463	19799.43
402.908	18032.37
403.354	16924.17
403.799	15944.02
404.244	15240.92
404.689	14239.82
405.135	13555.34
405.58	13257.34
406.025	12577.52
406.47	12221.31
406.915	11669.54
407.36	11457.68
407.805	10964.12
408.25	10396.05
408.694	10025.87
409.139	9332.08
409.584	8996.83
410.029	8703.49
410.473	7856.04
410.918	7695.4
411.362	6962.03
411.807	6473.12
412.251	5963.26
412.695	5409.16
413.14	5025.01
413.584	4831.78
414.028	4470.91
414.472	4252.07
414.916	3905.17
415.36	3574.58
415.804	3467.48
416.248	3344.09
416.692	3048.42
417.136	2822.59
417.58	2876.13
418.024	2640.99
418.467	2580.46
418.911	2389.55
419.355	2342.99
419.798	2261.5
420.242	2089.22
420.685	2026.36
421.128	2084.56
421.572	1921.59
422.015	1879.69
422.458	1691.11
422.902	1651.53
423.345	1726.03
423.788	1388.45
424.231	1414.06
424.674	1372.15
425.117	1267.38
425.56	1137.01
426.003	1160.29
426.445	1092.77
426.888	1141.66
427.331	1043.88
427.773	950.76
428.216	911.18
428.659	908.85
429.101	845.99
429.543	801.76
429.986	773.82
430.428	734.24
430.87	715.61
431.313	762.18
431.755	778.47
432.197	750.54
432.639	706.3
433.081	776.15
433.523	692.33
433.965	664.39
434.407	696.99
434.849	650.43
435.291	606.19
435.732	587.57
436.174	694.66
436.616	534.02
437.057	571.27
437.499	601.53
437.94	601.53
438.382	645.77
438.823	541
439.264	531.69
439.706	543.33
440.147	557.3
440.588	587.57
441.029	457.19
441.47	471.16
441.911	471.16
442.352	529.36
442.793	466.5
443.234	438.56
443.675	422.27
444.116	524.71
444.556	496.77
444.997	489.78
445.438	522.38
445.878	480.47
446.319	415.28
446.759	480.47
447.199	464.17
447.64	419.94
448.08	436.24
448.52	459.52
448.961	394.33
449.401	454.86
449.841	419.94
450.281	426.92
450.721	461.85
451.161	415.28
451.601	403.64
452.041	410.63
452.48	487.46
452.92	459.52
453.36	403.64
453.799	433.91
454.239	480.47
454.679	447.88
455.118	387.35
455.557	429.25
455.997	408.3
456.436	450.21
456.875	387.35
457.315	459.52
457.754	405.97
458.193	478.14
458.632	499.1
459.071	473.49
459.51	452.53
459.949	403.64
460.388	443.22
460.827	468.83
461.265	422.27
461.704	412.96
462.143	392
462.581	408.3
463.02	359.41
463.458	401.31
463.897	392
464.335	378.03
464.774	436.24
465.212	431.58
465.65	457.19
466.088	447.88
466.527	440.89
466.965	357.08
467.403	429.25
467.841	419.94
468.279	419.94
468.716	415.28
469.154	392
469.592	419.94
470.03	499.1
470.467	401.31
470.905	417.61
471.343	485.13
471.78	415.28
472.218	487.46
472.655	392
473.092	398.99
473.53	457.19
473.967	408.3
474.404	364.06
474.841	471.16
475.278	422.27
475.716	401.31
476.153	426.92
476.589	378.03
477.026	380.36
477.463	405.97
477.9	405.97
478.337	394.33
478.773	417.61
479.21	417.61
479.647	324.49
480.083	464.17
480.52	429.25
480.956	468.83
481.392	478.14
481.829	385.02
482.265	371.05
482.701	387.35
483.137	461.85
483.574	485.13
484.01	503.75
484.446	422.27
484.882	375.7
485.317	380.36
485.753	424.6
486.189	401.31
486.625	364.06
487.061	359.41
487.496	445.55
487.932	366.39
488.367	396.66
488.803	480.47
489.238	357.08
489.674	398.99
490.109	392
490.544	431.58
490.979	403.64
491.415	396.66
491.85	431.58
492.285	401.31
492.72	373.38
493.155	392
493.59	450.21
494.024	410.63
494.459	471.16
494.894	438.56
495.329	447.88
495.763	405.97
496.198	382.69
496.632	417.61
497.067	447.88
497.501	433.91
497.936	426.92
498.37	424.6
498.804	389.67
499.238	405.97
499.673	440.89
500.107	436.24
500.541	412.96
500.975	450.21
501.409	482.8
501.843	405.97
502.277	347.77
502.71	405.97
503.144	405.97
503.578	445.55
504.011	375.7
504.445	443.22
504.878	417.61
505.312	426.92
505.745	408.3
506.179	354.75
506.612	394.33
507.045	403.64
507.479	445.55
507.912	422.27
508.345	405.97
508.778	489.78
509.211	410.63
509.644	436.24
510.077	382.69
510.509	361.74
510.942	380.36
511.375	429.25
511.808	426.92
512.24	378.03
512.673	371.05
513.105	440.89
513.538	475.81
513.97	352.42
514.403	464.17
514.835	366.39
515.267	443.22
515.699	401.31
516.131	440.89
516.564	403.64
516.996	447.88
517.428	408.3
517.859	457.19
518.291	499.1
518.723	424.6
519.155	396.66
519.587	412.96
520.018	419.94
520.45	380.36
520.881	464.17
521.313	426.92
521.744	396.66
522.176	392
522.607	450.21
523.038	506.08
523.47	417.61
523.901	394.33
524.332	433.91
524.763	424.6
525.194	429.25
525.625	445.55
526.056	485.13
526.487	445.55
526.917	440.89
527.348	405.97
527.779	422.27
528.21	499.1
528.64	347.77
529.071	438.56
529.501	468.83
529.932	424.6
530.362	385.02
530.792	438.56
531.222	405.97
531.653	410.63
532.083	412.96
532.513	410.63
532.943	401.31
533.373	436.24
533.803	392
534.233	368.72
534.663	452.53
535.092	415.28
535.522	385.02
535.952	522.38
536.381	440.89
536.811	403.64
537.24	338.45
537.67	419.94
538.099	438.56
538.529	415.28
538.958	373.38
539.387	447.88
539.816	396.66
540.245	378.03
540.674	417.61
541.103	415.28
541.532	461.85
541.961	440.89
542.39	389.67
542.819	375.7
543.248	398.99
543.676	431.58
544.105	378.03
544.534	366.39
544.962	429.25
545.391	459.52
545.819	410.63
546.247	464.17
546.676	433.91
547.104	471.16
547.532	405.97
547.96	475.81
548.388	426.92
548.816	389.67
549.244	398.99
549.672	459.52
550.1	513.07
550.528	445.55
550.956	417.61
551.383	412.96
551.811	415.28
552.238	401.31
552.666	403.64
553.094	450.21
553.521	401.31
553.948	394.33
554.376	415.28
554.803	410.63
555.23	415.28
555.657	419.94
556.084	438.56
556.511	422.27
556.938	415.28
557.365	459.52
557.792	405.97
558.219	405.97
558.646	392
559.072	338.45
559.499	447.88
559.926	454.86
560.352	394.33
560.779	415.28
561.205	443.22
561.632	457.19
562.058	436.24
562.484	447.88
562.91	398.99
563.337	371.05
563.763	438.56
564.189	436.24
564.615	447.88
565.041	385.02
565.466	398.99
565.892	392
566.318	450.21
566.744	340.78
567.169	373.38
567.595	492.11
568.021	378.03
568.446	401.31
568.872	459.52
569.297	326.81
569.722	417.61
570.148	468.83
570.573	452.53
570.998	340.78
571.423	405.97
571.848	422.27
572.273	429.25
572.698	436.24
573.123	426.92
573.548	417.61
573.973	419.94
574.397	527.03
574.822	408.3
575.247	464.17
575.671	454.86
576.096	322.16
576.52	417.61
576.944	431.58
577.369	510.74
577.793	398.99
578.217	459.52
578.641	366.39
579.065	447.88
579.49	445.55
579.914	403.64
580.337	433.91
580.761	382.69
581.185	382.69
581.609	375.7
582.033	489.78
582.456	412.96
582.88	475.81
583.303	392
583.727	396.66
584.15	482.8
584.574	410.63
584.997	396.66
585.42	424.6
585.844	398.99
586.267	412.96
586.69	452.53
587.113	436.24
587.536	389.67
587.959	394.33
588.382	438.56
588.804	450.21
589.227	398.99
589.65	422.27
590.073	494.44
590.495	443.22
590.918	429.25
591.34	394.33
591.763	368.72
592.185	480.47
592.607	422.27
593.03	438.56
593.452	401.31
593.874	398.99
594.296	426.92
594.718	443.22
595.14	392
595.562	326.81
595.984	426.92
596.406	398.99
596.827	459.52
597.249	429.25
597.671	466.5
598.092	385.02
598.514	366.39
598.935	415.28
599.357	415.28
599.778	433.91
600.199	452.53
600.621	452.53
601.042	464.17
601.463	431.58
601.884	436.24
602.305	403.64
602.726	403.64
603.147	403.64
603.568	401.31
603.988	422.27
604.409	429.25
604.83	429.25
605.25	396.66
605.671	438.56
606.092	433.91
606.512	438.56
606.932	382.69
607.353	454.86
607.773	415.28
608.193	431.58
608.613	475.81
609.034	401.31
609.454	426.92
609.874	454.86
610.293	471.16
610.713	410.63
611.133	452.53
611.553	422.27
611.973	417.61
612.392	422.27
612.812	415.28
613.231	426.92
613.651	424.6
614.07	426.92
614.49	419.94
614.909	482.8
615.328	403.64
615.747	422.27
616.167	398.99
616.586	396.66
617.005	450.21
617.424	387.35
617.843	401.31
618.261	478.14
618.68	412.96
619.099	373.38
619.518	366.39
619.936	494.44
620.355	433.91
620.773	429.25
621.192	438.56
621.61	382.69
622.029	419.94
622.447	380.36
622.865	475.81
623.283	424.6
623.701	364.06
624.119	433.91
624.537	403.64
624.955	415.28
625.373	389.67
625.791	382.69
626.209	361.74
626.627	378.03
627.044	403.64
627.462	436.24
627.879	457.19
628.297	464.17
628.714	389.67
629.132	443.22
629.549	459.52
629.966	424.6
630.383	371.05
630.8	431.58
631.217	417.61
631.634	438.56
632.051	408.3
632.468	338.45
632.885	401.31
633.302	366.39
633.719	345.44
634.135	450.21
634.552	387.35
634.969	396.66
635.385	378.03
635.801	359.41
636.218	312.84
636.634	464.17
637.05	394.33
637.467	412.96
637.883	361.74
638.299	412.96
638.715	385.02
639.131	387.35
639.547	405.97
639.963	361.74
640.378	443.22
640.794	392
641.21	394.33
641.626	422.27
642.041	417.61
642.457	412.96
642.872	368.72
643.287	378.03
643.703	373.38
644.118	394.33
644.533	457.19
644.948	389.67
645.364	454.86
645.779	452.53
646.194	429.25
646.609	410.63
647.023	361.74
647.438	398.99
647.853	398.99
648.268	433.91
648.682	392
649.097	357.08
649.511	333.8
649.926	394.33
650.34	440.89
650.755	494.44
651.169	373.38
651.583	398.99
651.997	345.44
652.411	424.6
652.825	443.22
653.239	392
653.653	394.33
654.067	429.25
654.481	487.46
654.895	357.08
655.309	401.31
655.722	438.56
656.136	396.66
656.549	392
656.963	373.38
657.376	405.97
657.79	401.31
658.203	431.58
658.616	415.28
659.029	433.91
659.442	361.74
659.855	401.31
660.268	396.66
660.681	375.7
661.094	398.99
661.507	403.64
661.92	405.97
662.333	482.8
662.745	373.38
663.158	403.64
663.57	415.28
663.983	445.55
664.395	482.8
664.808	405.97
665.22	336.13
665.632	454.86
666.044	371.05
666.456	417.61
666.868	408.3
667.28	443.22
667.692	333.8
668.104	422.27
668.516	366.39
668.928	431.58
669.34	380.36
669.751	338.45
670.163	494.44
670.574	429.25
670.986	410.63
671.397	408.3
671.809	396.66
672.22	364.06
672.631	387.35
673.042	410.63
673.453	366.39
673.864	417.61
674.275	382.69
674.686	436.24
675.097	424.6
675.508	429.25
675.919	343.11
676.33	378.03
676.74	417.61
677.151	394.33
677.561	354.75
677.972	431.58
678.382	385.02
678.792	436.24
679.203	396.66
679.613	447.88
680.023	396.66
680.433	392
680.843	394.33
681.253	389.67
681.663	387.35
682.073	394.33
682.483	405.97
682.893	424.6
683.302	343.11
683.712	385.02
684.122	387.35
684.531	501.42
684.94	380.36
685.35	408.3
685.759	419.94
686.168	319.83
686.578	450.21
686.987	319.83
687.396	492.11
687.805	364.06
688.214	419.94
688.623	378.03
689.032	405.97
689.44	385.02
689.849	396.66
690.258	415.28
690.666	431.58
691.075	445.55
691.484	405.97
691.892	380.36
692.3	338.45
692.709	392
693.117	417.61
693.525	482.8
693.933	440.89
694.341	461.85
694.749	410.63
695.157	440.89
695.565	357.08
695.973	433.91
696.381	394.33
696.788	396.66
697.196	378.03
697.604	396.66
698.011	422.27
698.419	415.28
698.826	408.3
699.234	343.11
699.641	333.8
700.048	424.6
700.455	389.67
700.862	459.52
701.269	478.14
701.676	412.96
702.083	436.24
702.49	394.33
702.897	396.66
703.304	396.66
703.71	382.69
704.117	436.24
704.524	364.06
704.93	394.33
705.337	417.61
705.743	392
706.149	445.55
706.556	401.31
706.962	419.94
707.368	361.74
707.774	340.78
708.18	375.7
708.586	424.6
708.992	405.97
709.398	417.61
709.804	403.64
710.209	429.25
710.615	385.02
711.021	366.39
711.426	361.74
711.832	410.63
712.237	415.28
712.642	405.97
713.048	424.6
713.453	385.02
713.858	452.53
714.263	389.67
714.668	398.99
715.073	412.96
715.478	429.25
715.883	426.92
716.288	482.8
716.693	366.39
717.097	331.47
717.502	433.91
717.906	454.86
718.311	385.02
718.715	410.63
719.12	394.33
719.524	338.45
719.928	398.99
720.333	447.88
720.737	378.03
721.141	392
721.545	471.16
721.949	385.02
722.353	457.19
722.757	464.17
723.16	378.03
723.564	412.96
723.968	410.63
724.371	336.13
724.775	426.92
725.178	459.52
725.582	415.28
725.985	433.91
726.388	387.35
726.792	422.27
727.195	336.13
727.598	403.64
728.001	394.33
728.404	371.05
728.807	317.5
729.21	368.72
729.612	447.88
730.015	345.44
730.418	431.58
730.82	401.31
731.223	352.42
731.625	433.91
732.028	429.25
732.43	368.72
732.833	354.75
733.235	440.89
733.637	403.64
734.039	433.91
734.441	431.58
734.843	396.66
735.245	438.56
735.647	447.88
736.049	440.89
736.451	410.63
736.852	380.36
737.254	457.19
737.655	378.03
738.057	392
738.458	392
738.86	417.61
739.261	438.56
739.662	426.92
740.064	438.56
740.465	438.56
740.866	426.92
741.267	387.35
741.668	394.33
742.069	331.47
742.469	392
742.87	403.64
743.271	398.99
743.672	410.63
744.072	385.02
744.473	368.72
744.873	382.69
745.274	352.42
745.674	485.13
746.074	387.35
746.474	366.39
746.875	410.63
747.275	436.24
747.675	415.28
748.075	436.24
748.474	392
748.874	373.38
749.274	343.11
749.674	380.36
750.073	347.77
750.473	378.03
750.873	433.91
751.272	450.21
751.671	408.3
752.071	433.91
752.47	389.67
752.869	454.86
753.268	424.6
753.668	408.3
754.067	385.02
754.466	403.64
754.864	338.45
755.263	394.33
755.662	445.55
756.061	387.35
756.459	429.25
756.858	401.31
757.257	466.5
757.655	357.08
758.053	380.36
758.452	392
758.85	415.28
759.248	480.47
759.646	424.6
760.045	417.61
760.443	433.91
760.841	417.61
761.238	403.64
761.636	426.92
762.034	445.55
762.432	417.61
762.829	431.58
763.227	364.06
763.625	450.21
764.022	426.92
764.419	412.96
764.817	392
765.214	396.66
765.611	392
766.008	375.7
766.406	433.91
766.803	429.25
767.199	398.99
767.596	485.13
767.993	378.03
768.39	375.7
768.787	443.22
769.183	426.92
769.58	424.6
769.977	366.39
770.373	378.03
770.769	389.67
771.166	366.39
771.562	357.08
771.958	410.63
772.354	338.45
772.75	385.02
773.146	294.22
773.542	405.97
773.938	396.66
774.334	396.66
774.73	340.78
775.126	408.3
775.521	380.36
775.917	394.33
776.312	385.02
776.708	375.7
777.103	412.96
777.499	412.96
777.894	415.28
778.289	410.63
778.684	401.31
779.079	322.16
779.474	405.97
779.869	436.24
780.264	364.06
780.659	382.69
781.054	398.99
781.448	473.49
781.843	403.64
782.238	485.13
782.632	410.63
783.027	371.05
783.421	408.3
783.815	405.97
784.21	405.97
784.604	438.56
784.998	394.33
785.392	412.96
785.786	380.36
786.18	305.86
786.574	354.75
786.968	405.97
787.361	396.66
787.755	361.74
788.149	412.96
788.542	438.56
788.936	422.27
789.329	403.64
789.722	417.61
790.116	326.81
790.509	378.03
790.902	438.56
791.295	401.31
791.688	422.27
792.081	336.13
792.474	385.02
792.867	405.97
793.26	438.56
793.653	401.31
794.045	466.5
794.438	373.38
794.83	338.45
795.223	368.72
795.615	387.35
796.008	350.1
796.4	392
796.792	410.63
797.184	347.77
797.576	347.77
797.968	352.42
798.36	382.69
798.752	461.85
799.144	401.31
799.536	382.69
799.928	343.11
800.319	419.94
800.711	380.36
801.102	443.22
801.494	429.25
801.885	408.3
802.276	378.03
802.668	357.08
803.059	417.61
803.45	368.72
803.841	412.96
804.232	412.96
804.623	401.31
805.014	385.02
805.405	450.21
805.795	373.38
806.186	405.97
806.577	429.25
806.967	471.16
807.358	410.63
807.748	438.56
808.139	417.61
808.529	284.91
808.919	408.3
809.309	336.13
809.699	405.97
810.089	371.05
810.479	473.49
810.869	371.05
811.259	387.35
811.649	445.55
812.039	454.86
812.428	361.74
812.818	357.08
813.207	412.96
813.597	398.99
813.986	380.36
814.376	380.36
814.765	419.94
815.154	359.41
815.543	329.14
815.932	440.89
816.321	454.86
816.71	396.66
817.099	422.27
817.488	447.88
817.877	447.88
818.265	389.67
818.654	417.61
819.043	373.38
819.431	405.97
819.819	378.03
820.208	361.74
820.596	389.67
820.984	378.03
821.372	403.64
821.761	431.58
822.149	361.74
822.537	394.33
822.924	394.33
823.312	373.38
823.7	396.66
824.088	515.39
824.475	433.91
824.863	452.53
825.251	419.94
825.638	380.36
826.025	410.63
826.413	310.52
826.8	412.96
827.187	466.5
827.574	398.99
827.961	340.78
828.348	378.03
828.735	373.38
829.122	340.78
829.509	380.36
829.896	394.33
830.282	347.77
830.669	378.03
831.055	417.61
831.442	361.74
831.828	373.38
832.215	410.63
832.601	454.86
832.987	329.14
833.373	454.86
833.759	331.47
834.145	415.28
834.531	347.77
834.917	480.47
835.303	422.27
835.689	361.74
836.074	403.64
836.46	336.13
836.846	375.7
837.231	345.44
837.617	408.3
838.002	424.6
838.387	415.28
838.772	447.88
839.158	405.97
839.543	431.58
839.928	347.77
840.313	422.27
840.698	429.25
841.082	408.3
841.467	368.72
841.852	410.63
842.237	359.41
842.621	373.38
843.006	459.52
843.39	371.05
843.774	401.31
844.159	366.39
844.543	354.75
844.927	396.66
845.311	366.39
845.695	443.22
846.079	401.31
846.463	419.94
846.847	394.33
847.231	364.06
847.615	436.24
847.998	317.5
848.382	378.03
848.765	392
849.149	396.66
849.532	385.02
849.916	364.06
850.299	445.55
850.682	443.22
851.065	385.02
851.448	350.1
851.831	359.41
852.214	389.67
852.597	454.86
852.98	475.81
853.363	375.7
853.745	324.49
854.128	385.02
854.51	375.7
854.893	387.35
855.275	401.31
855.658	371.05
856.04	401.31
856.422	378.03
856.804	403.64
857.186	401.31
857.568	394.33
857.95	373.38
858.332	389.67
858.714	387.35
859.096	270.94
859.477	415.28
859.859	359.41
860.24	482.8
860.622	440.89
861.003	303.53
861.385	403.64
861.766	394.33
862.147	361.74
862.528	424.6
862.909	389.67
863.29	387.35
863.671	368.72
864.052	357.08
864.433	394.33
864.814	403.64
865.194	394.33
865.575	482.8
865.955	429.25
866.336	396.66
866.716	364.06
867.097	419.94
867.477	436.24
867.857	368.72
868.237	408.3
868.617	373.38
868.997	410.63
869.377	352.42
869.757	385.02
870.137	324.49
870.517	359.41
870.896	419.94
871.276	347.77
871.655	405.97
872.035	352.42
872.414	375.7
872.794	373.38
873.173	382.69
873.552	380.36
873.931	403.64
874.31	378.03
874.689	401.31
875.068	410.63
875.447	398.99
875.826	359.41
876.205	440.89
876.583	354.75
876.962	466.5
877.341	459.52
877.719	408.3
878.097	340.78
878.476	429.25
878.854	350.1
879.232	350.1
879.61	403.64
879.988	426.92
880.366	373.38
880.744	445.55
881.122	366.39
881.5	373.38
881.878	347.77
882.255	396.66
882.633	375.7
883.011	419.94
883.388	387.35
883.765	387.35
884.143	394.33
884.52	359.41
884.897	410.63
885.274	357.08
885.651	315.17
886.028	345.44
886.405	385.02
886.782	461.85
887.159	396.66
887.536	398.99
887.912	350.1
888.289	350.1
888.665	338.45
889.042	431.58
889.418	412.96
889.794	398.99
890.171	310.52
890.547	429.25
890.923	405.97
891.299	415.28
891.675	371.05
892.051	438.56
892.427	415.28
892.803	380.36
893.178	310.52
893.554	361.74
893.929	331.47
894.305	436.24
894.68	361.74
895.056	378.03
895.431	394.33
895.806	440.89
896.181	371.05
896.557	343.11
896.932	431.58
897.307	447.88
897.681	419.94
898.056	385.02
898.431	343.11
898.806	396.66
899.18	294.22
899.555	410.63
899.929	364.06
900.304	412.96
900.678	343.11
901.052	352.42
901.427	424.6
901.801	433.91
902.175	461.85
902.549	412.96
902.923	361.74
903.297	417.61
903.67	329.14
904.044	347.77
904.418	452.53
904.791	394.33
905.165	445.55
905.538	364.06
905.912	410.63
906.285	371.05
906.658	419.94
907.032	412.96
907.405	401.31
907.778	382.69
908.151	403.64
908.524	336.13
908.896	354.75
909.269	401.31
909.642	419.94
910.015	350.1
910.387	368.72
910.76	438.56
911.132	378.03
911.504	368.72
911.877	380.36
912.249	385.02
912.621	378.03
912.993	408.3
913.365	412.96
913.737	403.64
914.109	322.16
914.481	426.92
914.853	296.55
915.224	424.6
915.596	364.06
915.968	352.42
916.339	445.55
916.71	305.86
917.082	371.05
917.453	378.03
917.824	398.99
918.195	347.77
918.566	375.7
918.937	408.3
919.308	343.11
919.679	417.61
920.05	392
920.421	382.69
920.791	389.67
921.162	436.24
921.532	371.05
921.903	373.38
922.273	387.35
922.644	385.02
923.014	375.7
923.384	408.3
923.754	429.25
924.124	454.86
924.494	359.41
924.864	494.44
925.234	417.61
925.604	424.6
925.973	389.67
926.343	366.39
926.712	419.94
927.082	389.67
927.451	366.39
927.821	450.21
928.19	410.63
928.559	429.25
928.928	398.99
929.297	401.31
929.666	382.69
930.035	373.38
930.404	433.91
930.773	347.77
931.142	405.97
931.51	350.1
931.879	359.41
932.247	412.96
932.616	424.6
932.984	426.92
933.353	436.24
933.721	380.36
934.089	345.44
934.457	385.02
934.825	431.58
935.193	287.24
935.561	352.42
935.929	433.91
936.296	410.63
936.664	424.6
937.032	347.77
937.399	343.11
937.767	305.86
938.134	410.63
938.501	459.52
938.869	461.85
939.236	440.89
939.603	361.74
939.97	401.31
940.337	410.63
940.704	398.99
941.071	424.6
941.438	366.39
941.804	396.66
942.171	345.44
942.538	394.33
942.904	347.77
943.27	401.31
943.637	403.64
944.003	373.38
944.369	373.38
944.735	461.85
945.102	419.94
945.468	373.38
945.833	387.35
946.199	359.41
946.565	357.08
946.931	415.28
947.296	378.03
947.662	319.83
948.028	403.64
948.393	359.41
948.758	380.36
949.124	385.02
949.489	359.41
949.854	405.97
950.219	459.52
950.584	398.99
950.949	429.25
951.314	398.99
951.679	408.3
952.044	415.28
952.408	417.61
952.773	382.69
953.137	398.99
953.502	417.61
953.866	343.11
954.231	357.08
954.595	405.97
954.959	343.11
955.323	398.99
955.687	352.42
956.051	392
956.415	426.92
956.779	394.33
957.143	352.42
957.506	408.3
957.87	378.03
958.234	389.67
958.597	415.28
958.961	357.08
959.324	394.33
959.687	436.24
960.05	403.64
960.413	426.92
960.776	382.69
961.139	396.66
961.502	408.3
961.865	410.63
962.228	385.02
962.591	368.72
962.953	398.99
963.316	394.33
963.678	312.84
964.041	354.75
964.403	426.92
964.765	459.52
965.128	410.63
965.49	380.36
965.852	401.31
966.214	343.11
966.576	359.41
966.938	373.38
967.299	412.96
967.661	471.16
968.023	408.3
968.384	403.64
968.746	419.94
969.107	392
969.469	408.3
969.83	380.36
970.191	410.63
970.552	359.41
970.913	382.69
971.274	389.67
971.635	426.92
971.996	345.44
972.357	366.39
972.718	401.31
973.078	398.99
973.439	398.99
973.8	350.1
974.16	401.31
974.52	359.41
974.881	417.61
975.241	440.89
975.601	380.36
975.961	354.75
976.321	389.67
976.681	403.64
977.041	419.94
977.401	422.27
977.76	364.06
978.12	352.42
978.48	396.66
978.839	401.31
979.199	317.5
979.558	340.78
979.917	380.36
980.277	450.21
980.636	392
980.995	429.25
981.354	422.27
981.713	366.39
982.072	382.69
982.43	368.72
982.789	378.03
983.148	378.03
983.506	322.16
983.865	364.06
984.223	394.33
984.582	357.08
984.94	417.61
985.298	338.45
985.656	378.03
986.015	354.75
986.373	392
986.731	445.55
987.088	429.25
987.446	389.67
987.804	364.06
988.162	415.28
988.519	375.7
988.877	326.81
989.234	389.67
989.591	359.41
989.949	315.17
990.306	392
990.663	326.81
991.02	403.64
991.377	380.36
991.734	403.64
992.091	438.56
992.448	457.19
992.805	392
993.161	361.74
993.518	419.94
993.874	382.69
994.231	387.35
994.587	471.16
994.943	352.42
995.3	308.19
995.656	382.69
996.012	403.64
996.368	375.7
996.724	352.42
997.08	396.66
997.435	419.94
997.791	336.13
998.147	401.31
998.502	347.77
998.858	394.33
999.213	419.94
999.569	359.41
999.924	424.6
1000.279	401.31
1000.634	424.6
1000.989	429.25
1001.344	501.42
1001.699	464.17
1002.054	424.6
1002.409	422.27
1002.764	410.63
1003.118	403.64
1003.473	385.02
1003.827	375.7
1004.182	396.66
1004.536	410.63
1004.89	447.88
1005.245	387.35
1005.599	410.63
1005.953	403.64
1006.307	368.72
1006.661	415.28
1007.015	398.99
1007.368	373.38
1007.722	438.56
1008.076	389.67
1008.429	361.74
1008.783	375.7
1009.136	382.69
1009.489	405.97
1009.843	366.39
1010.196	385.02
1010.549	401.31
1010.902	382.69
1011.255	436.24
1011.608	405.97
1011.961	336.13
1012.313	424.6
1012.666	368.72
1013.019	389.67
1013.371	371.05
1013.724	350.1
1014.076	436.24
1014.428	403.64
1014.781	347.77
1015.133	347.77
1015.485	394.33
1015.837	408.3
1016.189	410.63
1016.541	396.66
1016.893	382.69
1017.244	480.47
1017.596	408.3
1017.947	433.91
1018.299	329.14
1018.65	424.6
1019.002	422.27
1019.353	422.27
1019.704	408.3
1020.055	433.91
1020.407	389.67
1020.758	382.69
1021.108	452.53
1021.459	380.36
1021.81	380.36
1022.161	329.14
1022.511	401.31
1022.862	394.33
1023.213	445.55
1023.563	412.96
1023.913	433.91
1024.264	429.25
1024.614	392
1024.964	403.64
1025.314	387.35
1025.664	375.7
1026.014	354.75
1026.364	368.72
1026.713	364.06
1027.063	426.92
1027.413	368.72
1027.762	401.31
1028.112	329.14
1028.461	364.06
1028.81	426.92
1029.16	371.05
1029.509	345.44
1029.858	410.63
1030.207	354.75
1030.556	385.02
1030.905	412.96
1031.254	433.91
1031.602	382.69
1031.951	373.38
1032.3	387.35
1032.648	345.44
1032.996	345.44
1033.345	345.44
