187.879	-20.52
188.346	-20.52
188.813	-20.52
189.28	-29.83
189.747	-67.08
190.214	-55.44
190.681	-104.33
191.148	-176.5
191.614	-41.47
192.081	-55.44
192.548	-18.19
193.014	-36.81
193.481	-27.5
193.948	30.7
194.414	-22.84
194.881	88.91
195.347	47
195.813	28.37
196.28	40.02
196.746	165.73
197.212	137.8
197.678	135.47
198.145	191.34
198.611	137.8
199.077	182.03
199.543	279.81
200.009	226.27
200.475	277.49
200.941	354.31
201.407	324.05
201.873	265.85
202.338	407.86
202.804	354.31
203.27	321.72
203.735	391.57
204.201	328.71
204.667	386.91
205.132	331.03
205.598	412.52
206.063	461.41
206.529	361.3
206.994	398.55
207.459	417.17
207.925	398.55
208.39	365.96
208.855	466.07
209.32	363.63
209.785	405.53
210.25	377.6
210.715	440.46
211.18	419.5
211.645	452.1
212.11	365.96
212.575	407.86
213.04	277.49
213.504	419.5
213.969	342.67
214.434	375.27
214.899	307.75
215.363	377.6
215.828	363.63
216.292	400.88
216.757	356.64
217.221	368.28
217.685	645.33
218.15	484.69
218.614	368.28
219.078	379.92
219.542	314.74
220.007	361.3
220.471	386.91
220.935	319.39
221.399	405.53
221.863	419.5
222.327	372.94
222.791	389.24
223.254	403.21
223.718	328.71
224.182	345
224.646	331.03
225.109	298.44
225.573	328.71
226.037	338.02
226.5	298.44
226.964	361.3
227.427	349.66
227.89	403.21
228.354	393.89
228.817	400.88
229.28	303.1
229.744	342.67
230.207	356.64
230.67	421.83
231.133	386.91
231.596	375.27
232.059	424.16
232.522	347.33
232.985	365.96
233.448	338.02
233.911	328.71
234.374	370.61
234.836	426.49
235.299	375.27
235.762	459.08
236.224	407.86
236.687	475.38
237.149	358.97
237.612	342.67
238.074	300.77
238.537	414.85
238.999	405.53
239.461	389.24
239.924	377.6
240.386	356.64
240.848	398.55
241.31	365.96
241.772	326.38
242.234	426.49
242.696	342.67
243.158	335.69
243.62	361.3
244.082	466.07
244.544	386.91
245.006	349.66
245.468	410.19
245.929	470.72
246.391	400.88
246.852	393.89
247.314	435.8
247.776	372.94
248.237	375.27
248.698	372.94
249.16	421.83
249.621	358.97
250.082	372.94
250.544	389.24
251.005	410.19
251.466	389.24
251.927	365.96
252.388	391.57
252.849	377.6
253.31	354.31
253.771	391.57
254.232	370.61
254.693	405.53
255.154	365.96
255.615	382.25
256.075	382.25
256.536	442.78
256.997	384.58
257.457	384.58
257.918	419.5
258.378	419.5
258.839	379.92
259.299	384.58
259.759	333.36
260.22	382.25
260.68	414.85
261.14	386.91
261.6	417.17
262.06	349.66
262.521	372.94
262.981	365.96
263.441	384.58
263.901	391.57
264.36	412.52
264.82	377.6
265.28	487.02
265.74	426.49
266.2	303.1
266.659	286.8
267.119	384.58
267.579	421.83
268.038	489.35
268.498	356.64
268.957	405.53
269.416	384.58
269.876	379.92
270.335	398.55
270.794	379.92
271.254	393.89
271.713	417.17
272.172	410.19
272.631	405.53
273.09	461.41
273.549	379.92
274.008	391.57
274.467	400.88
274.926	379.92
275.385	403.21
275.843	377.6
276.302	447.44
276.761	424.16
277.22	377.6
277.678	454.43
278.137	421.83
278.595	372.94
279.054	398.55
279.512	426.49
279.97	433.47
280.429	375.27
280.887	442.78
281.345	414.85
281.803	335.69
282.262	407.86
282.72	435.8
283.178	421.83
283.636	435.8
284.094	424.16
284.552	405.53
285.01	456.75
285.467	384.58
285.925	368.28
286.383	445.11
286.841	426.49
287.298	419.5
287.756	445.11
288.213	426.49
288.671	386.91
289.128	447.44
289.586	424.16
290.043	442.78
290.5	424.16
290.958	412.52
291.415	345
291.872	412.52
292.329	440.46
292.786	393.89
293.243	431.14
293.7	428.82
294.157	421.83
294.614	445.11
295.071	435.8
295.528	351.99
295.985	345
296.441	286.8
296.898	396.22
297.355	396.22
297.811	326.38
298.268	410.19
298.724	405.53
299.181	389.24
299.637	440.46
300.094	428.82
300.55	368.28
301.006	314.74
301.462	433.47
301.919	389.24
302.375	410.19
302.831	412.52
303.287	400.88
303.743	431.14
304.199	400.88
304.655	386.91
305.11	407.86
305.566	377.6
306.022	454.43
306.478	438.13
306.933	477.71
307.389	424.16
307.845	389.24
308.3	377.6
308.756	317.06
309.211	398.55
309.666	403.21
310.122	358.97
310.577	384.58
311.032	405.53
311.487	470.72
311.943	403.21
312.398	454.43
312.853	389.24
313.308	379.92
313.763	347.33
314.218	431.14
314.672	386.91
315.127	386.91
315.582	424.16
316.037	440.46
316.492	342.67
316.946	435.8
317.401	310.08
317.855	398.55
318.31	407.86
318.764	442.78
319.219	335.69
319.673	398.55
320.127	414.85
320.582	480.03
321.036	417.17
321.49	363.63
321.944	400.88
322.398	421.83
322.852	338.02
323.306	368.28
323.76	358.97
324.214	396.22
324.668	412.52
325.122	445.11
325.575	463.74
326.029	445.11
326.483	440.46
326.936	487.02
327.39	382.25
327.843	419.5
328.297	410.19
328.75	370.61
329.204	389.24
329.657	466.07
330.11	400.88
330.564	424.16
331.017	410.19
331.47	452.1
331.923	424.16
332.376	396.22
332.829	412.52
333.282	396.22
333.735	351.99
334.188	407.86
334.641	417.17
335.093	347.33
335.546	384.58
335.999	470.72
336.451	414.85
336.904	442.78
337.356	314.74
337.809	431.14
338.261	365.96
338.714	417.17
339.166	398.55
339.618	438.13
340.07	407.86
340.523	421.83
340.975	391.57
341.427	349.66
341.879	391.57
342.331	405.53
342.783	389.24
343.235	428.82
343.687	412.52
344.138	396.22
344.59	440.46
345.042	461.41
345.494	424.16
345.945	421.83
346.397	389.24
346.848	500.99
347.3	356.64
347.751	445.11
348.203	389.24
348.654	345
349.105	368.28
349.556	421.83
350.008	466.07
350.459	480.03
350.91	428.82
351.361	468.39
351.812	459.08
352.263	424.16
352.714	421.83
353.165	419.5
353.615	463.74
354.066	412.52
354.517	403.21
354.968	454.43
355.418	419.5
355.869	345
356.319	403.21
356.77	477.71
357.22	419.5
357.671	400.88
358.121	456.75
358.571	421.83
359.021	440.46
359.472	470.72
359.922	475.38
360.372	372.94
360.822	412.52
361.272	431.14
361.722	454.43
362.172	396.22
362.622	438.13
363.071	496.33
363.521	412.52
363.971	382.25
364.42	440.46
364.87	410.19
365.32	505.64
365.769	468.39
366.219	433.47
366.668	421.83
367.117	419.5
367.567	421.83
368.016	468.39
368.465	505.64
368.914	449.77
369.363	414.85
369.812	412.52
370.261	505.64
370.71	500.99
371.159	468.39
371.608	463.74
372.057	519.61
372.506	552.21
372.955	591.79
373.403	594.11
373.852	680.26
374.301	577.82
374.749	673.27
375.198	682.58
375.646	633.69
376.094	675.6
376.543	903.76
376.991	896.77
377.439	780.37
377.887	978.26
378.336	1083.02
378.784	1145.88
379.232	1255.31
379.68	1322.82
380.128	1481.14
380.576	1632.47
381.023	1816.39
381.471	1988.67
381.919	2179.58
382.367	2356.52
382.814	2600.98
383.262	2868.71
383.71	3243.54
384.157	3543.88
384.605	4000.19
385.052	4463.49
385.499	5029.23
385.947	5529.78
386.394	6083.88
386.841	6847.52
387.288	7732.21
387.735	8344.51
388.182	9443.4
388.63	10335.08
389.076	11387.4
389.523	13077.64
389.97	14434.95
390.417	15557.11
390.864	17144.91
391.311	19040.02
391.757	21077.15
392.204	22881.46
392.651	25225.91
393.097	27314.25
393.544	29672.67
393.99	31893.72
394.436	33437.28
394.883	36040.15
395.329	37991.13
395.775	39162.19
396.221	40249.44
396.668	40763.96
397.114	41315.73
397.56	40670.83
398.006	40289.01
398.452	38363.64
398.897	37378.83
399.343	34962.21
399.789	32713.23
400.235	30371.11
400.681	28452.72
401.126	25931.33
401.572	23670.7
402.017	21987.45
402.463	20080.7
402.908	18925.94
403.354	17640.8
403.799	16604.78
404.244	15342.92
404.689	14595.59
405.135	14157.9
405.58	13622.42
406.025	12777.31
406.47	12607.35
406.915	12048.6
407.36	11615.56
407.805	11045.16
408.25	10942.73
408.694	10258.25
409.139	9685.53
409.584	9157.04
410.029	8768.24
410.473	8102.39
410.918	7564.58
411.362	7185.1
411.807	6577.45
412.251	6144.42
412.695	5723.02
413.14	5189.88
413.584	4798.75
414.028	4607.84
414.472	4386.66
414.916	4016.49
415.36	3830.24
415.804	3569.49
416.248	3357.62
416.692	3231.9
417.136	2954.85
417.58	2838.45
418.024	2801.2
418.467	2633.57
418.911	2552.09
419.355	2358.85
419.798	2375.15
420.242	2179.58
420.685	2114.39
421.128	2011.96
421.572	2060.85
422.015	1830.36
422.458	1741.89
422.902	1704.64
423.345	1718.61
423.788	1548.65
424.231	1436.9
424.674	1443.89
425.117	1327.48
425.56	1269.28
426.003	1190.12
426.445	1129.59
426.888	1062.07
427.331	1110.96
427.773	1022.49
428.216	936.35
428.659	957.3
429.101	936.35
429.543	892.12
429.986	847.88
430.428	757.08
430.87	847.88
431.313	803.65
431.755	861.85
432.197	754.76
432.639	719.83
433.081	708.19
433.523	654.65
433.965	701.21
434.407	647.66
434.849	724.49
435.291	596.44
435.732	594.11
436.174	649.99
436.616	580.15
437.057	582.47
437.499	647.66
437.94	498.66
438.382	554.54
438.823	505.64
439.264	561.52
439.706	519.61
440.147	584.8
440.588	547.55
441.029	459.08
441.47	584.8
441.911	494
442.352	531.25
442.793	480.03
443.234	542.89
443.675	494
444.116	442.78
444.556	507.97
444.997	477.71
445.438	496.33
445.878	512.63
446.319	468.39
446.759	477.71
447.199	477.71
447.64	445.11
448.08	438.13
448.52	463.74
448.961	500.99
449.401	505.64
449.841	414.85
450.281	480.03
450.721	489.35
451.161	456.75
451.601	500.99
452.041	421.83
452.48	356.64
452.92	431.14
453.36	428.82
453.799	438.13
454.239	473.05
454.679	459.08
455.118	417.17
455.557	424.16
455.997	466.07
456.436	466.07
456.875	431.14
457.315	442.78
457.754	393.89
458.193	526.6
458.632	438.13
459.071	468.39
459.51	375.27
459.949	477.71
460.388	435.8
460.827	405.53
461.265	403.21
461.704	473.05
462.143	468.39
462.581	470.72
463.02	403.21
463.458	440.46
463.897	414.85
464.335	421.83
464.774	407.86
465.212	421.83
465.65	449.77
466.088	454.43
466.527	407.86
466.965	442.78
467.403	421.83
467.841	370.61
468.279	358.97
468.716	428.82
469.154	426.49
469.592	459.08
470.03	442.78
470.467	417.17
470.905	428.82
471.343	382.25
471.78	435.8
472.218	445.11
472.655	470.72
473.092	466.07
473.53	484.69
473.967	410.19
474.404	414.85
474.841	445.11
475.278	438.13
475.716	484.69
476.153	377.6
476.589	407.86
477.026	386.91
477.463	419.5
477.9	400.88
478.337	384.58
478.773	503.32
479.21	379.92
479.647	461.41
480.083	419.5
480.52	421.83
480.956	405.53
481.392	466.07
481.829	454.43
482.265	405.53
482.701	491.68
483.137	463.74
483.574	433.47
484.01	461.41
484.446	417.17
484.882	410.19
485.317	405.53
485.753	449.77
486.189	417.17
486.625	526.6
487.061	452.1
487.496	370.61
487.932	491.68
488.367	475.38
488.803	435.8
489.238	463.74
489.674	354.31
490.109	433.47
490.544	447.44
490.979	428.82
491.415	424.16
491.85	400.88
492.285	491.68
492.72	438.13
493.155	410.19
493.59	431.14
494.024	456.75
494.459	396.22
494.894	447.44
495.329	424.16
495.763	426.49
496.198	447.44
496.632	426.49
497.067	363.63
497.501	412.52
497.936	414.85
498.37	419.5
498.804	410.19
499.238	484.69
499.673	449.77
500.107	379.92
500.541	447.44
500.975	400.88
501.409	410.19
501.843	417.17
502.277	452.1
502.71	391.57
503.144	433.47
503.578	428.82
504.011	489.35
504.445	403.21
504.878	424.16
505.312	393.89
505.745	363.63
506.179	431.14
506.612	435.8
507.045	403.21
507.479	431.14
507.912	456.75
508.345	403.21
508.778	414.85
509.211	384.58
509.644	398.55
510.077	494
510.509	384.58
510.942	417.17
511.375	435.8
511.808	424.16
512.24	438.13
512.673	449.77
513.105	498.66
513.538	452.1
513.97	417.17
514.403	414.85
514.835	361.3
515.267	412.52
515.699	445.11
516.131	377.6
516.564	496.33
516.996	400.88
517.428	389.24
517.859	466.07
518.291	473.05
518.723	384.58
519.155	414.85
519.587	396.22
520.018	456.75
520.45	438.13
520.881	482.36
521.313	482.36
521.744	463.74
522.176	442.78
522.607	438.13
523.038	442.78
523.47	340.35
523.901	400.88
524.332	412.52
524.763	442.78
525.194	403.21
525.625	393.89
526.056	400.88
526.487	426.49
526.917	440.46
527.348	431.14
527.779	435.8
528.21	470.72
528.64	424.16
529.071	365.96
529.501	421.83
529.932	414.85
530.362	440.46
530.792	370.61
531.222	379.92
531.653	487.02
532.083	463.74
532.513	477.71
532.943	466.07
533.373	400.88
533.803	454.43
534.233	466.07
534.663	431.14
535.092	438.13
535.522	526.6
535.952	461.41
536.381	503.32
536.811	431.14
537.24	428.82
537.67	417.17
538.099	361.3
538.529	461.41
538.958	426.49
539.387	372.94
539.816	438.13
540.245	424.16
540.674	477.71
541.103	372.94
541.532	419.5
541.961	349.66
542.39	459.08
542.819	361.3
543.248	340.35
543.676	372.94
544.105	365.96
544.534	417.17
544.962	461.41
545.391	426.49
545.819	484.69
546.247	398.55
546.676	442.78
547.104	389.24
547.532	396.22
547.96	452.1
548.388	400.88
548.816	463.74
549.244	452.1
549.672	449.77
550.1	440.46
550.528	419.5
550.956	386.91
551.383	417.17
551.811	403.21
552.238	407.86
552.666	447.44
553.094	421.83
553.521	349.66
553.948	412.52
554.376	461.41
554.803	386.91
555.23	445.11
555.657	440.46
556.084	421.83
556.511	510.3
556.938	356.64
557.365	438.13
557.792	454.43
558.219	477.71
558.646	354.31
559.072	431.14
559.499	405.53
559.926	349.66
560.352	407.86
560.779	480.03
561.205	412.52
561.632	384.58
562.058	398.55
562.484	391.57
562.91	421.83
563.337	393.89
563.763	379.92
564.189	419.5
564.615	433.47
565.041	454.43
565.466	361.3
565.892	475.38
566.318	428.82
566.744	412.52
567.169	400.88
567.595	391.57
568.021	438.13
568.446	433.47
568.872	417.17
569.297	368.28
569.722	452.1
570.148	447.44
570.573	370.61
570.998	405.53
571.423	375.27
571.848	412.52
572.273	494
572.698	480.03
573.123	407.86
573.548	403.21
573.973	454.43
574.397	354.31
574.822	426.49
575.247	452.1
575.671	435.8
576.096	386.91
576.52	456.75
576.944	382.25
577.369	440.46
577.793	414.85
578.217	435.8
578.641	424.16
579.065	438.13
579.49	407.86
579.914	449.77
580.337	456.75
580.761	431.14
581.185	433.47
581.609	452.1
582.033	398.55
582.456	442.78
582.88	412.52
583.303	403.21
583.727	398.55
584.15	480.03
584.574	375.27
584.997	407.86
585.42	393.89
585.844	377.6
586.267	445.11
586.69	407.86
587.113	405.53
587.536	379.92
587.959	389.24
588.382	386.91
588.804	438.13
589.227	351.99
589.65	391.57
590.073	414.85
590.495	435.8
590.918	405.53
591.34	470.72
591.763	419.5
592.185	426.49
592.607	414.85
593.03	431.14
593.452	407.86
593.874	484.69
594.296	400.88
594.718	361.3
595.14	333.36
595.562	428.82
595.984	480.03
596.406	484.69
596.827	410.19
597.249	475.38
597.671	456.75
598.092	417.17
598.514	428.82
598.935	452.1
599.357	424.16
599.778	419.5
600.199	414.85
600.621	372.94
601.042	407.86
601.463	468.39
601.884	466.07
602.305	384.58
602.726	382.25
603.147	414.85
603.568	431.14
603.988	391.57
604.409	435.8
604.83	419.5
605.25	393.89
605.671	426.49
606.092	456.75
606.512	358.97
606.932	410.19
607.353	407.86
607.773	317.06
608.193	526.6
608.613	477.71
609.034	466.07
609.454	419.5
609.874	368.28
610.293	463.74
610.713	426.49
611.133	372.94
611.553	433.47
611.973	412.52
612.392	442.78
612.812	419.5
613.231	382.25
613.651	440.46
614.07	356.64
614.49	403.21
614.909	372.94
615.328	428.82
615.747	435.8
616.167	426.49
616.586	426.49
617.005	377.6
617.424	470.72
617.843	414.85
618.261	410.19
618.68	368.28
619.099	407.86
619.518	398.55
619.936	398.55
620.355	358.97
620.773	468.39
621.192	452.1
621.61	386.91
622.029	489.35
622.447	468.39
622.865	370.61
623.283	412.52
623.701	375.27
624.119	412.52
624.537	393.89
624.955	340.35
625.373	398.55
625.791	398.55
626.209	440.46
626.627	477.71
627.044	393.89
627.462	377.6
627.879	391.57
628.297	338.02
628.714	407.86
629.132	440.46
629.549	440.46
629.966	377.6
630.383	421.83
630.8	382.25
631.217	398.55
631.634	389.24
632.051	384.58
632.468	491.68
632.885	475.38
633.302	396.22
633.719	410.19
634.135	491.68
634.552	386.91
634.969	452.1
635.385	435.8
635.801	349.66
636.218	414.85
636.634	407.86
637.05	440.46
637.467	466.07
637.883	384.58
638.299	449.77
638.715	531.25
639.131	477.71
639.547	428.82
639.963	384.58
640.378	440.46
640.794	349.66
641.21	412.52
641.626	438.13
642.041	454.43
642.457	454.43
642.872	389.24
643.287	473.05
643.703	410.19
644.118	386.91
644.533	391.57
644.948	419.5
645.364	326.38
645.779	391.57
646.194	454.43
646.609	368.28
647.023	433.47
647.438	410.19
647.853	428.82
648.268	428.82
648.682	412.52
649.097	393.89
649.511	345
649.926	396.22
650.34	345
650.755	431.14
651.169	393.89
651.583	442.78
651.997	398.55
652.411	428.82
652.825	389.24
653.239	421.83
653.653	473.05
654.067	354.31
654.481	442.78
654.895	447.44
655.309	361.3
655.722	368.28
656.136	433.47
656.549	398.55
656.963	433.47
657.376	386.91
657.79	431.14
658.203	328.71
658.616	447.44
659.029	407.86
659.442	412.52
659.855	440.46
660.268	398.55
660.681	480.03
661.094	489.35
661.507	375.27
661.92	412.52
662.333	424.16
662.745	361.3
663.158	417.17
663.57	445.11
663.983	435.8
664.395	389.24
664.808	419.5
665.22	452.1
665.632	475.38
666.044	382.25
666.456	410.19
666.868	452.1
667.28	426.49
667.692	433.47
668.104	349.66
668.516	438.13
668.928	393.89
669.34	400.88
669.751	361.3
670.163	417.17
670.574	424.16
670.986	407.86
671.397	400.88
671.809	396.22
672.22	377.6
672.631	365.96
673.042	363.63
673.453	456.75
673.864	473.05
674.275	421.83
674.686	407.86
675.097	456.75
675.508	461.41
675.919	424.16
676.33	342.67
676.74	386.91
677.151	438.13
677.561	417.17
677.972	463.74
678.382	405.53
678.792	351.99
679.203	405.53
679.613	331.03
680.023	400.88
680.433	417.17
680.843	466.07
681.253	449.77
681.663	403.21
682.073	424.16
682.483	442.78
682.893	368.28
683.302	403.21
683.712	342.67
684.122	426.49
684.531	370.61
684.94	365.96
685.35	333.36
685.759	400.88
686.168	349.66
686.578	345
686.987	440.46
687.396	461.41
687.805	447.44
688.214	365.96
688.623	466.07
689.032	407.86
689.44	328.71
689.849	480.03
690.258	431.14
690.666	433.47
691.075	433.47
691.484	361.3
691.892	407.86
692.3	417.17
692.709	347.33
693.117	347.33
693.525	377.6
693.933	424.16
694.341	372.94
694.749	417.17
695.157	389.24
695.565	426.49
695.973	449.77
696.381	456.75
696.788	447.44
697.196	345
697.604	424.16
698.011	482.36
698.419	447.44
698.826	405.53
699.234	424.16
699.641	417.17
700.048	410.19
700.455	414.85
700.862	421.83
701.269	431.14
701.676	340.35
702.083	396.22
702.49	468.39
702.897	435.8
703.304	440.46
703.71	412.52
704.117	440.46
704.524	379.92
704.93	405.53
705.337	435.8
705.743	417.17
706.149	384.58
706.556	461.41
706.962	435.8
707.368	512.63
707.774	345
708.18	412.52
708.586	407.86
708.992	340.35
709.398	372.94
709.804	349.66
710.209	347.33
710.615	372.94
711.021	361.3
711.426	419.5
711.832	431.14
712.237	370.61
712.642	382.25
713.048	452.1
713.453	386.91
713.858	407.86
714.263	396.22
714.668	456.75
715.073	445.11
715.478	431.14
715.883	419.5
716.288	477.71
716.693	405.53
717.097	312.41
717.502	417.17
717.906	331.03
718.311	403.21
718.715	375.27
719.12	351.99
719.524	382.25
719.928	347.33
720.333	477.71
720.737	365.96
721.141	419.5
721.545	456.75
721.949	398.55
722.353	365.96
722.757	407.86
723.16	438.13
723.564	377.6
723.968	372.94
724.371	370.61
724.775	363.63
725.178	358.97
725.582	398.55
725.985	405.53
726.388	358.97
726.792	400.88
727.195	491.68
727.598	442.78
728.001	431.14
728.404	393.89
728.807	456.75
729.21	414.85
729.612	421.83
730.015	328.71
730.418	356.64
730.82	414.85
731.223	375.27
731.625	324.05
732.028	417.17
732.43	379.92
732.833	417.17
733.235	379.92
733.637	377.6
734.039	424.16
734.441	372.94
734.843	386.91
735.245	400.88
735.647	426.49
736.049	403.21
736.451	382.25
736.852	393.89
737.254	377.6
737.655	452.1
738.057	389.24
738.458	428.82
738.86	421.83
739.261	417.17
739.662	426.49
740.064	372.94
740.465	452.1
740.866	431.14
741.267	377.6
741.668	419.5
742.069	326.38
742.469	347.33
742.87	431.14
743.271	370.61
743.672	363.63
744.072	405.53
744.473	398.55
744.873	389.24
745.274	475.38
745.674	424.16
746.074	361.3
746.474	424.16
746.875	321.72
747.275	358.97
747.675	389.24
748.075	419.5
748.474	417.17
748.874	384.58
749.274	384.58
749.674	368.28
750.073	396.22
750.473	386.91
750.873	412.52
751.272	333.36
751.671	440.46
752.071	361.3
752.47	421.83
752.869	324.05
753.268	400.88
753.668	417.17
754.067	433.47
754.466	328.71
754.864	354.31
755.263	396.22
755.662	428.82
756.061	393.89
756.459	412.52
756.858	405.53
757.257	412.52
757.655	368.28
758.053	365.96
758.452	365.96
758.85	417.17
759.248	389.24
759.646	407.86
760.045	393.89
760.443	407.86
760.841	368.28
761.238	517.29
761.636	433.47
762.034	435.8
762.432	405.53
762.829	449.77
763.227	449.77
763.625	445.11
764.022	382.25
764.419	384.58
764.817	356.64
765.214	389.24
765.611	507.97
766.008	400.88
766.406	351.99
766.803	379.92
767.199	428.82
767.596	440.46
767.993	498.66
768.39	349.66
768.787	312.41
769.183	410.19
769.58	431.14
769.977	333.36
770.373	412.52
770.769	496.33
771.166	372.94
771.562	445.11
771.958	396.22
772.354	421.83
772.75	412.52
773.146	372.94
773.542	414.85
773.938	417.17
774.334	361.3
774.73	319.39
775.126	391.57
775.521	393.89
775.917	345
776.312	386.91
776.708	375.27
777.103	433.47
777.499	342.67
777.894	377.6
778.289	445.11
778.684	384.58
779.079	375.27
779.474	456.75
779.869	407.86
780.264	358.97
780.659	426.49
781.054	393.89
781.448	470.72
781.843	442.78
782.238	389.24
782.632	368.28
783.027	500.99
783.421	445.11
783.815	417.17
784.21	368.28
784.604	338.02
784.998	386.91
785.392	372.94
785.786	414.85
786.18	431.14
786.574	379.92
786.968	384.58
787.361	368.28
787.755	370.61
788.149	361.3
788.542	405.53
788.936	389.24
789.329	351.99
789.722	433.47
790.116	382.25
790.509	431.14
790.902	470.72
791.295	326.38
791.688	328.71
792.081	391.57
792.474	393.89
792.867	384.58
793.26	414.85
793.653	421.83
794.045	396.22
794.438	398.55
794.83	417.17
795.223	379.92
795.615	407.86
796.008	407.86
796.4	428.82
796.792	414.85
797.184	428.82
797.576	363.63
797.968	438.13
798.36	428.82
798.752	435.8
799.144	349.66
799.536	419.5
799.928	372.94
800.319	391.57
800.711	377.6
801.102	431.14
801.494	456.75
801.885	414.85
802.276	382.25
802.668	482.36
803.059	375.27
803.45	386.91
803.841	477.71
804.232	400.88
804.623	363.63
805.014	407.86
805.405	356.64
805.795	435.8
806.186	428.82
806.577	396.22
806.967	335.69
807.358	491.68
807.748	349.66
808.139	447.44
808.529	398.55
808.919	396.22
809.309	358.97
809.699	347.33
810.089	419.5
810.479	410.19
810.869	375.27
811.259	351.99
811.649	463.74
812.039	526.6
812.428	368.28
812.818	384.58
813.207	377.6
813.597	405.53
813.986	347.33
814.376	379.92
814.765	445.11
815.154	445.11
815.543	398.55
815.932	407.86
816.321	372.94
816.71	363.63
817.099	335.69
817.488	382.25
817.877	424.16
818.265	433.47
818.654	368.28
819.043	358.97
819.431	400.88
819.819	445.11
820.208	426.49
820.596	361.3
820.984	421.83
821.372	405.53
821.761	354.31
822.149	438.13
822.537	382.25
822.924	347.33
823.312	384.58
823.7	489.35
824.088	410.19
824.475	410.19
824.863	398.55
825.251	407.86
825.638	389.24
826.025	428.82
826.413	368.28
826.8	470.72
827.187	377.6
827.574	382.25
827.961	414.85
828.348	375.27
828.735	403.21
829.122	389.24
829.509	414.85
829.896	412.52
830.282	445.11
830.669	347.33
831.055	433.47
831.442	487.02
831.828	403.21
832.215	358.97
832.601	365.96
832.987	356.64
833.373	393.89
833.759	342.67
834.145	398.55
834.531	370.61
834.917	365.96
835.303	356.64
835.689	396.22
836.074	340.35
836.46	345
836.846	370.61
837.231	403.21
837.617	347.33
838.002	454.43
838.387	372.94
838.772	363.63
839.158	389.24
839.543	398.55
839.928	377.6
840.313	410.19
840.698	447.44
841.082	345
841.467	382.25
841.852	389.24
842.237	433.47
842.621	368.28
843.006	377.6
843.39	405.53
843.774	386.91
844.159	375.27
844.543	333.36
844.927	375.27
845.311	431.14
845.695	426.49
846.079	403.21
846.463	400.88
846.847	356.64
847.231	412.52
847.615	363.63
847.998	379.92
848.382	368.28
848.765	379.92
849.149	389.24
849.532	377.6
849.916	438.13
850.299	398.55
850.682	442.78
851.065	358.97
851.448	365.96
851.831	335.69
852.214	410.19
852.597	389.24
852.98	421.83
853.363	361.3
853.745	428.82
854.128	354.31
854.51	419.5
854.893	421.83
855.275	331.03
855.658	345
856.04	410.19
856.422	433.47
856.804	379.92
857.186	379.92
857.568	410.19
857.95	363.63
858.332	398.55
858.714	391.57
859.096	447.44
859.477	433.47
859.859	386.91
860.24	498.66
860.622	321.72
861.003	452.1
861.385	375.27
861.766	398.55
862.147	379.92
862.528	477.71
862.909	370.61
863.29	431.14
863.671	368.28
864.052	428.82
864.433	393.89
864.814	438.13
865.194	398.55
865.575	407.86
865.955	405.53
866.336	305.42
866.716	428.82
867.097	335.69
867.477	382.25
867.857	365.96
868.237	358.97
868.617	405.53
868.997	335.69
869.377	400.88
869.757	426.49
870.137	347.33
870.517	468.39
870.896	400.88
871.276	419.5
871.655	433.47
872.035	417.17
872.414	426.49
872.794	428.82
873.173	424.16
873.552	398.55
873.931	414.85
874.31	377.6
874.689	438.13
875.068	435.8
875.447	424.16
875.826	417.17
876.205	393.89
876.583	396.22
876.962	368.28
877.341	384.58
877.719	442.78
878.097	356.64
878.476	421.83
878.854	365.96
879.232	417.17
879.61	393.89
879.988	370.61
880.366	445.11
880.744	389.24
881.122	368.28
881.5	440.46
881.878	372.94
882.255	405.53
882.633	382.25
883.011	454.43
883.388	347.33
883.765	382.25
884.143	361.3
884.52	405.53
884.897	382.25
885.274	393.89
885.651	428.82
886.028	391.57
886.405	370.61
886.782	456.75
887.159	305.42
887.536	386.91
887.912	354.31
888.289	386.91
888.665	372.94
889.042	442.78
889.418	403.21
889.794	377.6
890.171	398.55
890.547	391.57
890.923	403.21
891.299	379.92
891.675	324.05
892.051	419.5
892.427	363.63
892.803	305.42
893.178	428.82
893.554	461.41
893.929	368.28
894.305	354.31
894.68	405.53
895.056	363.63
895.431	435.8
895.806	421.83
896.181	372.94
896.557	459.08
896.932	386.91
897.307	368.28
897.681	361.3
898.056	349.66
898.431	412.52
898.806	468.39
899.18	445.11
899.555	354.31
899.929	342.67
900.304	365.96
900.678	370.61
901.052	410.19
901.427	410.19
901.801	396.22
902.175	347.33
902.549	372.94
902.923	372.94
903.297	424.16
903.67	389.24
904.044	407.86
904.418	419.5
904.791	368.28
905.165	324.05
905.538	386.91
905.912	386.91
906.285	410.19
906.658	417.17
907.032	414.85
907.405	421.83
907.778	431.14
908.151	340.35
908.524	386.91
908.896	379.92
909.269	370.61
909.642	347.33
910.015	412.52
910.387	375.27
910.76	419.5
911.132	424.16
911.504	426.49
911.877	445.11
912.249	407.86
912.621	386.91
912.993	440.46
913.365	372.94
913.737	386.91
914.109	419.5
914.481	286.8
914.853	384.58
915.224	410.19
915.596	356.64
915.968	405.53
916.339	438.13
916.71	351.99
917.082	442.78
917.453	431.14
917.824	342.67
918.195	386.91
918.566	358.97
918.937	375.27
919.308	370.61
919.679	386.91
920.05	389.24
920.421	375.27
920.791	356.64
921.162	312.41
921.532	417.17
921.903	466.07
922.273	412.52
922.644	361.3
923.014	342.67
923.384	428.82
923.754	368.28
924.124	398.55
924.494	419.5
924.864	414.85
925.234	438.13
925.604	365.96
925.973	400.88
926.343	456.75
926.712	473.05
927.082	358.97
927.451	356.64
927.821	428.82
928.19	470.72
928.559	340.35
928.928	417.17
929.297	393.89
929.666	414.85
930.035	384.58
930.404	426.49
930.773	372.94
931.142	389.24
931.51	412.52
931.879	468.39
932.247	400.88
932.616	335.69
932.984	428.82
933.353	407.86
933.721	431.14
934.089	377.6
934.457	307.75
934.825	461.41
935.193	424.16
935.561	403.21
935.929	426.49
936.296	400.88
936.664	407.86
937.032	379.92
937.399	407.86
937.767	419.5
938.134	358.97
938.501	377.6
938.869	368.28
939.236	377.6
939.603	396.22
939.97	384.58
940.337	370.61
940.704	459.08
941.071	356.64
941.438	361.3
941.804	431.14
942.171	358.97
942.538	417.17
942.904	398.55
943.27	391.57
943.637	440.46
944.003	365.96
944.369	368.28
944.735	452.1
945.102	372.94
945.468	435.8
945.833	426.49
946.199	421.83
946.565	375.27
946.931	331.03
947.296	410.19
947.662	363.63
948.028	426.49
948.393	403.21
948.758	379.92
949.124	372.94
949.489	372.94
949.854	372.94
950.219	407.86
950.584	419.5
950.949	461.41
951.314	480.03
951.679	368.28
952.044	414.85
952.408	386.91
952.773	389.24
953.137	412.52
953.502	375.27
953.866	431.14
954.231	393.89
954.595	405.53
954.959	421.83
955.323	403.21
955.687	347.33
956.051	440.46
956.415	477.71
956.779	314.74
957.143	333.36
957.506	384.58
957.87	361.3
958.234	407.86
958.597	438.13
958.961	433.47
959.324	375.27
959.687	424.16
960.05	317.06
960.413	391.57
960.776	431.14
961.139	454.43
961.502	379.92
961.865	340.35
962.228	382.25
962.591	361.3
962.953	391.57
963.316	372.94
963.678	398.55
964.041	382.25
964.403	345
964.765	386.91
965.128	368.28
965.49	382.25
965.852	400.88
966.214	391.57
966.576	375.27
966.938	468.39
967.299	368.28
967.661	349.66
968.023	452.1
968.384	365.96
968.746	426.49
969.107	407.86
969.469	361.3
969.83	351.99
970.191	417.17
970.552	391.57
970.913	405.53
971.274	456.75
971.635	456.75
971.996	391.57
972.357	354.31
972.718	421.83
973.078	340.35
973.439	354.31
973.8	414.85
974.16	396.22
974.52	347.33
974.881	412.52
975.241	368.28
975.601	398.55
975.961	351.99
976.321	407.86
976.681	431.14
977.041	403.21
977.401	433.47
977.76	419.5
978.12	428.82
978.48	314.74
978.839	300.77
979.199	398.55
979.558	382.25
979.917	358.97
980.277	410.19
980.636	356.64
980.995	424.16
981.354	428.82
981.713	417.17
982.072	391.57
982.43	449.77
982.789	398.55
983.148	372.94
983.506	442.78
983.865	405.53
984.223	393.89
984.582	312.41
984.94	386.91
985.298	412.52
985.656	365.96
986.015	468.39
986.373	356.64
986.731	412.52
987.088	445.11
987.446	389.24
987.804	417.17
988.162	398.55
988.519	421.83
988.877	419.5
989.234	438.13
989.591	358.97
989.949	386.91
990.306	431.14
990.663	410.19
991.02	345
991.377	417.17
991.734	421.83
992.091	347.33
992.448	354.31
992.805	345
993.161	363.63
993.518	500.99
993.874	389.24
994.231	456.75
994.587	419.5
994.943	368.28
995.3	377.6
995.656	414.85
996.012	466.07
996.368	424.16
996.724	417.17
997.08	454.43
997.435	361.3
997.791	377.6
998.147	403.21
998.502	368.28
998.858	498.66
999.213	377.6
999.569	421.83
999.924	449.77
1000.279	379.92
1000.634	384.58
1000.989	393.89
1001.344	389.24
1001.699	351.99
1002.054	372.94
1002.409	426.49
1002.764	365.96
1003.118	386.91
1003.473	396.22
1003.827	340.35
1004.182	382.25
1004.536	449.77
1004.89	361.3
1005.245	365.96
1005.599	375.27
1005.953	358.97
1006.307	365.96
1006.661	466.07
1007.015	426.49
1007.368	407.86
1007.722	342.67
1008.076	384.58
1008.429	326.38
1008.783	428.82
1009.136	363.63
1009.489	377.6
1009.843	393.89
1010.196	354.31
1010.549	433.47
1010.902	461.41
1011.255	403.21
1011.608	407.86
1011.961	424.16
1012.313	398.55
1012.666	384.58
1013.019	393.89
1013.371	428.82
1013.724	412.52
1014.076	354.31
1014.428	347.33
1014.781	365.96
1015.133	368.28
1015.485	398.55
1015.837	377.6
1016.189	389.24
1016.541	361.3
1016.893	421.83
1017.244	368.28
1017.596	403.21
1017.947	456.75
1018.299	391.57
1018.65	435.8
1019.002	356.64
1019.353	384.58
1019.704	428.82
1020.055	377.6
1020.407	349.66
1020.758	370.61
1021.108	389.24
1021.459	363.63
1021.81	412.52
1022.161	449.77
1022.511	382.25
1022.862	386.91
1023.213	498.66
1023.563	389.24
1023.913	421.83
1024.264	382.25
1024.614	314.74
1024.964	412.52
1025.314	489.35
1025.664	356.64
1026.014	480.03
1026.364	340.35
1026.713	403.21
1027.063	403.21
1027.413	454.43
1027.762	333.36
1028.112	379.92
1028.461	407.86
1028.81	384.58
1029.16	377.6
1029.509	377.6
1029.858	386.91
1030.207	400.88
1030.556	398.55
1030.905	417.17
1031.254	296.11
1031.602	389.24
1031.951	331.03
1032.3	354.31
1032.648	382.25
1032.996	382.25
1033.345	382.25
