187.879	-43.94
188.346	-43.94
188.813	-43.94
189.28	-67.23
189.747	-174.32
190.214	-83.52
190.681	-92.83
191.148	-55.58
191.614	-104.48
192.081	-36.96
192.548	-60.24
193.014	-32.3
193.481	-50.93
193.948	-20.66
194.414	93.42
194.881	2.62
195.347	21.24
195.813	58.49
196.28	128.34
196.746	51.51
197.212	181.89
197.678	126.01
198.145	205.17
198.611	244.75
199.077	198.18
199.543	282
200.009	277.34
200.475	275.01
200.941	335.54
201.407	293.64
201.873	344.86
202.338	314.59
202.804	263.37
203.27	340.2
203.735	412.37
204.201	414.7
204.667	393.75
205.132	428.67
205.598	403.06
206.063	451.95
206.529	403.06
206.994	428.67
207.459	428.67
207.925	405.39
208.39	384.44
208.855	372.79
209.32	419.36
209.785	405.39
210.25	365.81
210.715	447.3
211.18	442.64
211.645	396.08
212.11	449.62
212.575	428.67
213.04	428.67
213.504	375.12
213.969	356.5
214.434	354.17
214.899	456.61
215.363	451.95
215.828	456.61
216.292	400.73
216.757	442.64
217.221	405.39
217.685	486.87
218.15	344.86
218.614	405.39
219.078	342.53
219.542	393.75
220.007	400.73
220.471	377.45
220.935	389.09
221.399	426.34
221.863	419.36
222.327	386.76
222.791	468.25
223.254	468.25
223.718	333.22
224.182	358.83
224.646	370.47
225.109	340.2
225.573	363.48
226.037	417.03
226.5	286.65
226.964	407.72
227.427	375.12
227.89	330.89
228.354	347.18
228.817	463.59
229.28	300.62
229.744	386.76
230.207	412.37
230.67	386.76
231.133	384.44
231.596	354.17
232.059	347.18
232.522	386.76
232.985	403.06
233.448	349.51
233.911	293.64
234.374	316.92
234.836	347.18
235.299	396.08
235.762	356.5
236.224	491.53
236.687	386.76
237.149	335.54
237.612	337.87
238.074	377.45
238.537	393.75
238.999	375.12
239.461	363.48
239.924	344.86
240.386	300.62
240.848	372.79
241.31	363.48
241.772	414.7
242.234	400.73
242.696	354.17
243.158	302.95
243.62	354.17
244.082	370.47
244.544	368.14
245.006	391.42
245.468	342.53
245.929	414.7
246.391	356.5
246.852	379.78
247.314	312.26
247.776	440.31
248.237	389.09
248.698	330.89
249.16	435.65
249.621	337.87
250.082	470.58
250.544	398.4
251.005	426.34
251.466	361.15
251.927	344.86
252.388	361.15
252.849	342.53
253.31	454.28
253.771	286.65
254.232	354.17
254.693	398.4
255.154	417.03
255.615	463.59
256.075	370.47
256.536	377.45
256.997	370.47
257.457	389.09
257.918	463.59
258.378	361.15
258.839	379.78
259.299	393.75
259.759	365.81
260.22	454.28
260.68	342.53
261.14	375.12
261.6	433.33
262.06	437.98
262.521	370.47
262.981	444.97
263.441	400.73
263.901	314.59
264.36	344.86
264.82	389.09
265.28	426.34
265.74	391.42
266.2	482.22
266.659	386.76
267.119	417.03
267.579	370.47
268.038	377.45
268.498	444.97
268.957	342.53
269.416	468.25
269.876	384.44
270.335	351.84
270.794	458.94
271.254	389.09
271.713	433.33
272.172	419.36
272.631	449.62
273.09	386.76
273.549	417.03
274.008	444.97
274.467	363.48
274.926	419.36
275.385	407.72
275.843	435.65
276.302	398.4
276.761	433.33
277.22	372.79
277.678	389.09
278.137	361.15
278.595	407.72
279.054	342.53
279.512	400.73
279.97	403.06
280.429	417.03
280.887	370.47
281.345	384.44
281.803	414.7
282.262	349.51
282.72	384.44
283.178	472.9
283.636	400.73
284.094	291.31
284.552	375.12
285.01	428.67
285.467	351.84
285.925	456.61
286.383	465.92
286.841	507.83
287.298	428.67
287.756	454.28
288.213	433.33
288.671	363.48
289.128	398.4
289.586	437.98
290.043	347.18
290.5	444.97
290.958	419.36
291.415	389.09
291.872	396.08
292.329	405.39
292.786	435.65
293.243	470.58
293.7	421.69
294.157	407.72
294.614	431
295.071	426.34
295.528	440.31
295.985	386.76
296.441	370.47
296.898	414.7
297.355	426.34
297.811	447.3
298.268	463.59
298.724	491.53
299.181	426.34
299.637	403.06
300.094	386.76
300.55	444.97
301.006	417.03
301.462	375.12
301.919	377.45
302.375	486.87
302.831	538.09
303.287	472.9
303.743	428.67
304.199	342.53
304.655	410.04
305.11	412.37
305.566	449.62
306.022	391.42
306.478	417.03
306.933	428.67
307.389	414.7
307.845	484.55
308.3	396.08
308.756	426.34
309.211	484.55
309.666	393.75
310.122	442.64
310.577	444.97
311.032	458.94
311.487	447.3
311.943	396.08
312.398	421.69
312.853	356.5
313.308	433.33
313.763	405.39
314.218	370.47
314.672	419.36
315.127	396.08
315.582	403.06
316.037	379.78
316.492	486.87
316.946	414.7
317.401	486.87
317.855	484.55
318.31	412.37
318.764	451.95
319.219	482.22
319.673	372.79
320.127	479.89
320.582	419.36
321.036	444.97
321.49	375.12
321.944	498.51
322.398	444.97
322.852	424.01
323.306	351.84
323.76	437.98
324.214	393.75
324.668	412.37
325.122	398.4
325.575	431
326.029	465.92
326.483	428.67
326.936	484.55
327.39	496.19
327.843	405.39
328.297	493.86
328.75	428.67
329.204	400.73
329.657	442.64
330.11	435.65
330.564	419.36
331.017	437.98
331.47	437.98
331.923	477.56
332.376	482.22
332.829	456.61
333.282	386.76
333.735	419.36
334.188	428.67
334.641	458.94
335.093	456.61
335.546	407.72
335.999	349.51
336.451	512.48
336.904	405.39
337.356	414.7
337.809	375.12
338.261	472.9
338.714	433.33
339.166	477.56
339.618	393.75
340.07	410.04
340.523	510.16
340.975	431
341.427	465.92
341.879	414.7
342.331	372.79
342.783	444.97
343.235	503.17
343.687	447.3
344.138	435.65
344.59	484.55
345.042	500.84
345.494	419.36
345.945	475.23
346.397	454.28
346.848	479.89
347.3	538.09
347.751	470.58
348.203	386.76
348.654	426.34
349.105	435.65
349.556	449.62
350.008	384.44
350.459	431
350.91	491.53
351.361	500.84
351.812	433.33
352.263	517.14
352.714	484.55
353.165	449.62
353.615	463.59
354.066	482.22
354.517	444.97
354.968	447.3
355.418	437.98
355.869	510.16
356.319	500.84
356.77	458.94
357.22	447.3
357.671	442.64
358.121	407.72
358.571	472.9
359.021	489.2
359.472	493.86
359.922	496.19
360.372	440.31
360.822	486.87
361.272	458.94
361.722	437.98
362.172	498.51
362.622	493.86
363.071	372.79
363.521	489.2
363.971	475.23
364.42	403.06
364.87	400.73
365.32	456.61
365.769	472.9
366.219	521.8
366.668	461.26
367.117	540.42
367.567	442.64
368.016	505.5
368.465	465.92
368.914	463.59
369.363	465.92
369.812	468.25
370.261	447.3
370.71	489.2
371.159	472.9
371.608	526.45
372.057	586.98
372.506	526.45
372.955	584.66
373.403	584.66
373.852	705.72
374.301	628.89
374.749	589.31
375.198	612.59
375.646	756.94
376.094	808.16
376.543	775.56
376.991	847.74
377.439	952.5
377.887	1006.05
378.336	1059.6
378.784	1150.4
379.232	1224.9
379.68	1327.33
380.128	1480.99
380.576	1744.07
381.023	1790.64
381.471	1976.89
381.919	2293.52
382.367	2510.03
382.814	2659.03
383.262	3036.19
383.71	3338.85
384.157	3683.42
384.605	4174.66
385.052	4514.57
385.499	5010.46
385.947	5711.23
386.394	6204.8
386.841	6859.01
387.288	8030.07
387.735	8833.28
388.182	9676.07
388.63	10840.14
389.076	11959.98
389.523	13191.57
389.97	14846.88
390.417	16260.07
390.864	17936.33
391.311	19803.51
391.757	21947.73
392.204	24222.33
392.651	26503.91
393.097	28631.84
393.544	31409.32
393.99	33811.96
394.436	35420.71
394.883	37683.67
395.329	39292.42
395.775	41234.1
396.221	42170.01
396.668	42570.45
397.114	42537.86
397.56	41739.3
398.006	41089.75
398.452	39685.88
398.897	38004.96
399.343	35530.14
399.789	33297.44
400.235	30941.36
400.681	28638.82
401.126	25591.28
401.572	23793.95
402.017	22180.54
402.463	20341.31
402.908	18602.18
403.354	17554.52
403.799	16576.7
404.244	16024.92
404.689	14933.02
405.135	14371.94
405.58	13415.07
406.025	13084.48
406.47	12653.77
406.915	12299.89
407.36	11813.31
407.805	11368.63
408.25	11152.11
408.694	10223.18
409.139	9943.81
409.584	9347.8
410.029	8672.64
410.473	8295.48
410.918	7583.06
411.362	7229.19
411.807	6530.74
412.251	6235.07
412.695	5618.11
413.14	5308.47
413.584	4903.37
414.028	4633.3
414.472	4267.78
414.916	3869.67
415.36	3702.04
415.804	3429.65
416.248	3392.4
416.692	3189.85
417.136	2954.71
417.58	2847.61
418.024	2696.28
418.467	2714.91
418.911	2428.55
419.355	2454.16
419.798	2386.64
420.242	2260.92
420.685	2116.58
421.128	2037.42
421.572	1967.57
422.015	1937.31
422.458	1785.98
422.902	1709.15
423.345	1581.1
423.788	1480.99
424.231	1448.4
424.674	1385.54
425.117	1329.66
425.56	1245.85
426.003	1229.55
426.445	1078.22
426.888	1189.97
427.331	1054.94
427.773	1050.29
428.216	968.8
428.659	808.16
429.101	929.22
429.543	847.74
429.986	817.47
430.428	810.49
430.87	784.88
431.313	831.44
431.755	749.95
432.197	780.22
432.639	717.36
433.081	698.74
433.523	717.36
433.965	649.84
434.407	640.53
434.849	624.23
435.291	703.39
435.732	586.98
436.174	649.84
436.616	575.34
437.057	591.64
437.499	631.22
437.94	540.42
438.382	542.75
438.823	603.28
439.264	556.72
439.706	603.28
440.147	568.36
440.588	600.95
441.029	505.5
441.47	505.5
441.911	598.62
442.352	545.08
442.793	458.94
443.234	503.17
443.675	493.86
444.116	456.61
444.556	528.78
444.997	451.95
445.438	521.8
445.878	465.92
446.319	461.26
446.759	486.87
447.199	463.59
447.64	465.92
448.08	512.48
448.52	454.28
448.961	447.3
449.401	486.87
449.841	428.67
450.281	442.64
450.721	533.44
451.161	405.39
451.601	503.17
452.041	493.86
452.48	444.97
452.92	442.64
453.36	505.5
453.799	396.08
454.239	475.23
454.679	440.31
455.118	444.97
455.557	456.61
455.997	444.97
456.436	451.95
456.875	428.67
457.315	431
457.754	498.51
458.193	426.34
458.632	482.22
459.071	433.33
459.51	400.73
459.949	403.06
460.388	389.09
460.827	403.06
461.265	449.62
461.704	396.08
462.143	470.58
462.581	440.31
463.02	451.95
463.458	442.64
463.897	449.62
464.335	463.59
464.774	424.01
465.212	407.72
465.65	440.31
466.088	405.39
466.527	491.53
466.965	477.56
467.403	472.9
467.841	382.11
468.279	458.94
468.716	407.72
469.154	447.3
469.592	505.5
470.03	442.64
470.467	470.58
470.905	463.59
471.343	405.39
471.78	428.67
472.218	444.97
472.655	528.78
473.092	444.97
473.53	426.34
473.967	461.26
474.404	426.34
474.841	375.12
475.278	421.69
475.716	463.59
476.153	389.09
476.589	407.72
477.026	461.26
477.463	391.42
477.9	426.34
478.337	463.59
478.773	444.97
479.21	510.16
479.647	424.01
480.083	468.25
480.52	412.37
480.956	379.78
481.392	486.87
481.829	472.9
482.265	377.45
482.701	484.55
483.137	389.09
483.574	442.64
484.01	435.65
484.446	403.06
484.882	382.11
485.317	389.09
485.753	403.06
486.189	440.31
486.625	470.58
487.061	437.98
487.496	333.22
487.932	489.2
488.367	410.04
488.803	454.28
489.238	405.39
489.674	384.44
490.109	477.56
490.544	517.14
490.979	454.28
491.415	468.25
491.85	479.89
492.285	526.45
492.72	491.53
493.155	426.34
493.59	475.23
494.024	365.81
494.459	486.87
494.894	426.34
495.329	426.34
495.763	433.33
496.198	405.39
496.632	442.64
497.067	384.44
497.501	472.9
497.936	454.28
498.37	444.97
498.804	379.78
499.238	489.2
499.673	431
500.107	426.34
500.541	458.94
500.975	510.16
501.409	389.09
501.843	405.39
502.277	403.06
502.71	358.83
503.144	458.94
503.578	431
504.011	403.06
504.445	465.92
504.878	449.62
505.312	437.98
505.745	424.01
506.179	433.33
506.612	437.98
507.045	489.2
507.479	442.64
507.912	458.94
508.345	435.65
508.778	396.08
509.211	431
509.644	491.53
510.077	437.98
510.509	431
510.942	417.03
511.375	465.92
511.808	458.94
512.24	433.33
512.673	419.36
513.105	361.15
513.538	428.67
513.97	461.26
514.403	435.65
514.835	424.01
515.267	421.69
515.699	447.3
516.131	333.22
516.564	435.65
516.996	370.47
517.428	433.33
517.859	451.95
518.291	407.72
518.723	398.4
519.155	398.4
519.587	449.62
520.018	417.03
520.45	426.34
520.881	491.53
521.313	435.65
521.744	396.08
522.176	454.28
522.607	384.44
523.038	384.44
523.47	449.62
523.901	417.03
524.332	477.56
524.763	391.42
525.194	475.23
525.625	396.08
526.056	393.75
526.487	437.98
526.917	424.01
527.348	470.58
527.779	407.72
528.21	479.89
528.64	507.83
529.071	384.44
529.501	491.53
529.932	435.65
530.362	412.37
530.792	426.34
531.222	405.39
531.653	426.34
532.083	412.37
532.513	447.3
532.943	458.94
533.373	440.31
533.803	463.59
534.233	386.76
534.663	428.67
535.092	419.36
535.522	414.7
535.952	407.72
536.381	482.22
536.811	410.04
537.24	447.3
537.67	398.4
538.099	389.09
538.529	403.06
538.958	414.7
539.387	479.89
539.816	472.9
540.245	398.4
540.674	368.14
541.103	431
541.532	440.31
541.961	458.94
542.39	412.37
542.819	389.09
543.248	475.23
543.676	484.55
544.105	470.58
544.534	419.36
544.962	379.78
545.391	447.3
545.819	410.04
546.247	375.12
546.676	521.8
547.104	435.65
547.532	428.67
547.96	461.26
548.388	470.58
548.816	405.39
549.244	514.81
549.672	479.89
550.1	426.34
550.528	356.5
550.956	412.37
551.383	410.04
551.811	426.34
552.238	431
552.666	405.39
553.094	396.08
553.521	414.7
553.948	398.4
554.376	428.67
554.803	449.62
555.23	389.09
555.657	393.75
556.084	454.28
556.511	447.3
556.938	405.39
557.365	412.37
557.792	424.01
558.219	412.37
558.646	410.04
559.072	426.34
559.499	470.58
559.926	463.59
560.352	400.73
560.779	465.92
561.205	384.44
561.632	472.9
562.058	486.87
562.484	386.76
562.91	493.86
563.337	414.7
563.763	356.5
564.189	437.98
564.615	444.97
565.041	433.33
565.466	403.06
565.892	410.04
566.318	437.98
566.744	477.56
567.169	403.06
567.595	456.61
568.021	433.33
568.446	396.08
568.872	475.23
569.297	503.17
569.722	410.04
570.148	375.12
570.573	412.37
570.998	512.48
571.423	396.08
571.848	410.04
572.273	428.67
572.698	456.61
573.123	391.42
573.548	472.9
573.973	396.08
574.397	456.61
574.822	358.83
575.247	456.61
575.671	403.06
576.096	463.59
576.52	461.26
576.944	370.47
577.369	372.79
577.793	475.23
578.217	417.03
578.641	347.18
579.065	384.44
579.49	433.33
579.914	405.39
580.337	370.47
580.761	400.73
581.185	442.64
581.609	398.4
582.033	403.06
582.456	444.97
582.88	475.23
583.303	449.62
583.727	417.03
584.15	424.01
584.574	505.5
584.997	405.39
585.42	498.51
585.844	365.81
586.267	384.44
586.69	428.67
587.113	375.12
587.536	333.22
587.959	414.7
588.382	405.39
588.804	396.08
589.227	419.36
589.65	412.37
590.073	403.06
590.495	407.72
590.918	407.72
591.34	377.45
591.763	405.39
592.185	419.36
592.607	435.65
593.03	444.97
593.452	412.37
593.874	435.65
594.296	414.7
594.718	417.03
595.14	454.28
595.562	382.11
595.984	412.37
596.406	426.34
596.827	449.62
597.249	431
597.671	428.67
598.092	424.01
598.514	412.37
598.935	391.42
599.357	428.67
599.778	410.04
600.199	384.44
600.621	419.36
601.042	377.45
601.463	419.36
601.884	461.26
602.305	470.58
602.726	507.83
603.147	398.4
603.568	433.33
603.988	328.56
604.409	398.4
604.83	468.25
605.25	514.81
605.671	435.65
606.092	396.08
606.512	417.03
606.932	437.98
607.353	344.86
607.773	417.03
608.193	426.34
608.613	477.56
609.034	424.01
609.454	377.45
609.874	379.78
610.293	486.87
610.713	433.33
611.133	421.69
611.553	472.9
611.973	440.31
612.392	442.64
612.812	444.97
613.231	391.42
613.651	417.03
614.07	400.73
614.49	417.03
614.909	398.4
615.328	419.36
615.747	431
616.167	410.04
616.586	393.75
617.005	379.78
617.424	410.04
617.843	396.08
618.261	433.33
618.68	433.33
619.099	393.75
619.518	344.86
619.936	444.97
620.355	393.75
620.773	458.94
621.192	456.61
621.61	428.67
622.029	417.03
622.447	433.33
622.865	386.76
623.283	447.3
623.701	344.86
624.119	426.34
624.537	444.97
624.955	468.25
625.373	437.98
625.791	368.14
626.209	440.31
626.627	417.03
627.044	419.36
627.462	461.26
627.879	458.94
628.297	428.67
628.714	440.31
629.132	433.33
629.549	426.34
629.966	414.7
630.383	400.73
630.8	405.39
631.217	449.62
631.634	403.06
632.051	384.44
632.468	428.67
632.885	375.12
633.302	414.7
633.719	363.48
634.135	451.95
634.552	391.42
634.969	368.14
635.385	398.4
635.801	391.42
636.218	384.44
636.634	456.61
637.05	421.69
637.467	426.34
637.883	400.73
638.299	400.73
638.715	428.67
639.131	372.79
639.547	421.69
639.963	442.64
640.378	447.3
640.794	396.08
641.21	363.48
641.626	414.7
642.041	407.72
642.457	447.3
642.872	426.34
643.287	410.04
643.703	449.62
644.118	393.75
644.533	461.26
644.948	398.4
645.364	363.48
645.779	391.42
646.194	461.26
646.609	412.37
647.023	407.72
647.438	396.08
647.853	391.42
648.268	389.09
648.682	377.45
649.097	384.44
649.511	426.34
649.926	428.67
650.34	403.06
650.755	403.06
651.169	414.7
651.583	379.78
651.997	442.64
652.411	484.55
652.825	358.83
653.239	421.69
653.653	403.06
654.067	458.94
654.481	377.45
654.895	431
655.309	340.2
655.722	405.39
656.136	372.79
656.549	426.34
656.963	442.64
657.376	407.72
657.79	491.53
658.203	442.64
658.616	407.72
659.029	393.75
659.442	426.34
659.855	412.37
660.268	440.31
660.681	431
661.094	447.3
661.507	412.37
661.92	470.58
662.333	372.79
662.745	396.08
663.158	400.73
663.57	437.98
663.983	454.28
664.395	475.23
664.808	398.4
665.22	405.39
665.632	442.64
666.044	426.34
666.456	428.67
666.868	370.47
667.28	351.84
667.692	389.09
668.104	384.44
668.516	386.76
668.928	440.31
669.34	370.47
669.751	431
670.163	470.58
670.574	389.09
670.986	410.04
671.397	398.4
671.809	382.11
672.22	440.31
672.631	342.53
673.042	368.14
673.453	454.28
673.864	400.73
674.275	433.33
674.686	431
675.097	361.15
675.508	421.69
675.919	424.01
676.33	379.78
676.74	372.79
677.151	393.75
677.561	386.76
677.972	458.94
678.382	477.56
678.792	391.42
679.203	419.36
679.613	426.34
680.023	451.95
680.433	451.95
680.843	419.36
681.253	442.64
681.663	426.34
682.073	421.69
682.483	477.56
682.893	410.04
683.302	435.65
683.712	412.37
684.122	400.73
684.531	410.04
684.94	372.79
685.35	454.28
685.759	442.64
686.168	382.11
686.578	386.76
686.987	396.08
687.396	389.09
687.805	393.75
688.214	461.26
688.623	393.75
689.032	384.44
689.44	393.75
689.849	372.79
690.258	370.47
690.666	386.76
691.075	368.14
691.484	447.3
691.892	419.36
692.3	431
692.709	426.34
693.117	426.34
693.525	382.11
693.933	386.76
694.341	382.11
694.749	356.5
695.157	389.09
695.565	414.7
695.973	444.97
696.381	354.17
696.788	372.79
697.196	379.78
697.604	384.44
698.011	398.4
698.419	400.73
698.826	377.45
699.234	412.37
699.641	391.42
700.048	412.37
700.455	419.36
700.862	375.12
701.269	484.55
701.676	400.73
702.083	354.17
702.49	377.45
702.897	461.26
703.304	344.86
703.71	461.26
704.117	433.33
704.524	458.94
704.93	384.44
705.337	307.61
705.743	449.62
706.149	444.97
706.556	377.45
706.962	382.11
707.368	363.48
707.774	437.98
708.18	384.44
708.586	407.72
708.992	372.79
709.398	451.95
709.804	470.58
710.209	302.95
710.615	370.47
711.021	479.89
711.426	384.44
711.832	393.75
712.237	361.15
712.642	398.4
713.048	435.65
713.453	461.26
713.858	354.17
714.263	375.12
714.668	370.47
715.073	403.06
715.478	403.06
715.883	442.64
716.288	354.17
716.693	403.06
717.097	368.14
717.502	400.73
717.906	370.47
718.311	428.67
718.715	442.64
719.12	365.81
719.524	414.7
719.928	398.4
720.333	391.42
720.737	458.94
721.141	479.89
721.545	440.31
721.949	412.37
722.353	386.76
722.757	465.92
723.16	440.31
723.564	358.83
723.968	414.7
724.371	407.72
724.775	358.83
725.178	470.58
725.582	472.9
725.985	407.72
726.388	379.78
726.792	440.31
727.195	356.5
727.598	375.12
728.001	393.75
728.404	412.37
728.807	470.58
729.21	405.39
729.612	344.86
730.015	461.26
730.418	340.2
730.82	435.65
731.223	435.65
731.625	517.14
732.028	491.53
732.43	426.34
732.833	421.69
733.235	440.31
733.637	323.9
734.039	370.47
734.441	454.28
734.843	386.76
735.245	433.33
735.647	403.06
736.049	393.75
736.451	384.44
736.852	361.15
737.254	351.84
737.655	419.36
738.057	410.04
738.458	377.45
738.86	398.4
739.261	342.53
739.662	382.11
740.064	405.39
740.465	407.72
740.866	435.65
741.267	398.4
741.668	456.61
742.069	393.75
742.469	351.84
742.87	412.37
743.271	421.69
743.672	405.39
744.072	330.89
744.473	412.37
744.873	400.73
745.274	465.92
745.674	421.69
746.074	468.25
746.474	368.14
746.875	428.67
747.275	386.76
747.675	391.42
748.075	391.42
748.474	347.18
748.874	386.76
749.274	370.47
749.674	391.42
750.073	507.83
750.473	503.17
750.873	347.18
751.272	407.72
751.671	424.01
752.071	454.28
752.47	386.76
752.869	475.23
753.268	370.47
753.668	412.37
754.067	337.87
754.466	417.03
754.864	442.64
755.263	337.87
755.662	386.76
756.061	456.61
756.459	403.06
756.858	323.9
757.257	437.98
757.655	347.18
758.053	400.73
758.452	349.51
758.85	435.65
759.248	428.67
759.646	405.39
760.045	424.01
760.443	440.31
760.841	347.18
761.238	479.89
761.636	356.5
762.034	389.09
762.432	428.67
762.829	498.51
763.227	417.03
763.625	428.67
764.022	407.72
764.419	442.64
764.817	440.31
765.214	407.72
765.611	396.08
766.008	398.4
766.406	407.72
766.803	354.17
767.199	393.75
767.596	496.19
767.993	361.15
768.39	389.09
768.787	386.76
769.183	321.58
769.58	410.04
769.977	323.9
770.373	398.4
770.769	356.5
771.166	393.75
771.562	475.23
771.958	379.78
772.354	370.47
772.75	368.14
773.146	405.39
773.542	414.7
773.938	389.09
774.334	435.65
774.73	449.62
775.126	435.65
775.521	412.37
775.917	477.56
776.312	440.31
776.708	428.67
777.103	458.94
777.499	400.73
777.894	424.01
778.289	410.04
778.684	386.76
779.079	396.08
779.474	414.7
779.869	431
780.264	400.73
780.659	393.75
781.054	440.31
781.448	449.62
781.843	396.08
782.238	424.01
782.632	433.33
783.027	349.51
783.421	344.86
783.815	454.28
784.21	403.06
784.604	454.28
784.998	384.44
785.392	414.7
785.786	314.59
786.18	386.76
786.574	365.81
786.968	451.95
787.361	440.31
787.755	398.4
788.149	440.31
788.542	410.04
788.936	486.87
789.329	372.79
789.722	361.15
790.116	461.26
790.509	437.98
790.902	410.04
791.295	316.92
791.688	417.03
792.081	365.81
792.474	386.76
792.867	428.67
793.26	410.04
793.653	449.62
794.045	326.23
794.438	435.65
794.83	326.23
795.223	419.36
795.615	386.76
796.008	400.73
796.4	412.37
796.792	363.48
797.184	405.39
797.576	403.06
797.968	442.64
798.36	447.3
798.752	456.61
799.144	389.09
799.536	437.98
799.928	412.37
800.319	391.42
800.711	470.58
801.102	421.69
801.494	447.3
801.885	405.39
802.276	410.04
802.668	351.84
803.059	363.48
803.45	377.45
803.841	435.65
804.232	433.33
804.623	389.09
805.014	386.76
805.405	365.81
805.795	440.31
806.186	435.65
806.577	356.5
806.967	496.19
807.358	442.64
807.748	405.39
808.139	407.72
808.529	377.45
808.919	428.67
809.309	431
809.699	426.34
810.089	407.72
810.479	361.15
810.869	442.64
811.259	344.86
811.649	375.12
812.039	421.69
812.428	398.4
812.818	403.06
813.207	386.76
813.597	368.14
813.986	391.42
814.376	375.12
814.765	405.39
815.154	361.15
815.543	407.72
815.932	424.01
816.321	410.04
816.71	393.75
817.099	323.9
817.488	431
817.877	412.37
818.265	386.76
818.654	428.67
819.043	412.37
819.431	507.83
819.819	363.48
820.208	393.75
820.596	335.54
820.984	400.73
821.372	417.03
821.761	344.86
822.149	386.76
822.537	414.7
822.924	372.79
823.312	426.34
823.7	391.42
824.088	477.56
824.475	426.34
824.863	382.11
825.251	514.81
825.638	396.08
826.025	396.08
826.413	417.03
826.8	377.45
827.187	424.01
827.574	379.78
827.961	435.65
828.348	379.78
828.735	482.22
829.122	384.44
829.509	342.53
829.896	440.31
830.282	389.09
830.669	412.37
831.055	433.33
831.442	379.78
831.828	405.39
832.215	403.06
832.601	377.45
832.987	482.22
833.373	351.84
833.759	361.15
834.145	470.58
834.531	365.81
834.917	337.87
835.303	417.03
835.689	398.4
836.074	305.28
836.46	396.08
836.846	386.76
837.231	389.09
837.617	421.69
838.002	370.47
838.387	403.06
838.772	403.06
839.158	477.56
839.543	428.67
839.928	444.97
840.313	447.3
840.698	419.36
841.082	424.01
841.467	377.45
841.852	403.06
842.237	424.01
842.621	414.7
843.006	365.81
843.39	393.75
843.774	414.7
844.159	328.56
844.543	347.18
844.927	368.14
845.311	451.95
845.695	435.65
846.079	419.36
846.463	405.39
846.847	393.75
847.231	370.47
847.615	440.31
847.998	386.76
848.382	421.69
848.765	405.39
849.149	435.65
849.532	396.08
849.916	375.12
850.299	349.51
850.682	398.4
851.065	472.9
851.448	370.47
851.831	428.67
852.214	379.78
852.597	389.09
852.98	454.28
853.363	379.78
853.745	400.73
854.128	403.06
854.51	393.75
854.893	351.84
855.275	365.81
855.658	456.61
856.04	344.86
856.422	428.67
856.804	393.75
857.186	363.48
857.568	368.14
857.95	382.11
858.332	372.79
858.714	340.2
859.096	442.64
859.477	384.44
859.859	461.26
860.24	540.42
860.622	389.09
861.003	407.72
861.385	391.42
861.766	398.4
862.147	363.48
862.528	337.87
862.909	347.18
863.29	456.61
863.671	389.09
864.052	377.45
864.433	391.42
864.814	386.76
865.194	368.14
865.575	435.65
865.955	468.25
866.336	442.64
866.716	379.78
867.097	370.47
867.477	421.69
867.857	442.64
868.237	417.03
868.617	412.37
868.997	375.12
869.377	368.14
869.757	314.59
870.137	351.84
870.517	372.79
870.896	424.01
871.276	440.31
871.655	426.34
872.035	431
872.414	428.67
872.794	361.15
873.173	396.08
873.552	389.09
873.931	391.42
874.31	372.79
874.689	389.09
875.068	417.03
875.447	458.94
875.826	344.86
876.205	424.01
876.583	417.03
876.962	361.15
877.341	372.79
877.719	424.01
878.097	375.12
878.476	375.12
878.854	449.62
879.232	451.95
879.61	421.69
879.988	363.48
880.366	437.98
880.744	358.83
881.122	333.22
881.5	465.92
881.878	419.36
882.255	419.36
882.633	431
883.011	351.84
883.388	335.54
883.765	498.51
884.143	382.11
884.52	386.76
884.897	375.12
885.274	410.04
885.651	384.44
886.028	414.7
886.405	412.37
886.782	451.95
887.159	428.67
887.536	475.23
887.912	398.4
888.289	405.39
888.665	384.44
889.042	335.54
889.418	428.67
889.794	407.72
890.171	403.06
890.547	382.11
890.923	377.45
891.299	400.73
891.675	351.84
892.051	419.36
892.427	419.36
892.803	412.37
893.178	316.92
893.554	370.47
893.929	382.11
894.305	363.48
894.68	414.7
895.056	391.42
895.431	431
895.806	386.76
896.181	442.64
896.557	356.5
896.932	405.39
897.307	410.04
897.681	421.69
898.056	375.12
898.431	340.2
898.806	407.72
899.18	405.39
899.555	386.76
899.929	391.42
900.304	393.75
900.678	417.03
901.052	375.12
901.427	426.34
901.801	391.42
902.175	433.33
902.549	426.34
902.923	386.76
903.297	389.09
903.67	405.39
904.044	389.09
904.418	431
904.791	444.97
905.165	454.28
905.538	449.62
905.912	361.15
906.285	428.67
906.658	440.31
907.032	449.62
907.405	400.73
907.778	417.03
908.151	363.48
908.524	344.86
908.896	461.26
909.269	451.95
909.642	412.37
910.015	437.98
910.387	400.73
910.76	342.53
911.132	356.5
911.504	414.7
911.877	461.26
912.249	340.2
912.621	384.44
912.993	368.14
913.365	379.78
913.737	454.28
914.109	389.09
914.481	437.98
914.853	379.78
915.224	403.06
915.596	333.22
915.968	421.69
916.339	330.89
916.71	435.65
917.082	433.33
917.453	440.31
917.824	424.01
918.195	356.5
918.566	468.25
918.937	431
919.308	442.64
919.679	384.44
920.05	405.39
920.421	400.73
920.791	400.73
921.162	454.28
921.532	386.76
921.903	412.37
922.273	377.45
922.644	419.36
923.014	407.72
923.384	440.31
923.754	447.3
924.124	375.12
924.494	410.04
924.864	370.47
925.234	437.98
925.604	344.86
925.973	386.76
926.343	382.11
926.712	417.03
927.082	382.11
927.451	335.54
927.821	379.78
928.19	335.54
928.559	393.75
928.928	405.39
929.297	368.14
929.666	421.69
930.035	368.14
930.404	396.08
930.773	393.75
931.142	365.81
931.51	307.61
931.879	389.09
932.247	403.06
932.616	442.64
932.984	400.73
933.353	396.08
933.721	417.03
934.089	349.51
934.457	389.09
934.825	400.73
935.193	347.18
935.561	472.9
935.929	510.16
936.296	398.4
936.664	405.39
937.032	424.01
937.399	403.06
937.767	351.84
938.134	370.47
938.501	370.47
938.869	435.65
939.236	391.42
939.603	393.75
939.97	384.44
940.337	426.34
940.704	421.69
941.071	382.11
941.438	382.11
941.804	433.33
942.171	458.94
942.538	405.39
942.904	475.23
943.27	447.3
943.637	361.15
944.003	447.3
944.369	393.75
944.735	414.7
945.102	330.89
945.468	431
945.833	414.7
946.199	312.26
946.565	328.56
946.931	398.4
947.296	410.04
947.662	356.5
948.028	486.87
948.393	372.79
948.758	398.4
949.124	433.33
949.489	437.98
949.854	437.98
950.219	451.95
950.584	365.81
950.949	431
951.314	368.14
951.679	424.01
952.044	454.28
952.408	433.33
952.773	358.83
953.137	300.62
953.502	398.4
953.866	370.47
954.231	426.34
954.595	407.72
954.959	377.45
955.323	375.12
955.687	379.78
956.051	412.37
956.415	417.03
956.779	449.62
957.143	447.3
957.506	361.15
957.87	447.3
958.234	398.4
958.597	396.08
958.961	405.39
959.324	417.03
959.687	447.3
960.05	337.87
960.413	435.65
960.776	500.84
961.139	384.44
961.502	451.95
961.865	349.51
962.228	458.94
962.591	435.65
962.953	358.83
963.316	393.75
963.678	398.4
964.041	410.04
964.403	421.69
964.765	365.81
965.128	414.7
965.49	398.4
965.852	451.95
966.214	437.98
966.576	396.08
966.938	384.44
967.299	361.15
967.661	431
968.023	382.11
968.384	435.65
968.746	382.11
969.107	426.34
969.469	424.01
969.83	451.95
970.191	463.59
970.552	368.14
970.913	398.4
971.274	314.59
971.635	435.65
971.996	421.69
972.357	398.4
972.718	356.5
973.078	384.44
973.439	375.12
973.8	363.48
974.16	421.69
974.52	396.08
974.881	456.61
975.241	456.61
975.601	410.04
975.961	349.51
976.321	361.15
976.681	368.14
977.041	456.61
977.401	368.14
977.76	384.44
978.12	444.97
978.48	444.97
978.839	405.39
979.199	398.4
979.558	424.01
979.917	421.69
980.277	389.09
980.636	356.5
980.995	389.09
981.354	403.06
981.713	358.83
982.072	417.03
982.43	335.54
982.789	323.9
983.148	368.14
983.506	347.18
983.865	393.75
984.223	382.11
984.582	440.31
984.94	384.44
985.298	442.64
985.656	354.17
986.015	447.3
986.373	405.39
986.731	419.36
987.088	370.47
987.446	386.76
987.804	428.67
988.162	407.72
988.519	372.79
988.877	412.37
989.234	412.37
989.591	410.04
989.949	435.65
990.306	340.2
990.663	442.64
991.02	405.39
991.377	405.39
991.734	356.5
992.091	421.69
992.448	379.78
992.805	342.53
993.161	412.37
993.518	396.08
993.874	396.08
994.231	444.97
994.587	417.03
994.943	382.11
995.3	472.9
995.656	379.78
996.012	417.03
996.368	356.5
996.724	414.7
997.08	403.06
997.435	370.47
997.791	393.75
998.147	363.48
998.502	356.5
998.858	386.76
999.213	333.22
999.569	391.42
999.924	428.67
1000.279	424.01
1000.634	403.06
1000.989	426.34
1001.344	451.95
1001.699	470.58
1002.054	449.62
1002.409	433.33
1002.764	403.06
1003.118	417.03
1003.473	361.15
1003.827	363.48
1004.182	412.37
1004.536	377.45
1004.89	375.12
1005.245	440.31
1005.599	382.11
1005.953	405.39
1006.307	384.44
1006.661	410.04
1007.015	363.48
1007.368	424.01
1007.722	365.81
1008.076	340.2
1008.429	321.58
1008.783	419.36
1009.136	444.97
1009.489	419.36
1009.843	440.31
1010.196	417.03
1010.549	428.67
1010.902	365.81
1011.255	479.89
1011.608	405.39
1011.961	384.44
1012.313	433.33
1012.666	461.26
1013.019	351.84
1013.371	431
1013.724	382.11
1014.076	379.78
1014.428	435.65
1014.781	440.31
1015.133	344.86
1015.485	424.01
1015.837	421.69
1016.189	463.59
1016.541	396.08
1016.893	414.7
1017.244	403.06
1017.596	386.76
1017.947	379.78
1018.299	379.78
1018.65	454.28
1019.002	386.76
1019.353	412.37
1019.704	342.53
1020.055	417.03
1020.407	417.03
1020.758	365.81
1021.108	503.17
1021.459	403.06
1021.81	417.03
1022.161	393.75
1022.511	405.39
1022.862	372.79
1023.213	424.01
1023.563	426.34
1023.913	391.42
1024.264	426.34
1024.614	437.98
1024.964	486.87
1025.314	426.34
1025.664	312.26
1026.014	458.94
1026.364	451.95
1026.713	377.45
1027.063	393.75
1027.413	463.59
1027.762	396.08
1028.112	468.25
1028.461	431
1028.81	447.3
1029.16	412.37
1029.509	393.75
1029.858	414.7
1030.207	372.79
1030.556	316.92
1030.905	428.67
1031.254	368.14
1031.602	342.53
1031.951	312.26
1032.3	437.98
1032.648	349.51
1032.996	349.51
1033.345	349.51
