187.879	-122.08
188.346	-122.08
188.813	-122.08
189.28	-108.11
189.747	-126.74
190.214	-133.72
190.681	-101.13
191.148	-59.22
191.614	-28.96
192.081	-75.52
192.548	-133.72
193.014	-56.89
193.481	19.93
193.948	-12.66
194.414	52.53
194.881	-8
195.347	57.19
195.813	87.45
196.28	85.12
196.746	173.59
197.212	134.01
197.678	138.67
198.145	147.98
198.611	175.92
199.077	210.84
199.543	222.48
200.009	248.09
200.475	224.81
200.941	280.69
201.407	248.09
201.873	280.69
202.338	359.84
202.804	320.27
203.27	376.14
203.735	369.16
204.201	320.27
204.667	373.81
205.132	385.45
205.598	390.11
206.063	415.72
206.529	301.64
206.994	334.23
207.459	385.45
207.925	378.47
208.39	420.38
208.855	371.48
209.32	429.69
209.785	432.02
210.25	411.06
210.715	399.42
211.18	369.16
211.645	394.77
212.11	357.52
212.575	418.05
213.04	350.53
213.504	373.81
213.969	441.33
214.434	404.08
214.899	373.81
215.363	378.47
215.828	324.92
216.292	390.11
216.757	357.52
217.221	394.77
217.685	434.34
218.15	331.91
218.614	359.84
219.078	343.55
219.542	362.17
220.007	364.5
220.471	397.09
220.935	369.16
221.399	331.91
221.863	383.13
222.327	390.11
222.791	392.44
223.254	322.59
223.718	252.75
224.182	296.98
224.646	387.78
225.109	357.52
225.573	322.59
226.037	296.98
226.5	415.72
226.964	397.09
227.427	352.86
227.89	336.56
228.354	331.91
228.817	378.47
229.28	336.56
229.744	383.13
230.207	352.86
230.67	383.13
231.133	392.44
231.596	362.17
232.059	380.8
232.522	392.44
232.985	334.23
233.448	324.92
233.911	331.91
234.374	303.97
234.836	338.89
235.299	373.81
235.762	308.62
236.224	392.44
236.687	322.59
237.149	348.2
237.612	338.89
238.074	371.48
238.537	329.58
238.999	383.13
239.461	404.08
239.924	306.3
240.386	383.13
240.848	394.77
241.31	366.83
241.772	357.52
242.234	303.97
242.696	329.58
243.158	413.39
243.62	357.52
244.082	343.55
244.544	345.88
245.006	380.8
245.468	324.92
245.929	315.61
246.391	392.44
246.852	436.67
247.314	355.19
247.776	336.56
248.237	392.44
248.698	404.08
249.16	373.81
249.621	390.11
250.082	408.74
250.544	357.52
251.005	376.14
251.466	352.86
251.927	392.44
252.388	331.91
252.849	469.27
253.31	394.77
253.771	359.84
254.232	399.42
254.693	345.88
255.154	380.8
255.615	348.2
256.075	397.09
256.536	415.72
256.997	394.77
257.457	341.22
257.918	376.14
258.378	434.34
258.839	383.13
259.299	450.64
259.759	378.47
260.22	418.05
260.68	411.06
261.14	306.3
261.6	422.7
262.06	392.44
262.521	425.03
262.981	399.42
263.441	364.5
263.901	422.7
264.36	418.05
264.82	327.25
265.28	345.88
265.74	408.74
266.2	334.23
266.659	429.69
267.119	404.08
267.579	366.83
268.038	387.78
268.498	350.53
268.957	399.42
269.416	385.45
269.876	404.08
270.335	406.41
270.794	345.88
271.254	364.5
271.713	390.11
272.172	348.2
272.631	364.5
273.09	343.55
273.549	385.45
274.008	397.09
274.467	394.77
274.926	413.39
275.385	317.94
275.843	422.7
276.302	397.09
276.761	376.14
277.22	455.3
277.678	390.11
278.137	343.55
278.595	415.72
279.054	343.55
279.512	359.84
279.97	359.84
280.429	355.19
280.887	392.44
281.345	308.62
281.803	364.5
282.262	327.25
282.72	432.02
283.178	422.7
283.636	348.2
284.094	408.74
284.552	315.61
285.01	357.52
285.467	371.48
285.925	338.89
286.383	406.41
286.841	494.88
287.298	445.99
287.756	392.44
288.213	343.55
288.671	485.56
289.128	366.83
289.586	429.69
290.043	366.83
290.5	378.47
290.958	371.48
291.415	418.05
291.872	394.77
292.329	404.08
292.786	364.5
293.243	411.06
293.7	383.13
294.157	371.48
294.614	408.74
295.071	385.45
295.528	338.89
295.985	445.99
296.441	359.84
296.898	387.78
297.355	473.92
297.811	483.24
298.268	378.47
298.724	397.09
299.181	411.06
299.637	387.78
300.094	373.81
300.55	369.16
301.006	359.84
301.462	408.74
301.919	425.03
302.375	455.3
302.831	415.72
303.287	364.5
303.743	420.38
304.199	369.16
304.655	359.84
305.11	429.69
305.566	380.8
306.022	422.7
306.478	415.72
306.933	415.72
307.389	404.08
307.845	401.75
308.3	348.2
308.756	420.38
309.211	387.78
309.666	404.08
310.122	408.74
310.577	408.74
311.032	357.52
311.487	406.41
311.943	385.45
312.398	411.06
312.853	411.06
313.308	334.23
313.763	397.09
314.218	338.89
314.672	455.3
315.127	404.08
315.582	383.13
316.037	378.47
316.492	455.3
316.946	420.38
317.401	413.39
317.855	408.74
318.31	378.47
318.764	345.88
319.219	390.11
319.673	348.2
320.127	452.97
320.582	392.44
321.036	432.02
321.49	429.69
321.944	455.3
322.398	401.75
322.852	418.05
323.306	390.11
323.76	371.48
324.214	420.38
324.668	487.89
325.122	462.28
325.575	401.75
326.029	485.56
326.483	296.98
326.936	366.83
327.39	406.41
327.843	404.08
328.297	418.05
328.75	439
329.204	404.08
329.657	313.28
330.11	399.42
330.564	350.53
331.017	441.33
331.47	427.36
331.923	397.09
332.376	439
332.829	387.78
333.282	404.08
333.735	471.6
334.188	452.97
334.641	380.8
335.093	383.13
335.546	404.08
335.999	364.5
336.451	401.75
336.904	429.69
337.356	427.36
337.809	418.05
338.261	473.92
338.714	343.55
339.166	441.33
339.618	494.88
340.07	397.09
340.523	387.78
340.975	443.66
341.427	376.14
341.879	385.45
342.331	439
342.783	392.44
343.235	397.09
343.687	418.05
344.138	413.39
344.59	362.17
345.042	436.67
345.494	471.6
345.945	378.47
346.397	525.14
346.848	494.88
347.3	443.66
347.751	387.78
348.203	452.97
348.654	329.58
349.105	380.8
349.556	369.16
350.008	401.75
350.459	387.78
350.91	390.11
351.361	443.66
351.812	406.41
352.263	464.61
352.714	448.31
353.165	443.66
353.615	378.47
354.066	411.06
354.517	420.38
354.968	469.27
355.418	443.66
355.869	420.38
356.319	408.74
356.77	399.42
357.22	376.14
357.671	378.47
358.121	455.3
358.571	443.66
359.021	420.38
359.472	497.2
359.922	420.38
360.372	411.06
360.822	401.75
361.272	408.74
361.722	404.08
362.172	515.83
362.622	445.99
363.071	459.95
363.521	411.06
363.971	432.02
364.42	408.74
364.87	471.6
365.32	492.55
365.769	441.33
366.219	492.55
366.668	439
367.117	448.31
367.567	429.69
368.016	478.58
368.465	471.6
368.914	529.8
369.363	427.36
369.812	464.61
370.261	469.27
370.71	439
371.159	480.91
371.608	411.06
372.057	476.25
372.506	553.08
372.955	562.39
373.403	550.75
373.852	585.67
374.301	650.86
374.749	697.43
375.198	585.67
375.646	697.43
376.094	764.94
376.543	788.22
376.991	820.82
377.439	927.91
377.887	932.57
378.336	995.43
378.784	1160.73
379.232	1274.81
379.68	1295.76
380.128	1526.25
380.576	1672.92
381.023	1845.2
381.471	2040.77
381.919	2136.22
382.367	2436.55
382.814	2757.84
383.262	3002.29
383.71	3155.95
384.157	3565.7
384.605	4038.32
385.052	4464.37
385.499	4995.18
385.947	5556.27
386.394	5998.62
386.841	6683.09
387.288	7700.49
387.735	8398.93
388.182	9383.74
388.63	10489.61
389.076	11590.82
389.523	12810.77
389.97	14342.69
390.417	15581.27
390.864	17641.68
391.311	19413.4
391.757	21378.35
392.204	23308.39
392.651	25231.43
393.097	27736.52
393.544	29410.46
393.99	31892.26
394.436	34285.6
394.883	36588.13
395.329	37994.33
395.775	40001.2
396.221	40995.32
396.668	41391.1
397.114	41675.13
397.56	41148.97
398.006	40578.58
398.452	39055.97
398.897	37102.65
399.343	34916.52
399.789	32735.05
400.235	30851.58
400.681	28344.17
401.126	25897.28
401.572	23820.58
402.017	21613.49
402.463	20270.15
402.908	18696.33
403.354	17560.19
403.799	16368.18
404.244	15781.49
404.689	14906.1
405.135	14203
405.58	13723.41
406.025	13108.78
406.47	12722.3
406.915	12293.92
407.36	11602.46
407.805	11330.07
408.25	10789.94
408.694	10401.14
409.139	9865.67
409.584	9160.24
410.029	8824.99
410.473	8266.23
410.918	7763.35
411.362	7081.2
411.807	6622.56
412.251	6138.3
412.695	5644.74
413.14	5076.67
413.584	4808.93
414.028	4501.62
414.472	4184.99
414.916	3947.52
415.36	3719.36
415.804	3477.23
416.248	3393.42
416.692	3044.2
417.136	3046.53
417.58	2848.63
418.024	2736.88
418.467	2639.1
418.911	2585.55
419.355	2443.54
419.798	2441.21
420.242	2213.05
420.685	2145.53
421.128	2026.8
421.572	1963.94
422.015	1814.94
422.458	1863.83
422.902	1679.9
423.345	1603.07
423.788	1547.2
424.231	1388.88
424.674	1358.62
425.117	1344.65
425.56	1204.96
426.003	1144.43
426.445	1060.62
426.888	1100.19
427.331	1069.93
427.773	962.83
428.216	886.01
428.659	904.63
429.101	837.11
429.543	886.01
429.986	795.21
430.428	804.52
430.87	799.86
431.313	709.07
431.755	781.24
432.197	641.55
432.639	650.86
433.081	667.16
433.523	608.96
433.965	746.32
434.407	676.47
434.849	597.32
435.291	615.94
435.732	618.27
436.174	576.36
436.616	550.75
437.057	562.39
437.499	576.36
437.94	553.08
438.382	499.53
438.823	501.86
439.264	543.77
439.706	466.94
440.147	473.92
440.588	508.85
441.029	522.81
441.47	483.24
441.911	459.95
442.352	499.53
442.793	457.63
443.234	445.99
443.675	480.91
444.116	459.95
444.556	504.19
444.997	487.89
445.438	462.28
445.878	480.91
446.319	422.7
446.759	385.45
447.199	441.33
447.64	373.81
448.08	452.97
448.52	469.27
448.961	441.33
449.401	427.36
449.841	497.2
450.281	425.03
450.721	478.58
451.161	441.33
451.601	406.41
452.041	445.99
452.48	387.78
452.92	408.74
453.36	432.02
453.799	429.69
454.239	480.91
454.679	462.28
455.118	480.91
455.557	473.92
455.997	450.64
456.436	406.41
456.875	425.03
457.315	392.44
457.754	369.16
458.193	413.39
458.632	392.44
459.071	485.56
459.51	441.33
459.949	425.03
460.388	390.11
460.827	432.02
461.265	432.02
461.704	371.48
462.143	434.34
462.581	476.25
463.02	408.74
463.458	427.36
463.897	420.38
464.335	434.34
464.774	427.36
465.212	439
465.65	406.41
466.088	450.64
466.527	494.88
466.965	364.5
467.403	459.95
467.841	425.03
468.279	469.27
468.716	390.11
469.154	404.08
469.592	371.48
470.03	434.34
470.467	432.02
470.905	415.72
471.343	441.33
471.78	452.97
472.218	513.5
472.655	422.7
473.092	345.88
473.53	422.7
473.967	401.75
474.404	404.08
474.841	376.14
475.278	422.7
475.716	399.42
476.153	385.45
476.589	408.74
477.026	394.77
477.463	427.36
477.9	532.13
478.337	464.61
478.773	443.66
479.21	390.11
479.647	383.13
480.083	432.02
480.52	392.44
480.956	406.41
481.392	397.09
481.829	408.74
482.265	413.39
482.701	362.17
483.137	457.63
483.574	429.69
484.01	401.75
484.446	338.89
484.882	373.81
485.317	492.55
485.753	357.52
486.189	399.42
486.625	445.99
487.061	445.99
487.496	369.16
487.932	483.24
488.367	429.69
488.803	452.97
489.238	397.09
489.674	378.47
490.109	406.41
490.544	427.36
490.979	471.6
491.415	387.78
491.85	443.66
492.285	420.38
492.72	350.53
493.155	411.06
493.59	397.09
494.024	457.63
494.459	413.39
494.894	434.34
495.329	385.45
495.763	425.03
496.198	432.02
496.632	334.23
497.067	345.88
497.501	432.02
497.936	480.91
498.37	469.27
498.804	448.31
499.238	492.55
499.673	404.08
500.107	411.06
500.541	450.64
500.975	385.45
501.409	383.13
501.843	352.86
502.277	404.08
502.71	436.67
503.144	427.36
503.578	380.8
504.011	420.38
504.445	413.39
504.878	448.31
505.312	434.34
505.745	452.97
506.179	399.42
506.612	399.42
507.045	459.95
507.479	383.13
507.912	383.13
508.345	336.56
508.778	392.44
509.211	404.08
509.644	413.39
510.077	399.42
510.509	385.45
510.942	413.39
511.375	418.05
511.808	366.83
512.24	341.22
512.673	441.33
513.105	464.61
513.538	406.41
513.97	483.24
514.403	387.78
514.835	455.3
515.267	452.97
515.699	397.09
516.131	448.31
516.564	415.72
516.996	443.66
517.428	406.41
517.859	420.38
518.291	413.39
518.723	411.06
519.155	392.44
519.587	415.72
520.018	394.77
520.45	357.52
520.881	385.45
521.313	422.7
521.744	397.09
522.176	445.99
522.607	408.74
523.038	441.33
523.47	408.74
523.901	420.38
524.332	439
524.763	420.38
525.194	413.39
525.625	452.97
526.056	487.89
526.487	422.7
526.917	418.05
527.348	343.55
527.779	369.16
528.21	436.67
528.64	422.7
529.071	415.72
529.501	439
529.932	411.06
530.362	415.72
530.792	366.83
531.222	350.53
531.653	455.3
532.083	427.36
532.513	378.47
532.943	404.08
533.373	462.28
533.803	448.31
534.233	434.34
534.663	476.25
535.092	408.74
535.522	429.69
535.952	459.95
536.381	355.19
536.811	427.36
537.24	471.6
537.67	376.14
538.099	427.36
538.529	441.33
538.958	359.84
539.387	364.5
539.816	404.08
540.245	355.19
540.674	399.42
541.103	448.31
541.532	390.11
541.961	394.77
542.39	399.42
542.819	420.38
543.248	445.99
543.676	359.84
544.105	362.17
544.534	499.53
544.962	436.67
545.391	383.13
545.819	415.72
546.247	425.03
546.676	387.78
547.104	411.06
547.532	385.45
547.96	406.41
548.388	378.47
548.816	387.78
549.244	469.27
549.672	380.8
550.1	462.28
550.528	429.69
550.956	425.03
551.383	334.23
551.811	387.78
552.238	387.78
552.666	371.48
553.094	466.94
553.521	406.41
553.948	336.56
554.376	383.13
554.803	369.16
555.23	385.45
555.657	355.19
556.084	418.05
556.511	371.48
556.938	378.47
557.365	357.52
557.792	492.55
558.219	452.97
558.646	406.41
559.072	364.5
559.499	413.39
559.926	383.13
560.352	392.44
560.779	429.69
561.205	455.3
561.632	348.2
562.058	357.52
562.484	380.8
562.91	450.64
563.337	480.91
563.763	413.39
564.189	432.02
564.615	457.63
565.041	422.7
565.466	439
565.892	390.11
566.318	352.86
566.744	399.42
567.169	394.77
567.595	432.02
568.021	397.09
568.446	350.53
568.872	378.47
569.297	427.36
569.722	366.83
570.148	364.5
570.573	359.84
570.998	466.94
571.423	420.38
571.848	413.39
572.273	366.83
572.698	434.34
573.123	380.8
573.548	469.27
573.973	408.74
574.397	441.33
574.822	411.06
575.247	425.03
575.671	418.05
576.096	359.84
576.52	445.99
576.944	418.05
577.369	345.88
577.793	397.09
578.217	359.84
578.641	411.06
579.065	443.66
579.49	380.8
579.914	439
580.337	429.69
580.761	385.45
581.185	452.97
581.609	383.13
582.033	473.92
582.456	464.61
582.88	404.08
583.303	457.63
583.727	399.42
584.15	466.94
584.574	308.62
584.997	455.3
585.42	371.48
585.844	485.56
586.267	413.39
586.69	390.11
587.113	392.44
587.536	439
587.959	441.33
588.382	450.64
588.804	392.44
589.227	404.08
589.65	380.8
590.073	427.36
590.495	380.8
590.918	385.45
591.34	408.74
591.763	476.25
592.185	336.56
592.607	490.22
593.03	385.45
593.452	355.19
593.874	432.02
594.296	404.08
594.718	425.03
595.14	413.39
595.562	427.36
595.984	376.14
596.406	385.45
596.827	373.81
597.249	371.48
597.671	485.56
598.092	338.89
598.514	450.64
598.935	427.36
599.357	359.84
599.778	334.23
600.199	352.86
600.621	404.08
601.042	415.72
601.463	373.81
601.884	411.06
602.305	466.94
602.726	404.08
603.147	415.72
603.568	413.39
603.988	427.36
604.409	385.45
604.83	371.48
605.25	378.47
605.671	459.95
606.092	341.22
606.512	427.36
606.932	401.75
607.353	401.75
607.773	445.99
608.193	397.09
608.613	415.72
609.034	408.74
609.454	413.39
609.874	369.16
610.293	411.06
610.713	378.47
611.133	411.06
611.553	427.36
611.973	429.69
612.392	427.36
612.812	439
613.231	352.86
613.651	415.72
614.07	371.48
614.49	364.5
614.909	459.95
615.328	457.63
615.747	411.06
616.167	364.5
616.586	399.42
617.005	366.83
617.424	483.24
617.843	445.99
618.261	441.33
618.68	397.09
619.099	385.45
619.518	331.91
619.936	341.22
620.355	455.3
620.773	378.47
621.192	352.86
621.61	397.09
622.029	387.78
622.447	387.78
622.865	373.81
623.283	434.34
623.701	406.41
624.119	425.03
624.537	387.78
624.955	450.64
625.373	392.44
625.791	397.09
626.209	355.19
626.627	425.03
627.044	394.77
627.462	376.14
627.879	355.19
628.297	334.23
628.714	359.84
629.132	366.83
629.549	371.48
629.966	357.52
630.383	439
630.8	336.56
631.217	376.14
631.634	317.94
632.051	371.48
632.468	394.77
632.885	394.77
633.302	343.55
633.719	432.02
634.135	527.47
634.552	483.24
634.969	376.14
635.385	355.19
635.801	418.05
636.218	406.41
636.634	364.5
637.05	427.36
637.467	436.67
637.883	387.78
638.299	411.06
638.715	394.77
639.131	369.16
639.547	373.81
639.963	397.09
640.378	450.64
640.794	469.27
641.21	443.66
641.626	432.02
642.041	373.81
642.457	413.39
642.872	329.58
643.287	406.41
643.703	376.14
644.118	469.27
644.533	473.92
644.948	366.83
645.364	397.09
645.779	366.83
646.194	404.08
646.609	476.25
647.023	436.67
647.438	369.16
647.853	362.17
648.268	376.14
648.682	320.27
649.097	406.41
649.511	359.84
649.926	373.81
650.34	404.08
650.755	385.45
651.169	392.44
651.583	359.84
651.997	441.33
652.411	427.36
652.825	497.2
653.239	376.14
653.653	420.38
654.067	376.14
654.481	425.03
654.895	436.67
655.309	394.77
655.722	371.48
656.136	399.42
656.549	397.09
656.963	434.34
657.376	427.36
657.79	425.03
658.203	373.81
658.616	350.53
659.029	411.06
659.442	425.03
659.855	359.84
660.268	394.77
660.681	406.41
661.094	394.77
661.507	378.47
661.92	397.09
662.333	413.39
662.745	425.03
663.158	404.08
663.57	369.16
663.983	359.84
664.395	422.7
664.808	392.44
665.22	422.7
665.632	397.09
666.044	364.5
666.456	404.08
666.868	394.77
667.28	380.8
667.692	373.81
668.104	408.74
668.516	408.74
668.928	385.45
669.34	373.81
669.751	422.7
670.163	387.78
670.574	387.78
670.986	422.7
671.397	329.58
671.809	385.45
672.22	322.59
672.631	387.78
673.042	394.77
673.453	376.14
673.864	455.3
674.275	387.78
674.686	397.09
675.097	404.08
675.508	338.89
675.919	499.53
676.33	443.66
676.74	420.38
677.151	436.67
677.561	385.45
677.972	457.63
678.382	443.66
678.792	399.42
679.203	434.34
679.613	408.74
680.023	404.08
680.433	331.91
680.843	406.41
681.253	425.03
681.663	397.09
682.073	376.14
682.483	406.41
682.893	411.06
683.302	359.84
683.712	322.59
684.122	399.42
684.531	387.78
684.94	357.52
685.35	397.09
685.759	457.63
686.168	420.38
686.578	425.03
686.987	450.64
687.396	420.38
687.805	380.8
688.214	334.23
688.623	392.44
689.032	399.42
689.44	385.45
689.849	420.38
690.258	378.47
690.666	459.95
691.075	406.41
691.484	413.39
691.892	399.42
692.3	397.09
692.709	432.02
693.117	397.09
693.525	357.52
693.933	397.09
694.341	373.81
694.749	315.61
695.157	411.06
695.565	385.45
695.973	373.81
696.381	441.33
696.788	364.5
697.196	418.05
697.604	329.58
698.011	385.45
698.419	352.86
698.826	422.7
699.234	401.75
699.641	404.08
700.048	380.8
700.455	387.78
700.862	371.48
701.269	441.33
701.676	450.64
702.083	457.63
702.49	359.84
702.897	369.16
703.304	436.67
703.71	408.74
704.117	445.99
704.524	345.88
704.93	452.97
705.337	373.81
705.743	401.75
706.149	443.66
706.556	469.27
706.962	364.5
707.368	329.58
707.774	366.83
708.18	411.06
708.586	352.86
708.992	436.67
709.398	408.74
709.804	371.48
710.209	390.11
710.615	452.97
711.021	397.09
711.426	350.53
711.832	387.78
712.237	499.53
712.642	364.5
713.048	290
713.453	387.78
713.858	401.75
714.263	341.22
714.668	385.45
715.073	366.83
715.478	383.13
715.883	376.14
716.288	415.72
716.693	432.02
717.097	413.39
717.502	399.42
717.906	408.74
718.311	434.34
718.715	348.2
719.12	329.58
719.524	345.88
719.928	420.38
720.333	355.19
720.737	338.89
721.141	450.64
721.545	445.99
721.949	334.23
722.353	413.39
722.757	376.14
723.16	371.48
723.564	443.66
723.968	327.25
724.371	399.42
724.775	357.52
725.178	406.41
725.582	392.44
725.985	357.52
726.388	401.75
726.792	334.23
727.195	406.41
727.598	436.67
728.001	399.42
728.404	390.11
728.807	439
729.21	364.5
729.612	420.38
730.015	355.19
730.418	322.59
730.82	352.86
731.223	320.27
731.625	436.67
732.028	404.08
732.43	434.34
732.833	336.56
733.235	404.08
733.637	425.03
734.039	464.61
734.441	406.41
734.843	422.7
735.245	371.48
735.647	434.34
736.049	378.47
736.451	378.47
736.852	366.83
737.254	364.5
737.655	434.34
738.057	341.22
738.458	415.72
738.86	348.2
739.261	371.48
739.662	369.16
740.064	364.5
740.465	411.06
740.866	306.3
741.267	415.72
741.668	434.34
742.069	422.7
742.469	432.02
742.87	341.22
743.271	350.53
743.672	378.47
744.072	432.02
744.473	394.77
744.873	425.03
745.274	401.75
745.674	341.22
746.074	343.55
746.474	459.95
746.875	425.03
747.275	390.11
747.675	425.03
748.075	373.81
748.474	385.45
748.874	373.81
749.274	341.22
749.674	448.31
750.073	352.86
750.473	362.17
750.873	352.86
751.272	490.22
751.671	357.52
752.071	359.84
752.47	359.84
752.869	397.09
753.268	378.47
753.668	394.77
754.067	336.56
754.466	331.91
754.864	383.13
755.263	383.13
755.662	366.83
756.061	432.02
756.459	387.78
756.858	334.23
757.257	362.17
757.655	418.05
758.053	306.3
758.452	392.44
758.85	369.16
759.248	336.56
759.646	452.97
760.045	401.75
760.443	418.05
760.841	336.56
761.238	432.02
761.636	406.41
762.034	422.7
762.432	369.16
762.829	436.67
763.227	320.27
763.625	345.88
764.022	366.83
764.419	341.22
764.817	383.13
765.214	306.3
765.611	436.67
766.008	343.55
766.406	466.94
766.803	422.7
767.199	322.59
767.596	355.19
767.993	378.47
768.39	408.74
768.787	436.67
769.183	359.84
769.58	390.11
769.977	429.69
770.373	373.81
770.769	401.75
771.166	369.16
771.562	345.88
771.958	469.27
772.354	371.48
772.75	390.11
773.146	397.09
773.542	385.45
773.938	371.48
774.334	373.81
774.73	415.72
775.126	369.16
775.521	473.92
775.917	327.25
776.312	394.77
776.708	415.72
777.103	262.06
777.499	406.41
777.894	357.52
778.289	450.64
778.684	406.41
779.079	380.8
779.474	443.66
779.869	399.42
780.264	450.64
780.659	234.12
781.054	392.44
781.448	425.03
781.843	443.66
782.238	343.55
782.632	348.2
783.027	436.67
783.421	387.78
783.815	429.69
784.21	397.09
784.604	343.55
784.998	322.59
785.392	392.44
785.786	310.95
786.18	397.09
786.574	406.41
786.968	420.38
787.361	376.14
787.755	380.8
788.149	443.66
788.542	336.56
788.936	352.86
789.329	436.67
789.722	415.72
790.116	415.72
790.509	352.86
790.902	294.66
791.295	406.41
791.688	420.38
792.081	420.38
792.474	448.31
792.867	364.5
793.26	411.06
793.653	371.48
794.045	343.55
794.438	371.48
794.83	404.08
795.223	436.67
795.615	411.06
796.008	341.22
796.4	364.5
796.792	362.17
797.184	373.81
797.576	357.52
797.968	401.75
798.36	362.17
798.752	466.94
799.144	422.7
799.536	292.33
799.928	366.83
800.319	397.09
800.711	418.05
801.102	362.17
801.494	413.39
801.885	357.52
802.276	387.78
802.668	406.41
803.059	378.47
803.45	343.55
803.841	404.08
804.232	322.59
804.623	369.16
805.014	341.22
805.405	397.09
805.795	390.11
806.186	364.5
806.577	406.41
806.967	387.78
807.358	420.38
807.748	373.81
808.139	343.55
808.529	336.56
808.919	397.09
809.309	380.8
809.699	296.98
810.089	434.34
810.479	390.11
810.869	373.81
811.259	359.84
811.649	406.41
812.039	364.5
812.428	406.41
812.818	413.39
813.207	420.38
813.597	397.09
813.986	422.7
814.376	476.25
814.765	399.42
815.154	385.45
815.543	429.69
815.932	357.52
816.321	352.86
816.71	355.19
817.099	394.77
817.488	352.86
817.877	404.08
818.265	369.16
818.654	422.7
819.043	394.77
819.431	434.34
819.819	450.64
820.208	392.44
820.596	348.2
820.984	422.7
821.372	359.84
821.761	329.58
822.149	348.2
822.537	385.45
822.924	404.08
823.312	373.81
823.7	394.77
824.088	329.58
824.475	390.11
824.863	464.61
825.251	394.77
825.638	357.52
826.025	394.77
826.413	345.88
826.8	397.09
827.187	390.11
827.574	413.39
827.961	366.83
828.348	320.27
828.735	364.5
829.122	425.03
829.509	404.08
829.896	380.8
830.282	394.77
830.669	385.45
831.055	359.84
831.442	366.83
831.828	429.69
832.215	385.45
832.601	394.77
832.987	397.09
833.373	455.3
833.759	394.77
834.145	334.23
834.531	492.55
834.917	411.06
835.303	378.47
835.689	371.48
836.074	401.75
836.46	341.22
836.846	427.36
837.231	373.81
837.617	397.09
838.002	459.95
838.387	480.91
838.772	452.97
839.158	394.77
839.543	355.19
839.928	366.83
840.313	429.69
840.698	443.66
841.082	413.39
841.467	362.17
841.852	343.55
842.237	394.77
842.621	411.06
843.006	366.83
843.39	420.38
843.774	383.13
844.159	441.33
844.543	366.83
844.927	394.77
845.311	376.14
845.695	376.14
846.079	376.14
846.463	464.61
846.847	362.17
847.231	320.27
847.615	422.7
847.998	352.86
848.382	378.47
848.765	448.31
849.149	380.8
849.532	366.83
849.916	406.41
850.299	317.94
850.682	394.77
851.065	406.41
851.448	418.05
851.831	420.38
852.214	413.39
852.597	366.83
852.98	383.13
853.363	327.25
853.745	394.77
854.128	422.7
854.51	385.45
854.893	343.55
855.275	427.36
855.658	413.39
856.04	352.86
856.422	366.83
856.804	369.16
857.186	476.25
857.568	487.89
857.95	387.78
858.332	408.74
858.714	313.28
859.096	385.45
859.477	385.45
859.859	425.03
860.24	401.75
860.622	378.47
861.003	399.42
861.385	338.89
861.766	345.88
862.147	413.39
862.528	392.44
862.909	411.06
863.29	362.17
863.671	390.11
864.052	404.08
864.433	376.14
864.814	455.3
865.194	397.09
865.575	387.78
865.955	385.45
866.336	385.45
866.716	443.66
867.097	378.47
867.477	331.91
867.857	390.11
868.237	422.7
868.617	364.5
868.997	434.34
869.377	439
869.757	392.44
870.137	408.74
870.517	324.92
870.896	373.81
871.276	413.39
871.655	352.86
872.035	359.84
872.414	364.5
872.794	380.8
873.173	404.08
873.552	406.41
873.931	387.78
874.31	418.05
874.689	359.84
875.068	413.39
875.447	359.84
875.826	434.34
876.205	355.19
876.583	406.41
876.962	427.36
877.341	364.5
877.719	411.06
878.097	329.58
878.476	411.06
878.854	425.03
879.232	432.02
879.61	427.36
879.988	450.64
880.366	399.42
880.744	383.13
881.122	320.27
881.5	387.78
881.878	352.86
882.255	392.44
882.633	352.86
883.011	366.83
883.388	378.47
883.765	439
884.143	329.58
884.52	401.75
884.897	394.77
885.274	401.75
885.651	422.7
886.028	399.42
886.405	352.86
886.782	450.64
887.159	334.23
887.536	357.52
887.912	434.34
888.289	387.78
888.665	362.17
889.042	359.84
889.418	329.58
889.794	336.56
890.171	425.03
890.547	401.75
890.923	439
891.299	455.3
891.675	427.36
892.051	397.09
892.427	413.39
892.803	408.74
893.178	457.63
893.554	392.44
893.929	345.88
894.305	390.11
894.68	425.03
895.056	348.2
895.431	366.83
895.806	445.99
896.181	369.16
896.557	383.13
896.932	371.48
897.307	413.39
897.681	341.22
898.056	369.16
898.431	394.77
898.806	411.06
899.18	366.83
899.555	364.5
899.929	350.53
900.304	418.05
900.678	399.42
901.052	385.45
901.427	371.48
901.801	364.5
902.175	369.16
902.549	387.78
902.923	362.17
903.297	401.75
903.67	390.11
904.044	317.94
904.418	369.16
904.791	373.81
905.165	366.83
905.538	341.22
905.912	362.17
906.285	429.69
906.658	450.64
907.032	380.8
907.405	369.16
907.778	401.75
908.151	390.11
908.524	436.67
908.896	434.34
909.269	369.16
909.642	385.45
910.015	369.16
910.387	359.84
910.76	466.94
911.132	415.72
911.504	362.17
911.877	439
912.249	359.84
912.621	324.92
912.993	359.84
913.365	364.5
913.737	404.08
914.109	378.47
914.481	355.19
914.853	397.09
915.224	404.08
915.596	399.42
915.968	420.38
916.339	404.08
916.71	373.81
917.082	371.48
917.453	336.56
917.824	380.8
918.195	394.77
918.566	376.14
918.937	327.25
919.308	329.58
919.679	411.06
920.05	413.39
920.421	357.52
920.791	404.08
921.162	380.8
921.532	380.8
921.903	371.48
922.273	422.7
922.644	422.7
923.014	378.47
923.384	359.84
923.754	359.84
924.124	390.11
924.494	357.52
924.864	406.41
925.234	378.47
925.604	364.5
925.973	294.66
926.343	408.74
926.712	429.69
927.082	359.84
927.451	404.08
927.821	317.94
928.19	466.94
928.559	357.52
928.928	411.06
929.297	324.92
929.666	427.36
930.035	362.17
930.404	408.74
930.773	371.48
931.142	392.44
931.51	294.66
931.879	359.84
932.247	466.94
932.616	369.16
932.984	422.7
933.353	383.13
933.721	327.25
934.089	357.52
934.457	355.19
934.825	301.64
935.193	357.52
935.561	445.99
935.929	394.77
936.296	418.05
936.664	413.39
937.032	413.39
937.399	341.22
937.767	343.55
938.134	406.41
938.501	394.77
938.869	320.27
939.236	378.47
939.603	364.5
939.97	355.19
940.337	385.45
940.704	441.33
941.071	387.78
941.438	357.52
941.804	455.3
942.171	357.52
942.538	404.08
942.904	336.56
943.27	385.45
943.637	350.53
944.003	413.39
944.369	362.17
944.735	343.55
945.102	422.7
945.468	420.38
945.833	492.55
946.199	378.47
946.565	378.47
946.931	324.92
947.296	413.39
947.662	373.81
948.028	420.38
948.393	341.22
948.758	336.56
949.124	399.42
949.489	413.39
949.854	427.36
950.219	397.09
950.584	348.2
950.949	406.41
951.314	385.45
951.679	341.22
952.044	401.75
952.408	371.48
952.773	401.75
953.137	450.64
953.502	350.53
953.866	413.39
954.231	350.53
954.595	380.8
954.959	348.2
955.323	350.53
955.687	399.42
956.051	369.16
956.415	425.03
956.779	413.39
957.143	397.09
957.506	387.78
957.87	359.84
958.234	373.81
958.597	376.14
958.961	466.94
959.324	369.16
959.687	397.09
960.05	371.48
960.413	408.74
960.776	380.8
961.139	429.69
961.502	373.81
961.865	383.13
962.228	378.47
962.591	429.69
962.953	441.33
963.316	413.39
963.678	329.58
964.041	434.34
964.403	394.77
964.765	380.8
965.128	385.45
965.49	376.14
965.852	387.78
966.214	408.74
966.576	387.78
966.938	371.48
967.299	390.11
967.661	443.66
968.023	387.78
968.384	401.75
968.746	364.5
969.107	350.53
969.469	359.84
969.83	397.09
970.191	362.17
970.552	366.83
970.913	373.81
971.274	397.09
971.635	439
971.996	397.09
972.357	385.45
972.718	399.42
973.078	378.47
973.439	376.14
973.8	401.75
974.16	371.48
974.52	406.41
974.881	439
975.241	422.7
975.601	394.77
975.961	345.88
976.321	350.53
976.681	390.11
977.041	413.39
977.401	408.74
977.76	380.8
978.12	364.5
978.48	415.72
978.839	371.48
979.199	317.94
979.558	355.19
979.917	380.8
980.277	359.84
980.636	341.22
980.995	413.39
981.354	366.83
981.713	425.03
982.072	392.44
982.43	425.03
982.789	385.45
983.148	418.05
983.506	397.09
983.865	404.08
984.223	387.78
984.582	315.61
984.94	364.5
985.298	392.44
985.656	385.45
986.015	411.06
986.373	383.13
986.731	357.52
987.088	366.83
987.446	380.8
987.804	404.08
988.162	399.42
988.519	418.05
988.877	324.92
989.234	378.47
989.591	357.52
989.949	327.25
990.306	452.97
990.663	425.03
991.02	359.84
991.377	394.77
991.734	385.45
992.091	439
992.448	373.81
992.805	392.44
993.161	418.05
993.518	352.86
993.874	469.27
994.231	385.45
994.587	376.14
994.943	355.19
995.3	397.09
995.656	394.77
996.012	324.92
996.368	422.7
996.724	408.74
997.08	373.81
997.435	362.17
997.791	313.28
998.147	348.2
998.502	406.41
998.858	418.05
999.213	397.09
999.569	480.91
999.924	408.74
1000.279	317.94
1000.634	392.44
1000.989	378.47
1001.344	369.16
1001.699	299.31
1002.054	399.42
1002.409	427.36
1002.764	392.44
1003.118	369.16
1003.473	357.52
1003.827	397.09
1004.182	397.09
1004.536	362.17
1004.89	406.41
1005.245	408.74
1005.599	448.31
1005.953	383.13
1006.307	308.62
1006.661	364.5
1007.015	425.03
1007.368	413.39
1007.722	366.83
1008.076	418.05
1008.429	352.86
1008.783	448.31
1009.136	334.23
1009.489	357.52
1009.843	327.25
1010.196	392.44
1010.549	422.7
1010.902	373.81
1011.255	390.11
1011.608	399.42
1011.961	357.52
1012.313	278.36
1012.666	348.2
1013.019	336.56
1013.371	322.59
1013.724	324.92
1014.076	322.59
1014.428	329.58
1014.781	399.42
1015.133	345.88
1015.485	355.19
1015.837	383.13
1016.189	343.55
1016.541	383.13
1016.893	366.83
1017.244	408.74
1017.596	422.7
1017.947	331.91
1018.299	422.7
1018.65	348.2
1019.002	406.41
1019.353	380.8
1019.704	373.81
1020.055	376.14
1020.407	399.42
1020.758	345.88
1021.108	383.13
1021.459	371.48
1021.81	390.11
1022.161	415.72
1022.511	366.83
1022.862	455.3
1023.213	317.94
1023.563	387.78
1023.913	397.09
1024.264	348.2
1024.614	392.44
1024.964	320.27
1025.314	392.44
1025.664	378.47
1026.014	380.8
1026.364	394.77
1026.713	357.52
1027.063	399.42
1027.413	392.44
1027.762	303.97
1028.112	394.77
1028.461	459.95
1028.81	401.75
1029.16	357.52
1029.509	425.03
1029.858	352.86
1030.207	343.55
1030.556	338.89
1030.905	436.67
1031.254	397.09
1031.602	290
1031.951	383.13
1032.3	399.42
1032.648	443.66
1032.996	443.66
1033.345	443.66
