187.879	20.81
188.346	20.81
188.813	20.81
189.28	-69.99
189.747	-51.36
190.214	-116.55
190.681	-97.93
191.148	-114.22
191.614	-90.94
192.081	-67.66
192.548	-76.97
193.014	-30.41
193.481	16.15
193.948	27.79
194.414	58.06
194.881	62.71
195.347	30.12
195.813	81.34
196.28	9.17
196.746	111.61
197.212	197.75
197.678	130.23
198.145	179.12
198.611	228.01
199.077	139.54
199.543	251.29
200.009	269.92
200.475	283.89
200.941	276.9
201.407	265.26
201.873	363.05
202.338	330.45
202.804	342.09
203.27	309.5
203.735	342.09
204.201	344.42
204.667	337.44
205.132	416.59
205.598	404.95
206.063	337.44
206.529	363.05
206.994	330.45
207.459	337.44
207.925	397.97
208.39	321.14
208.855	418.92
209.32	388.65
209.785	414.26
210.25	374.69
210.715	337.44
211.18	418.92
211.645	411.94
212.11	411.94
212.575	423.58
213.04	386.33
213.504	404.95
213.969	386.33
214.434	344.42
214.899	360.72
215.363	463.16
215.828	328.12
216.292	370.03
216.757	344.42
217.221	323.47
217.685	519.03
218.15	316.48
218.614	295.53
219.078	283.89
219.542	332.78
220.007	388.65
220.471	358.39
220.935	393.31
221.399	290.87
221.863	323.47
222.327	388.65
222.791	356.06
223.254	325.8
223.718	418.92
224.182	388.65
224.646	365.37
225.109	367.7
225.573	358.39
226.037	302.51
226.5	370.03
226.964	344.42
227.427	374.69
227.89	370.03
228.354	407.28
228.817	323.47
229.28	404.95
229.744	409.61
230.207	397.97
230.67	342.09
231.133	402.62
231.596	337.44
232.059	349.08
232.522	365.37
232.985	407.28
233.448	390.98
233.911	409.61
234.374	328.12
234.836	330.45
235.299	374.69
235.762	283.89
236.224	372.36
236.687	339.76
237.149	309.5
237.612	325.8
238.074	351.4
238.537	381.67
238.999	411.94
239.461	395.64
239.924	335.11
240.386	360.72
240.848	386.33
241.31	367.7
241.772	421.25
242.234	377.01
242.696	425.91
243.158	374.69
243.62	384
244.082	349.08
244.544	421.25
245.006	430.56
245.468	358.39
245.929	353.73
246.391	300.19
246.852	409.61
247.314	335.11
247.776	360.72
248.237	321.14
248.698	386.33
249.16	423.58
249.621	460.83
250.082	397.97
250.544	430.56
251.005	351.4
251.466	411.94
251.927	439.87
252.388	425.91
252.849	321.14
253.31	425.91
253.771	428.23
254.232	377.01
254.693	370.03
255.154	342.09
255.615	397.97
256.075	311.83
256.536	267.59
256.997	393.31
257.457	397.97
257.918	421.25
258.378	402.62
258.839	393.31
259.299	367.7
259.759	351.4
260.22	358.39
260.68	381.67
261.14	367.7
261.6	411.94
262.06	397.97
262.521	323.47
262.981	390.98
263.441	365.37
263.901	372.36
264.36	360.72
264.82	397.97
265.28	400.3
265.74	395.64
266.2	349.08
266.659	370.03
267.119	337.44
267.579	432.89
268.038	374.69
268.498	416.59
268.957	346.75
269.416	409.61
269.876	384
270.335	372.36
270.794	402.62
271.254	386.33
271.713	372.36
272.172	381.67
272.631	358.39
273.09	404.95
273.549	411.94
274.008	409.61
274.467	353.73
274.926	374.69
275.385	351.4
275.843	367.7
276.302	404.95
276.761	409.61
277.22	400.3
277.678	407.28
278.137	346.75
278.595	374.69
279.054	372.36
279.512	442.2
279.97	374.69
280.429	451.51
280.887	395.64
281.345	400.3
281.803	425.91
282.262	404.95
282.72	416.59
283.178	402.62
283.636	423.58
284.094	309.5
284.552	374.69
285.01	370.03
285.467	418.92
285.925	393.31
286.383	390.98
286.841	372.36
287.298	421.25
287.756	367.7
288.213	414.26
288.671	414.26
289.128	390.98
289.586	390.98
290.043	388.65
290.5	430.56
290.958	416.59
291.415	451.51
291.872	404.95
292.329	388.65
292.786	390.98
293.243	337.44
293.7	370.03
294.157	402.62
294.614	370.03
295.071	460.83
295.528	442.2
295.985	370.03
296.441	437.55
296.898	397.97
297.355	397.97
297.811	337.44
298.268	328.12
298.724	390.98
299.181	402.62
299.637	421.25
300.094	432.89
300.55	414.26
301.006	428.23
301.462	367.7
301.919	409.61
302.375	416.59
302.831	411.94
303.287	390.98
303.743	370.03
304.199	404.95
304.655	393.31
305.11	423.58
305.566	428.23
306.022	500.41
306.478	411.94
306.933	423.58
307.389	416.59
307.845	432.89
308.3	318.81
308.756	409.61
309.211	463.16
309.666	370.03
310.122	411.94
310.577	437.55
311.032	470.14
311.487	463.16
311.943	365.37
312.398	344.42
312.853	428.23
313.308	491.09
313.763	360.72
314.218	353.73
314.672	423.58
315.127	432.89
315.582	393.31
316.037	458.5
316.492	409.61
316.946	495.75
317.401	453.84
317.855	390.98
318.31	428.23
318.764	428.23
319.219	498.08
319.673	374.69
320.127	414.26
320.582	363.05
321.036	432.89
321.49	505.06
321.944	367.7
322.398	402.62
322.852	428.23
323.306	393.31
323.76	372.36
324.214	481.78
324.668	386.33
325.122	395.64
325.575	432.89
326.029	428.23
326.483	430.56
326.936	463.16
327.39	439.87
327.843	351.4
328.297	414.26
328.75	437.55
329.204	356.06
329.657	404.95
330.11	411.94
330.564	393.31
331.017	456.17
331.47	409.61
331.923	411.94
332.376	325.8
332.829	377.01
333.282	381.67
333.735	358.39
334.188	363.05
334.641	390.98
335.093	421.25
335.546	432.89
335.999	384
336.451	353.73
336.904	432.89
337.356	358.39
337.809	477.12
338.261	414.26
338.714	321.14
339.166	439.87
339.618	416.59
340.07	423.58
340.523	463.16
340.975	393.31
341.427	395.64
341.879	407.28
342.331	416.59
342.783	411.94
343.235	414.26
343.687	328.12
344.138	384
344.59	416.59
345.042	465.48
345.494	356.06
345.945	451.51
346.397	423.58
346.848	370.03
347.3	390.98
347.751	395.64
348.203	444.53
348.654	444.53
349.105	370.03
349.556	339.76
350.008	407.28
350.459	393.31
350.91	318.81
351.361	370.03
351.812	425.91
352.263	384
352.714	428.23
353.165	442.2
353.615	477.12
354.066	425.91
354.517	432.89
354.968	442.2
355.418	491.09
355.869	423.58
356.319	467.81
356.77	411.94
357.22	430.56
357.671	453.84
358.121	435.22
358.571	437.55
359.021	432.89
359.472	423.58
359.922	416.59
360.372	505.06
360.822	465.48
361.272	370.03
361.722	467.81
362.172	388.65
362.622	437.55
363.071	460.83
363.521	416.59
363.971	465.48
364.42	463.16
364.87	493.42
365.32	500.41
365.769	416.59
366.219	437.55
366.668	402.62
367.117	418.92
367.567	467.81
368.016	458.5
368.465	516.7
368.914	442.2
369.363	516.7
369.812	502.73
370.261	456.17
370.71	449.19
371.159	500.41
371.608	537.66
372.057	512.05
372.506	595.86
372.955	521.36
373.403	574.91
373.852	556.28
374.301	609.83
374.749	661.05
375.198	651.74
375.646	751.85
376.094	835.66
376.543	747.19
376.991	735.55
377.439	898.52
377.887	872.91
378.336	1054.5
378.784	1042.86
379.232	1247.74
379.68	1287.32
380.128	1492.2
380.576	1582.99
381.023	1750.62
381.471	1890.31
381.919	2211.59
382.367	2318.69
382.814	2709.82
383.262	2905.38
383.71	3296.51
384.157	3606.15
384.605	4032.2
385.052	4302.27
385.499	4930.87
385.947	5624.66
386.394	6132.19
386.841	6770.1
387.288	7678.08
387.735	8513.89
388.182	9624.41
388.63	10739.59
389.076	11854.78
389.523	13165.52
389.97	14588.02
390.417	15828.92
390.864	17530.8
391.311	19225.69
391.757	21514.26
392.204	23763.25
392.651	25635.08
393.097	28629.07
393.544	30496.25
393.99	33138.69
394.436	35133.92
394.883	37210.62
395.329	39187.22
395.775	40851.84
396.221	41284.88
396.668	42411.7
397.114	42095.07
397.56	41859.93
398.006	41080
398.452	39187.22
398.897	37580.8
399.343	35047.77
399.789	32547.34
400.235	30442.7
400.681	28184.4
401.126	25597.83
401.572	23553.71
402.017	21861.15
402.463	19933.45
402.908	18343.32
403.354	17533.13
403.799	16133.91
404.244	15386.58
404.689	14767.29
405.135	14148
405.58	13379.71
406.025	12974.62
406.47	12651
406.915	12201.67
407.36	11635.93
407.805	11172.63
408.25	10946.8
408.694	10246.03
409.139	9601.13
409.584	9375.3
410.029	8774.64
410.473	8015.66
410.918	7505.8
411.362	7082.08
411.807	6665.34
412.251	6076.32
412.695	5533.86
413.14	5210.25
413.584	4793.51
414.028	4462.91
414.472	4244.07
414.916	3957.7
415.36	3596.84
415.804	3522.34
416.248	3352.39
416.692	3131.21
417.136	2979.88
417.58	2742.41
418.024	2747.07
418.467	2542.19
418.911	2421.13
419.355	2388.53
419.798	2325.67
420.242	2300.06
420.685	2095.19
421.128	2011.37
421.572	1897.29
422.015	1846.07
422.458	1787.87
422.902	1615.59
423.345	1550.4
423.788	1608.6
424.231	1410.71
424.674	1452.62
425.117	1273.35
425.56	1194.19
426.003	1180.22
426.445	1096.41
426.888	1000.96
427.331	1035.88
427.773	1066.15
428.216	910.16
428.659	924.13
429.101	886.88
429.543	847.3
429.986	807.72
430.428	756.5
430.87	754.17
431.313	819.36
431.755	758.83
432.197	742.53
432.639	749.52
433.081	726.24
433.523	670.36
433.965	640.09
434.407	607.5
434.849	677.35
435.291	670.36
435.732	623.8
436.174	640.09
436.616	577.23
437.057	607.5
437.499	637.77
437.94	647.08
438.382	528.34
438.823	539.98
439.264	530.67
439.706	560.94
440.147	537.66
440.588	556.28
441.029	512.05
441.47	502.73
441.911	493.42
442.352	495.75
442.793	467.81
443.234	558.61
443.675	451.51
444.116	470.14
444.556	446.86
444.997	428.23
445.438	386.33
445.878	509.72
446.319	463.16
446.759	451.51
447.199	404.95
447.64	430.56
448.08	430.56
448.52	467.81
448.961	458.5
449.401	505.06
449.841	465.48
450.281	456.17
450.721	349.08
451.161	372.36
451.601	493.42
452.041	414.26
452.48	498.08
452.92	444.53
453.36	400.3
453.799	484.11
454.239	370.03
454.679	449.19
455.118	481.78
455.557	456.17
455.997	409.61
456.436	425.91
456.875	460.83
457.315	430.56
457.754	465.48
458.193	437.55
458.632	435.22
459.071	360.72
459.51	460.83
459.949	479.45
460.388	372.36
460.827	416.59
461.265	435.22
461.704	453.84
462.143	421.25
462.581	437.55
463.02	402.62
463.458	430.56
463.897	379.34
464.335	404.95
464.774	428.23
465.212	428.23
465.65	404.95
466.088	407.28
466.527	449.19
466.965	432.89
467.403	428.23
467.841	486.44
468.279	374.69
468.716	372.36
469.154	356.06
469.592	358.39
470.03	353.73
470.467	404.95
470.905	442.2
471.343	474.8
471.78	449.19
472.218	381.67
472.655	402.62
473.092	425.91
473.53	484.11
473.967	372.36
474.404	442.2
474.841	465.48
475.278	342.09
475.716	418.92
476.153	423.58
476.589	397.97
477.026	428.23
477.463	323.47
477.9	465.48
478.337	425.91
478.773	435.22
479.21	409.61
479.647	370.03
480.083	400.3
480.52	407.28
480.956	379.34
481.392	446.86
481.829	411.94
482.265	423.58
482.701	439.87
483.137	388.65
483.574	423.58
484.01	404.95
484.446	472.47
484.882	353.73
485.317	411.94
485.753	449.19
486.189	379.34
486.625	481.78
487.061	423.58
487.496	437.55
487.932	456.17
488.367	416.59
488.803	491.09
489.238	444.53
489.674	409.61
490.109	437.55
490.544	379.34
490.979	435.22
491.415	467.81
491.85	404.95
492.285	321.14
492.72	346.75
493.155	388.65
493.59	446.86
494.024	407.28
494.459	411.94
494.894	418.92
495.329	411.94
495.763	484.11
496.198	411.94
496.632	418.92
497.067	390.98
497.501	465.48
497.936	395.64
498.37	428.23
498.804	381.67
499.238	390.98
499.673	381.67
500.107	425.91
500.541	428.23
500.975	423.58
501.409	395.64
501.843	404.95
502.277	416.59
502.71	339.76
503.144	486.44
503.578	421.25
504.011	449.19
504.445	435.22
504.878	402.62
505.312	479.45
505.745	321.14
506.179	358.39
506.612	360.72
507.045	442.2
507.479	467.81
507.912	351.4
508.345	425.91
508.778	421.25
509.211	416.59
509.644	372.36
510.077	444.53
510.509	439.87
510.942	460.83
511.375	449.19
511.808	414.26
512.24	388.65
512.673	409.61
513.105	393.31
513.538	474.8
513.97	430.56
514.403	397.97
514.835	335.11
515.267	442.2
515.699	409.61
516.131	423.58
516.564	397.97
516.996	400.3
517.428	407.28
517.859	442.2
518.291	444.53
518.723	370.03
519.155	400.3
519.587	384
520.018	477.12
520.45	356.06
520.881	393.31
521.313	409.61
521.744	488.77
522.176	423.58
522.607	428.23
523.038	428.23
523.47	414.26
523.901	365.37
524.332	435.22
524.763	428.23
525.194	418.92
525.625	458.5
526.056	395.64
526.487	416.59
526.917	460.83
527.348	432.89
527.779	409.61
528.21	463.16
528.64	337.44
529.071	449.19
529.501	393.31
529.932	460.83
530.362	435.22
530.792	367.7
531.222	418.92
531.653	316.48
532.083	435.22
532.513	477.12
532.943	435.22
533.373	358.39
533.803	446.86
534.233	384
534.663	377.01
535.092	486.44
535.522	365.37
535.952	363.05
536.381	400.3
536.811	379.34
537.24	418.92
537.67	432.89
538.099	428.23
538.529	442.2
538.958	421.25
539.387	428.23
539.816	337.44
540.245	390.98
540.674	402.62
541.103	437.55
541.532	460.83
541.961	404.95
542.39	400.3
542.819	432.89
543.248	404.95
543.676	337.44
544.105	425.91
544.534	386.33
544.962	388.65
545.391	421.25
545.819	404.95
546.247	458.5
546.676	453.84
547.104	365.37
547.532	418.92
547.96	430.56
548.388	381.67
548.816	416.59
549.244	418.92
549.672	404.95
550.1	414.26
550.528	358.39
550.956	374.69
551.383	428.23
551.811	435.22
552.238	379.34
552.666	407.28
553.094	349.08
553.521	432.89
553.948	425.91
554.376	439.87
554.803	411.94
555.23	435.22
555.657	374.69
556.084	421.25
556.511	400.3
556.938	414.26
557.365	402.62
557.792	451.51
558.219	353.73
558.646	377.01
559.072	467.81
559.499	442.2
559.926	384
560.352	316.48
560.779	365.37
561.205	377.01
561.632	449.19
562.058	344.42
562.484	479.45
562.91	358.39
563.337	453.84
563.763	390.98
564.189	428.23
564.615	425.91
565.041	444.53
565.466	370.03
565.892	428.23
566.318	297.86
566.744	435.22
567.169	402.62
567.595	365.37
568.021	456.17
568.446	344.42
568.872	374.69
569.297	353.73
569.722	414.26
570.148	400.3
570.573	344.42
570.998	432.89
571.423	432.89
571.848	453.84
572.273	456.17
572.698	437.55
573.123	384
573.548	439.87
573.973	444.53
574.397	353.73
574.822	409.61
575.247	381.67
575.671	344.42
576.096	388.65
576.52	395.64
576.944	395.64
577.369	353.73
577.793	414.26
578.217	444.53
578.641	379.34
579.065	449.19
579.49	395.64
579.914	397.97
580.337	444.53
580.761	458.5
581.185	400.3
581.609	374.69
582.033	477.12
582.456	356.06
582.88	432.89
583.303	400.3
583.727	395.64
584.15	367.7
584.574	474.8
584.997	370.03
585.42	456.17
585.844	374.69
586.267	458.5
586.69	465.48
587.113	351.4
587.536	451.51
587.959	353.73
588.382	521.36
588.804	367.7
589.227	444.53
589.65	402.62
590.073	428.23
590.495	353.73
590.918	374.69
591.34	370.03
591.763	395.64
592.185	418.92
592.607	367.7
593.03	335.11
593.452	397.97
593.874	388.65
594.296	404.95
594.718	467.81
595.14	442.2
595.562	402.62
595.984	397.97
596.406	365.37
596.827	428.23
597.249	435.22
597.671	474.8
598.092	397.97
598.514	428.23
598.935	404.95
599.357	439.87
599.778	521.36
600.199	360.72
600.621	418.92
601.042	402.62
601.463	432.89
601.884	460.83
602.305	411.94
602.726	400.3
603.147	451.51
603.568	421.25
603.988	402.62
604.409	386.33
604.83	484.11
605.25	458.5
605.671	446.86
606.092	377.01
606.512	425.91
606.932	358.39
607.353	353.73
607.773	409.61
608.193	393.31
608.613	430.56
609.034	379.34
609.454	349.08
609.874	470.14
610.293	432.89
610.713	404.95
611.133	411.94
611.553	435.22
611.973	393.31
612.392	407.28
612.812	416.59
613.231	358.39
613.651	388.65
614.07	404.95
614.49	472.47
614.909	458.5
615.328	402.62
615.747	393.31
616.167	411.94
616.586	421.25
617.005	409.61
617.424	456.17
617.843	386.33
618.261	493.42
618.68	381.67
619.099	400.3
619.518	386.33
619.936	416.59
620.355	381.67
620.773	442.2
621.192	381.67
621.61	384
622.029	444.53
622.447	428.23
622.865	388.65
623.283	358.39
623.701	377.01
624.119	393.31
624.537	372.36
624.955	467.81
625.373	397.97
625.791	397.97
626.209	377.01
626.627	377.01
627.044	428.23
627.462	351.4
627.879	388.65
628.297	402.62
628.714	430.56
629.132	456.17
629.549	435.22
629.966	435.22
630.383	465.48
630.8	404.95
631.217	330.45
631.634	314.15
632.051	421.25
632.468	414.26
632.885	374.69
633.302	374.69
633.719	393.31
634.135	484.11
634.552	384
634.969	437.55
635.385	400.3
635.801	451.51
636.218	390.98
636.634	367.7
637.05	404.95
637.467	432.89
637.883	402.62
638.299	418.92
638.715	421.25
639.131	356.06
639.547	370.03
639.963	432.89
640.378	349.08
640.794	446.86
641.21	381.67
641.626	388.65
642.041	374.69
642.457	425.91
642.872	381.67
643.287	414.26
643.703	379.34
644.118	395.64
644.533	388.65
644.948	381.67
645.364	323.47
645.779	393.31
646.194	435.22
646.609	467.81
647.023	446.86
647.438	402.62
647.853	400.3
648.268	388.65
648.682	409.61
649.097	428.23
649.511	418.92
649.926	390.98
650.34	421.25
650.755	414.26
651.169	367.7
651.583	437.55
651.997	381.67
652.411	437.55
652.825	435.22
653.239	384
653.653	367.7
654.067	409.61
654.481	423.58
654.895	430.56
655.309	400.3
655.722	356.06
656.136	395.64
656.549	346.75
656.963	395.64
657.376	446.86
657.79	395.64
658.203	416.59
658.616	456.17
659.029	435.22
659.442	451.51
659.855	384
660.268	337.44
660.681	414.26
661.094	393.31
661.507	374.69
661.92	335.11
662.333	395.64
662.745	421.25
663.158	409.61
663.57	363.05
663.983	409.61
664.395	463.16
664.808	428.23
665.22	372.36
665.632	395.64
666.044	372.36
666.456	439.87
666.868	372.36
667.28	423.58
667.692	444.53
668.104	451.51
668.516	442.2
668.928	404.95
669.34	439.87
669.751	360.72
670.163	435.22
670.574	435.22
670.986	430.56
671.397	437.55
671.809	425.91
672.22	397.97
672.631	346.75
673.042	358.39
673.453	456.17
673.864	500.41
674.275	351.4
674.686	442.2
675.097	416.59
675.508	395.64
675.919	402.62
676.33	421.25
676.74	365.37
677.151	430.56
677.561	370.03
677.972	358.39
678.382	390.98
678.792	460.83
679.203	395.64
679.613	402.62
680.023	346.75
680.433	456.17
680.843	388.65
681.253	421.25
681.663	367.7
682.073	377.01
682.483	381.67
682.893	421.25
683.302	404.95
683.712	458.5
684.122	444.53
684.531	358.39
684.94	325.8
685.35	328.12
685.759	390.98
686.168	416.59
686.578	356.06
686.987	418.92
687.396	432.89
687.805	367.7
688.214	388.65
688.623	395.64
689.032	428.23
689.44	374.69
689.849	365.37
690.258	453.84
690.666	411.94
691.075	386.33
691.484	432.89
691.892	344.42
692.3	453.84
692.709	414.26
693.117	384
693.525	397.97
693.933	358.39
694.341	486.44
694.749	384
695.157	456.17
695.565	435.22
695.973	332.78
696.381	395.64
696.788	428.23
697.196	363.05
697.604	360.72
698.011	365.37
698.419	337.44
698.826	390.98
699.234	316.48
699.641	425.91
700.048	428.23
700.455	432.89
700.862	442.2
701.269	358.39
701.676	435.22
702.083	330.45
702.49	407.28
702.897	453.84
703.304	435.22
703.71	365.37
704.117	365.37
704.524	411.94
704.93	430.56
705.337	365.37
705.743	381.67
706.149	484.11
706.556	358.39
706.962	339.76
707.368	404.95
707.774	363.05
708.18	377.01
708.586	402.62
708.992	444.53
709.398	374.69
709.804	367.7
710.209	439.87
710.615	386.33
711.021	332.78
711.426	432.89
711.832	379.34
712.237	395.64
712.642	393.31
713.048	402.62
713.453	430.56
713.858	416.59
714.263	407.28
714.668	395.64
715.073	395.64
715.478	437.55
715.883	449.19
716.288	356.06
716.693	402.62
717.097	444.53
717.502	474.8
717.906	428.23
718.311	409.61
718.715	390.98
719.12	384
719.524	372.36
719.928	377.01
720.333	390.98
720.737	377.01
721.141	432.89
721.545	428.23
721.949	328.12
722.353	363.05
722.757	346.75
723.16	356.06
723.564	353.73
723.968	423.58
724.371	381.67
724.775	484.11
725.178	381.67
725.582	432.89
725.985	393.31
726.388	386.33
726.792	451.51
727.195	456.17
727.598	314.15
728.001	367.7
728.404	379.34
728.807	384
729.21	339.76
729.612	337.44
730.015	397.97
730.418	397.97
730.82	418.92
731.223	458.5
731.625	395.64
732.028	425.91
732.43	444.53
732.833	390.98
733.235	377.01
733.637	351.4
734.039	356.06
734.441	477.12
734.843	377.01
735.245	393.31
735.647	388.65
736.049	395.64
736.451	423.58
736.852	416.59
737.254	428.23
737.655	402.62
738.057	370.03
738.458	374.69
738.86	402.62
739.261	414.26
739.662	414.26
740.064	384
740.465	339.76
740.866	390.98
741.267	384
741.668	411.94
742.069	367.7
742.469	407.28
742.87	386.33
743.271	353.73
743.672	321.14
744.072	370.03
744.473	328.12
744.873	407.28
745.274	381.67
745.674	379.34
746.074	430.56
746.474	409.61
746.875	416.59
747.275	404.95
747.675	370.03
748.075	358.39
748.474	390.98
748.874	416.59
749.274	397.97
749.674	337.44
750.073	370.03
750.473	353.73
750.873	384
751.272	411.94
751.671	381.67
752.071	374.69
752.47	358.39
752.869	386.33
753.268	377.01
753.668	451.51
754.067	353.73
754.466	411.94
754.864	449.19
755.263	379.34
755.662	435.22
756.061	428.23
756.459	344.42
756.858	395.64
757.257	328.12
757.655	360.72
758.053	367.7
758.452	460.83
758.85	351.4
759.248	437.55
759.646	388.65
760.045	356.06
760.443	407.28
760.841	397.97
761.238	465.48
761.636	421.25
762.034	363.05
762.432	351.4
762.829	328.12
763.227	409.61
763.625	390.98
764.022	390.98
764.419	458.5
764.817	460.83
765.214	400.3
765.611	386.33
766.008	386.33
766.406	381.67
766.803	370.03
767.199	390.98
767.596	370.03
767.993	356.06
768.39	451.51
768.787	430.56
769.183	428.23
769.58	388.65
769.977	414.26
770.373	374.69
770.769	363.05
771.166	372.36
771.562	453.84
771.958	379.34
772.354	372.36
772.75	432.89
773.146	442.2
773.542	393.31
773.938	397.97
774.334	353.73
774.73	351.4
775.126	397.97
775.521	377.01
775.917	346.75
776.312	428.23
776.708	384
777.103	374.69
777.499	374.69
777.894	367.7
778.289	367.7
778.684	353.73
779.079	358.39
779.474	372.36
779.869	365.37
780.264	356.06
780.659	437.55
781.054	435.22
781.448	358.39
781.843	377.01
782.238	423.58
782.632	349.08
783.027	439.87
783.421	384
783.815	444.53
784.21	421.25
784.604	346.75
784.998	363.05
785.392	400.3
785.786	351.4
786.18	321.14
786.574	316.48
786.968	363.05
787.361	470.14
787.755	360.72
788.149	411.94
788.542	414.26
788.936	390.98
789.329	332.78
789.722	449.19
790.116	372.36
790.509	384
790.902	302.51
791.295	351.4
791.688	353.73
792.081	418.92
792.474	330.45
792.867	323.47
793.26	360.72
793.653	418.92
794.045	377.01
794.438	402.62
794.83	411.94
795.223	360.72
795.615	390.98
796.008	444.53
796.4	381.67
796.792	377.01
797.184	407.28
797.576	465.48
797.968	393.31
798.36	372.36
798.752	407.28
799.144	365.37
799.536	353.73
799.928	344.42
800.319	339.76
800.711	458.5
801.102	414.26
801.494	381.67
801.885	344.42
802.276	458.5
802.668	377.01
803.059	374.69
803.45	423.58
803.841	321.14
804.232	404.95
804.623	393.31
805.014	400.3
805.405	393.31
805.795	370.03
806.186	435.22
806.577	372.36
806.967	390.98
807.358	400.3
807.748	425.91
808.139	397.97
808.529	437.55
808.919	437.55
809.309	404.95
809.699	411.94
810.089	421.25
810.479	442.2
810.869	372.36
811.259	421.25
811.649	358.39
812.039	372.36
812.428	407.28
812.818	400.3
813.207	381.67
813.597	384
813.986	409.61
814.376	458.5
814.765	428.23
815.154	367.7
815.543	335.11
815.932	409.61
816.321	418.92
816.71	390.98
817.099	397.97
817.488	428.23
817.877	321.14
818.265	414.26
818.654	377.01
819.043	407.28
819.431	339.76
819.819	370.03
820.208	425.91
820.596	435.22
820.984	356.06
821.372	393.31
821.761	397.97
822.149	411.94
822.537	342.09
822.924	386.33
823.312	386.33
823.7	374.69
824.088	349.08
824.475	407.28
824.863	365.37
825.251	397.97
825.638	409.61
826.025	351.4
826.413	346.75
826.8	404.95
827.187	393.31
827.574	414.26
827.961	416.59
828.348	442.2
828.735	388.65
829.122	386.33
829.509	411.94
829.896	411.94
830.282	370.03
830.669	388.65
831.055	337.44
831.442	442.2
831.828	390.98
832.215	365.37
832.601	342.09
832.987	395.64
833.373	370.03
833.759	423.58
834.145	437.55
834.531	430.56
834.917	439.87
835.303	393.31
835.689	421.25
836.074	363.05
836.46	377.01
836.846	372.36
837.231	386.33
837.617	395.64
838.002	409.61
838.387	458.5
838.772	423.58
839.158	393.31
839.543	314.15
839.928	293.2
840.313	390.98
840.698	342.09
841.082	442.2
841.467	421.25
841.852	458.5
842.237	367.7
842.621	393.31
843.006	449.19
843.39	409.61
843.774	423.58
844.159	370.03
844.543	358.39
844.927	418.92
845.311	377.01
845.695	356.06
846.079	388.65
846.463	397.97
846.847	456.17
847.231	397.97
847.615	395.64
847.998	346.75
848.382	407.28
848.765	404.95
849.149	370.03
849.532	379.34
849.916	395.64
850.299	318.81
850.682	379.34
851.065	360.72
851.448	332.78
851.831	384
852.214	390.98
852.597	411.94
852.98	365.37
853.363	393.31
853.745	404.95
854.128	390.98
854.51	363.05
854.893	386.33
855.275	395.64
855.658	407.28
856.04	404.95
856.422	377.01
856.804	360.72
857.186	388.65
857.568	365.37
857.95	388.65
858.332	360.72
858.714	356.06
859.096	323.47
859.477	377.01
859.859	411.94
860.24	346.75
860.622	390.98
861.003	421.25
861.385	435.22
861.766	358.39
862.147	372.36
862.528	311.83
862.909	358.39
863.29	407.28
863.671	411.94
864.052	409.61
864.433	351.4
864.814	416.59
865.194	370.03
865.575	386.33
865.955	363.05
866.336	379.34
866.716	379.34
867.097	425.91
867.477	388.65
867.857	377.01
868.237	379.34
868.617	365.37
868.997	365.37
869.377	416.59
869.757	449.19
870.137	328.12
870.517	423.58
870.896	377.01
871.276	388.65
871.655	437.55
872.035	381.67
872.414	402.62
872.794	397.97
873.173	439.87
873.552	363.05
873.931	404.95
874.31	390.98
874.689	388.65
875.068	395.64
875.447	465.48
875.826	332.78
876.205	386.33
876.583	388.65
876.962	356.06
877.341	418.92
877.719	397.97
878.097	416.59
878.476	453.84
878.854	404.95
879.232	335.11
879.61	328.12
879.988	393.31
880.366	356.06
880.744	411.94
881.122	409.61
881.5	395.64
881.878	358.39
882.255	414.26
882.633	386.33
883.011	344.42
883.388	342.09
883.765	351.4
884.143	342.09
884.52	360.72
884.897	437.55
885.274	393.31
885.651	374.69
886.028	397.97
886.405	421.25
886.782	390.98
887.159	395.64
887.536	307.17
887.912	346.75
888.289	390.98
888.665	395.64
889.042	351.4
889.418	377.01
889.794	363.05
890.171	400.3
890.547	402.62
890.923	370.03
891.299	421.25
891.675	349.08
892.051	386.33
892.427	390.98
892.803	342.09
893.178	372.36
893.554	309.5
893.929	430.56
894.305	437.55
894.68	416.59
895.056	423.58
895.431	377.01
895.806	414.26
896.181	432.89
896.557	328.12
896.932	402.62
897.307	458.5
897.681	402.62
898.056	365.37
898.431	400.3
898.806	390.98
899.18	428.23
899.555	377.01
899.929	409.61
900.304	321.14
900.678	414.26
901.052	330.45
901.427	449.19
901.801	377.01
902.175	411.94
902.549	388.65
902.923	356.06
903.297	446.86
903.67	384
904.044	358.39
904.418	397.97
904.791	344.42
905.165	335.11
905.538	372.36
905.912	463.16
906.285	388.65
906.658	377.01
907.032	479.45
907.405	423.58
907.778	374.69
908.151	379.34
908.524	365.37
908.896	379.34
909.269	346.75
909.642	372.36
910.015	379.34
910.387	363.05
910.76	328.12
911.132	344.42
911.504	470.14
911.877	421.25
912.249	353.73
912.621	372.36
912.993	377.01
913.365	393.31
913.737	381.67
914.109	307.17
914.481	446.86
914.853	356.06
915.224	367.7
915.596	404.95
915.968	428.23
916.339	451.51
916.71	344.42
917.082	449.19
917.453	374.69
917.824	432.89
918.195	397.97
918.566	414.26
918.937	395.64
919.308	372.36
919.679	374.69
920.05	397.97
920.421	388.65
920.791	384
921.162	372.36
921.532	339.76
921.903	425.91
922.273	384
922.644	395.64
923.014	358.39
923.384	439.87
923.754	393.31
924.124	432.89
924.494	388.65
924.864	393.31
925.234	395.64
925.604	363.05
925.973	374.69
926.343	430.56
926.712	400.3
927.082	379.34
927.451	344.42
927.821	363.05
928.19	395.64
928.559	418.92
928.928	453.84
929.297	363.05
929.666	432.89
930.035	411.94
930.404	386.33
930.773	351.4
931.142	349.08
931.51	323.47
931.879	409.61
932.247	370.03
932.616	439.87
932.984	444.53
933.353	444.53
933.721	400.3
934.089	416.59
934.457	400.3
934.825	360.72
935.193	430.56
935.561	339.76
935.929	453.84
936.296	423.58
936.664	435.22
937.032	344.42
937.399	337.44
937.767	421.25
938.134	421.25
938.501	458.5
938.869	432.89
939.236	390.98
939.603	442.2
939.97	446.86
940.337	293.2
940.704	309.5
941.071	390.98
941.438	425.91
941.804	377.01
942.171	407.28
942.538	418.92
942.904	381.67
943.27	346.75
943.637	393.31
944.003	407.28
944.369	409.61
944.735	395.64
945.102	400.3
945.468	390.98
945.833	365.37
946.199	330.45
946.565	397.97
946.931	437.55
947.296	339.76
947.662	372.36
948.028	318.81
948.393	365.37
948.758	325.8
949.124	388.65
949.489	386.33
949.854	363.05
950.219	409.61
950.584	381.67
950.949	421.25
951.314	365.37
951.679	451.51
952.044	400.3
952.408	432.89
952.773	400.3
953.137	400.3
953.502	425.91
953.866	381.67
954.231	356.06
954.595	409.61
954.959	414.26
955.323	370.03
955.687	344.42
956.051	414.26
956.415	409.61
956.779	351.4
957.143	374.69
957.506	390.98
957.87	323.47
958.234	400.3
958.597	374.69
958.961	358.39
959.324	451.51
959.687	356.06
960.05	377.01
960.413	409.61
960.776	439.87
961.139	509.72
961.502	358.39
961.865	342.09
962.228	377.01
962.591	418.92
962.953	374.69
963.316	421.25
963.678	295.53
964.041	388.65
964.403	381.67
964.765	344.42
965.128	456.17
965.49	416.59
965.852	453.84
966.214	414.26
966.576	516.7
966.938	386.33
967.299	458.5
967.661	351.4
968.023	351.4
968.384	337.44
968.746	342.09
969.107	358.39
969.469	384
969.83	384
970.191	367.7
970.552	346.75
970.913	430.56
971.274	409.61
971.635	316.48
971.996	421.25
972.357	367.7
972.718	437.55
973.078	344.42
973.439	409.61
973.8	353.73
974.16	384
974.52	395.64
974.881	386.33
975.241	372.36
975.601	414.26
975.961	395.64
976.321	323.47
976.681	379.34
977.041	404.95
977.401	416.59
977.76	411.94
978.12	435.22
978.48	416.59
978.839	416.59
979.199	393.31
979.558	321.14
979.917	444.53
980.277	430.56
980.636	397.97
980.995	423.58
981.354	337.44
981.713	416.59
982.072	404.95
982.43	365.37
982.789	365.37
983.148	349.08
983.506	351.4
983.865	425.91
984.223	390.98
984.582	367.7
984.94	453.84
985.298	314.15
985.656	449.19
986.015	423.58
986.373	370.03
986.731	374.69
987.088	411.94
987.446	377.01
987.804	379.34
988.162	351.4
988.519	377.01
988.877	339.76
989.234	425.91
989.591	360.72
989.949	444.53
990.306	388.65
990.663	365.37
991.02	416.59
991.377	346.75
991.734	365.37
992.091	328.12
992.448	330.45
992.805	370.03
993.161	437.55
993.518	316.48
993.874	386.33
994.231	416.59
994.587	360.72
994.943	409.61
995.3	451.51
995.656	421.25
996.012	439.87
996.368	407.28
996.724	414.26
997.08	407.28
997.435	423.58
997.791	404.95
998.147	370.03
998.502	402.62
998.858	425.91
999.213	300.19
999.569	407.28
999.924	384
1000.279	363.05
1000.634	411.94
1000.989	358.39
1001.344	421.25
1001.699	423.58
1002.054	409.61
1002.409	437.55
1002.764	374.69
1003.118	302.51
1003.473	365.37
1003.827	377.01
1004.182	330.45
1004.536	456.17
1004.89	374.69
1005.245	395.64
1005.599	360.72
1005.953	388.65
1006.307	446.86
1006.661	386.33
1007.015	365.37
1007.368	384
1007.722	393.31
1008.076	404.95
1008.429	356.06
1008.783	428.23
1009.136	349.08
1009.489	428.23
1009.843	421.25
1010.196	414.26
1010.549	372.36
1010.902	393.31
1011.255	358.39
1011.608	390.98
1011.961	397.97
1012.313	377.01
1012.666	409.61
1013.019	388.65
1013.371	363.05
1013.724	346.75
1014.076	421.25
1014.428	377.01
1014.781	439.87
1015.133	414.26
1015.485	390.98
1015.837	381.67
1016.189	379.34
1016.541	349.08
1016.893	388.65
1017.244	404.95
1017.596	358.39
1017.947	360.72
1018.299	379.34
1018.65	416.59
1019.002	323.47
1019.353	425.91
1019.704	430.56
1020.055	407.28
1020.407	388.65
1020.758	444.53
1021.108	411.94
1021.459	321.14
1021.81	337.44
1022.161	356.06
1022.511	407.28
1022.862	409.61
1023.213	393.31
1023.563	442.2
1023.913	395.64
1024.264	393.31
1024.614	344.42
1024.964	395.64
1025.314	370.03
1025.664	379.34
1026.014	432.89
1026.364	339.76
1026.713	388.65
1027.063	360.72
1027.413	384
1027.762	397.97
1028.112	407.28
1028.461	365.37
1028.81	365.37
1029.16	386.33
1029.509	402.62
1029.858	416.59
1030.207	358.39
1030.556	330.45
1030.905	388.65
1031.254	367.7
1031.602	365.37
1031.951	407.28
1032.3	356.06
1032.648	388.65
1032.996	388.65
1033.345	388.65
