187.879	27.5
188.346	27.5
188.813	27.5
189.28	-114.52
189.747	-74.94
190.214	-95.89
190.681	-79.59
191.148	-56.31
191.614	-112.19
192.081	-49.33
192.548	-79.59
193.014	-47
193.481	-26.05
193.948	-35.36
194.414	18.19
194.881	83.38
195.347	29.83
195.813	81.05
196.28	141.58
196.746	53.11
197.212	174.17
197.678	146.24
198.145	162.53
198.611	220.74
199.077	297.57
199.543	199.78
200.009	255.66
200.475	260.32
200.941	269.63
201.407	234.71
201.873	283.6
202.338	344.13
202.804	248.68
203.27	309.21
203.735	323.18
204.201	348.79
204.667	420.96
205.132	362.75
205.598	402.33
206.063	413.97
206.529	400
206.994	379.05
207.459	365.08
207.925	416.3
208.39	427.94
208.855	365.08
209.32	395.35
209.785	393.02
210.25	437.26
210.715	374.4
211.18	369.74
211.645	413.97
212.11	369.74
212.575	355.77
213.04	388.36
213.504	386.04
213.969	441.91
214.434	446.57
214.899	439.58
215.363	451.22
215.828	423.29
216.292	386.04
216.757	383.71
217.221	379.05
217.685	451.22
218.15	339.47
218.614	358.1
219.078	346.46
219.542	362.75
220.007	474.51
220.471	400
220.935	469.85
221.399	369.74
221.863	351.11
222.327	332.49
222.791	295.24
223.254	353.44
223.718	372.07
224.182	376.72
224.646	413.97
225.109	386.04
225.573	374.4
226.037	406.99
226.5	376.72
226.964	339.47
227.427	325.5
227.89	458.21
228.354	395.35
228.817	362.75
229.28	376.72
229.744	360.43
230.207	379.05
230.67	418.63
231.133	332.49
231.596	330.16
232.059	358.1
232.522	390.69
232.985	318.52
233.448	413.97
233.911	376.72
234.374	390.69
234.836	388.36
235.299	360.43
235.762	367.41
236.224	344.13
236.687	374.4
237.149	339.47
237.612	432.6
238.074	386.04
238.537	393.02
238.999	411.65
239.461	386.04
239.924	353.44
240.386	330.16
240.848	397.68
241.31	346.46
241.772	381.38
242.234	332.49
242.696	451.22
243.158	404.66
243.62	346.46
244.082	369.74
244.544	297.57
245.006	334.82
245.468	400
245.929	369.74
246.391	348.79
246.852	360.43
247.314	374.4
247.776	379.05
248.237	358.1
248.698	348.79
249.16	413.97
249.621	346.46
250.082	344.13
250.544	348.79
251.005	418.63
251.466	362.75
251.927	425.61
252.388	346.46
252.849	386.04
253.31	360.43
253.771	388.36
254.232	372.07
254.693	397.68
255.154	381.38
255.615	395.35
256.075	460.54
256.536	351.11
256.997	432.6
257.457	406.99
257.918	334.82
258.378	381.38
258.839	413.97
259.299	381.38
259.759	404.66
260.22	379.05
260.68	346.46
261.14	334.82
261.6	374.4
262.06	353.44
262.521	409.32
262.981	397.68
263.441	365.08
263.901	369.74
264.36	369.74
264.82	374.4
265.28	404.66
265.74	323.18
266.2	400
266.659	432.6
267.119	374.4
267.579	400
268.038	348.79
268.498	341.8
268.957	418.63
269.416	327.83
269.876	360.43
270.335	409.32
270.794	427.94
271.254	406.99
271.713	351.11
272.172	353.44
272.631	411.65
273.09	406.99
273.549	325.5
274.008	395.35
274.467	290.58
274.926	402.33
275.385	353.44
275.843	374.4
276.302	316.19
276.761	448.9
277.22	397.68
277.678	327.83
278.137	383.71
278.595	425.61
279.054	448.9
279.512	451.22
279.97	402.33
280.429	355.77
280.887	381.38
281.345	411.65
281.803	358.1
282.262	411.65
282.72	397.68
283.178	420.96
283.636	374.4
284.094	432.6
284.552	360.43
285.01	409.32
285.467	397.68
285.925	393.02
286.383	437.26
286.841	353.44
287.298	388.36
287.756	381.38
288.213	355.77
288.671	383.71
289.128	374.4
289.586	386.04
290.043	425.61
290.5	430.27
290.958	388.36
291.415	411.65
291.872	404.66
292.329	390.69
292.786	369.74
293.243	348.79
293.7	420.96
294.157	334.82
294.614	388.36
295.071	446.57
295.528	390.69
295.985	388.36
296.441	393.02
296.898	423.29
297.355	444.24
297.811	402.33
298.268	437.26
298.724	379.05
299.181	409.32
299.637	367.41
300.094	444.24
300.55	402.33
301.006	390.69
301.462	332.49
301.919	423.29
302.375	469.85
302.831	434.93
303.287	411.65
303.743	400
304.199	395.35
304.655	437.26
305.11	353.44
305.566	393.02
306.022	402.33
306.478	465.19
306.933	462.86
307.389	430.27
307.845	458.21
308.3	425.61
308.756	420.96
309.211	455.88
309.666	434.93
310.122	439.58
310.577	381.38
311.032	369.74
311.487	430.27
311.943	441.91
312.398	406.99
312.853	393.02
313.308	302.22
313.763	369.74
314.218	409.32
314.672	390.69
315.127	430.27
315.582	376.72
316.037	437.26
316.492	476.83
316.946	406.99
317.401	420.96
317.855	446.57
318.31	393.02
318.764	411.65
319.219	502.44
319.673	355.77
320.127	448.9
320.582	393.02
321.036	393.02
321.49	411.65
321.944	369.74
322.398	309.21
322.852	374.4
323.306	439.58
323.76	420.96
324.214	409.32
324.668	434.93
325.122	388.36
325.575	434.93
326.029	430.27
326.483	365.08
326.936	418.63
327.39	400
327.843	334.82
328.297	388.36
328.75	430.27
329.204	383.71
329.657	448.9
330.11	458.21
330.564	437.26
331.017	420.96
331.47	374.4
331.923	434.93
332.376	476.83
332.829	476.83
333.282	388.36
333.735	448.9
334.188	390.69
334.641	425.61
335.093	490.8
335.546	386.04
335.999	406.99
336.451	341.8
336.904	386.04
337.356	437.26
337.809	427.94
338.261	395.35
338.714	390.69
339.166	353.44
339.618	406.99
340.07	467.52
340.523	409.32
340.975	420.96
341.427	365.08
341.879	423.29
342.331	346.46
342.783	430.27
343.235	430.27
343.687	420.96
344.138	427.94
344.59	439.58
345.042	379.05
345.494	434.93
345.945	365.08
346.397	393.02
346.848	476.83
347.3	432.6
347.751	441.91
348.203	448.9
348.654	420.96
349.105	448.9
349.556	409.32
350.008	400
350.459	402.33
350.91	397.68
351.361	439.58
351.812	379.05
352.263	430.27
352.714	495.46
353.165	386.04
353.615	458.21
354.066	483.82
354.517	393.02
354.968	416.3
355.418	376.72
355.869	393.02
356.319	397.68
356.77	351.11
357.22	423.29
357.671	516.41
358.121	402.33
358.571	460.54
359.021	479.16
359.472	400
359.922	474.51
360.372	495.46
360.822	460.54
361.272	437.26
361.722	434.93
362.172	388.36
362.622	495.46
363.071	372.07
363.521	411.65
363.971	409.32
364.42	469.85
364.87	360.43
365.32	481.49
365.769	430.27
366.219	393.02
366.668	427.94
367.117	441.91
367.567	409.32
368.016	406.99
368.465	523.4
368.914	486.15
369.363	446.57
369.812	434.93
370.261	535.04
370.71	434.93
371.159	476.83
371.608	537.37
372.057	446.57
372.506	521.07
372.955	525.72
373.403	583.93
373.852	632.82
374.301	602.55
374.749	593.24
375.198	693.35
375.646	721.29
376.094	714.3
376.543	833.04
376.991	814.41
377.439	958.76
377.887	972.73
378.336	1000.67
378.784	1163.64
379.232	1205.54
379.68	1319.62
380.128	1484.92
380.576	1615.3
381.023	1803.88
381.471	1917.96
381.919	2155.43
382.367	2458.09
382.814	2672.28
383.262	3049.44
383.71	3242.67
384.157	3603.53
384.605	3978.37
385.052	4579.03
385.499	4963.17
385.947	5636.01
386.394	6259.95
386.841	6874.58
387.288	7770.92
387.735	8699.85
388.182	9780.11
388.63	10376.11
389.076	11773
389.523	12888.18
389.97	14515.56
390.417	16140.6
390.864	17556.12
391.311	19404.67
391.757	21448.78
392.204	23332.25
392.651	25993.32
393.097	28330.78
393.544	30656.6
393.99	32800.82
394.436	34777.42
394.883	37405.9
395.329	39254.44
395.775	40558.21
396.221	41121.62
396.668	42027.27
397.114	41854.98
397.56	41647.78
398.006	40260.2
398.452	39042.58
398.897	37466.43
399.343	35312.89
399.789	32256.04
400.235	30426.11
400.681	27900.07
401.126	25397.32
401.572	23525.49
402.017	21506.98
402.463	19646.79
402.908	18198.69
403.354	17244.15
403.799	16177.85
404.244	15286.17
404.689	14615.67
405.135	14110.46
405.58	13563.35
406.025	12965.01
406.47	12618.12
406.915	12175.77
407.36	11833.53
407.805	11137.42
408.25	11046.62
408.694	10366.8
409.139	9675.34
409.584	9265.59
410.029	8839.54
410.473	8103.84
410.918	7670.81
411.362	7032.89
411.807	6506.73
412.251	5929.35
412.695	5514.94
413.14	5037.67
413.584	4877.03
414.028	4483.57
414.472	4125.04
414.916	3894.55
415.36	3736.24
415.804	3319.5
416.248	3342.78
416.692	3075.05
417.136	2967.95
417.58	2860.86
418.024	2742.12
418.467	2539.57
418.911	2534.92
419.355	2476.71
419.798	2246.22
420.242	2178.71
420.685	2118.18
421.128	2041.35
421.572	2046
422.015	1864.41
422.458	1827.16
422.902	1661.86
423.345	1640.91
423.788	1540.8
424.231	1473.28
424.674	1487.25
425.117	1326.61
425.56	1282.37
426.003	1098.45
426.445	1119.4
426.888	1154.32
427.331	968.07
427.773	944.79
428.216	914.53
428.659	933.15
429.101	919.18
429.543	872.62
429.986	893.57
430.428	853.99
430.87	840.02
431.313	739.91
431.755	795.79
432.197	635.15
432.639	688.69
433.081	746.9
433.523	702.66
433.965	665.41
434.407	630.49
434.849	672.4
435.291	649.12
435.732	637.48
436.174	674.73
436.616	618.85
437.057	616.52
437.499	609.54
437.94	539.69
438.382	549.01
438.823	549.01
439.264	537.37
439.706	576.94
440.147	588.58
440.588	537.37
441.029	565.3
441.47	511.76
441.911	439.58
442.352	528.05
442.793	525.72
443.234	386.04
443.675	472.18
444.116	500.12
444.556	488.47
444.997	418.63
445.438	530.38
445.878	451.22
446.319	493.13
446.759	441.91
447.199	532.71
447.64	388.36
448.08	372.07
448.52	528.05
448.961	423.29
449.401	430.27
449.841	409.32
450.281	420.96
450.721	479.16
451.161	409.32
451.601	425.61
452.041	467.52
452.48	537.37
452.92	441.91
453.36	439.58
453.799	437.26
454.239	430.27
454.679	479.16
455.118	432.6
455.557	467.52
455.997	393.02
456.436	444.24
456.875	488.47
457.315	469.85
457.754	518.74
458.193	406.99
458.632	474.51
459.071	409.32
459.51	376.72
459.949	451.22
460.388	479.16
460.827	411.65
461.265	444.24
461.704	386.04
462.143	339.47
462.581	390.69
463.02	439.58
463.458	441.91
463.897	395.35
464.335	451.22
464.774	444.24
465.212	393.02
465.65	386.04
466.088	455.88
466.527	367.41
466.965	432.6
467.403	448.9
467.841	427.94
468.279	444.24
468.716	432.6
469.154	418.63
469.592	481.49
470.03	434.93
470.467	348.79
470.905	400
471.343	448.9
471.78	460.54
472.218	451.22
472.655	432.6
473.092	430.27
473.53	425.61
473.967	386.04
474.404	446.57
474.841	367.41
475.278	458.21
475.716	386.04
476.153	367.41
476.589	448.9
477.026	400
477.463	462.86
477.9	427.94
478.337	404.66
478.773	383.71
479.21	430.27
479.647	465.19
480.083	425.61
480.52	432.6
480.956	388.36
481.392	411.65
481.829	369.74
482.265	479.16
482.701	413.97
483.137	381.38
483.574	402.33
484.01	465.19
484.446	418.63
484.882	413.97
485.317	388.36
485.753	458.21
486.189	355.77
486.625	397.68
487.061	400
487.496	381.38
487.932	425.61
488.367	406.99
488.803	455.88
489.238	434.93
489.674	472.18
490.109	413.97
490.544	376.72
490.979	462.86
491.415	427.94
491.85	446.57
492.285	441.91
492.72	432.6
493.155	469.85
493.59	444.24
494.024	430.27
494.459	451.22
494.894	441.91
495.329	381.38
495.763	386.04
496.198	393.02
496.632	381.38
497.067	446.57
497.501	411.65
497.936	423.29
498.37	393.02
498.804	393.02
499.238	420.96
499.673	416.3
500.107	400
500.541	420.96
500.975	434.93
501.409	425.61
501.843	409.32
502.277	397.68
502.71	434.93
503.144	390.69
503.578	413.97
504.011	411.65
504.445	372.07
504.878	409.32
505.312	458.21
505.745	451.22
506.179	374.4
506.612	462.86
507.045	523.4
507.479	388.36
507.912	418.63
508.345	467.52
508.778	460.54
509.211	425.61
509.644	325.5
510.077	420.96
510.509	495.46
510.942	423.29
511.375	446.57
511.808	365.08
512.24	402.33
512.673	458.21
513.105	362.75
513.538	444.24
513.97	458.21
514.403	416.3
514.835	430.27
515.267	462.86
515.699	409.32
516.131	425.61
516.564	376.72
516.996	490.8
517.428	479.16
517.859	402.33
518.291	502.44
518.723	460.54
519.155	437.26
519.587	404.66
520.018	444.24
520.45	444.24
520.881	372.07
521.313	383.71
521.744	413.97
522.176	455.88
522.607	409.32
523.038	490.8
523.47	365.08
523.901	413.97
524.332	425.61
524.763	406.99
525.194	413.97
525.625	453.55
526.056	409.32
526.487	432.6
526.917	418.63
527.348	404.66
527.779	441.91
528.21	420.96
528.64	400
529.071	425.61
529.501	409.32
529.932	339.47
530.362	434.93
530.792	406.99
531.222	390.69
531.653	383.71
532.083	362.75
532.513	455.88
532.943	418.63
533.373	397.68
533.803	439.58
534.233	462.86
534.663	365.08
535.092	420.96
535.522	451.22
535.952	448.9
536.381	432.6
536.811	434.93
537.24	448.9
537.67	400
538.099	416.3
538.529	409.32
538.958	437.26
539.387	444.24
539.816	402.33
540.245	441.91
540.674	388.36
541.103	453.55
541.532	376.72
541.961	402.33
542.39	446.57
542.819	404.66
543.248	427.94
543.676	423.29
544.105	425.61
544.534	439.58
544.962	427.94
545.391	448.9
545.819	488.47
546.247	400
546.676	393.02
547.104	369.74
547.532	448.9
547.96	427.94
548.388	439.58
548.816	439.58
549.244	362.75
549.672	397.68
550.1	365.08
550.528	425.61
550.956	365.08
551.383	379.05
551.811	432.6
552.238	420.96
552.666	437.26
553.094	379.05
553.521	427.94
553.948	400
554.376	379.05
554.803	490.8
555.23	404.66
555.657	476.83
556.084	495.46
556.511	455.88
556.938	474.51
557.365	446.57
557.792	416.3
558.219	411.65
558.646	383.71
559.072	444.24
559.499	439.58
559.926	404.66
560.352	444.24
560.779	425.61
561.205	381.38
561.632	420.96
562.058	423.29
562.484	353.44
562.91	427.94
563.337	393.02
563.763	458.21
564.189	479.16
564.615	425.61
565.041	323.18
565.466	444.24
565.892	453.55
566.318	409.32
566.744	381.38
567.169	376.72
567.595	409.32
568.021	474.51
568.446	420.96
568.872	448.9
569.297	423.29
569.722	467.52
570.148	379.05
570.573	425.61
570.998	453.55
571.423	437.26
571.848	420.96
572.273	446.57
572.698	376.72
573.123	362.75
573.548	462.86
573.973	360.43
574.397	425.61
574.822	455.88
575.247	402.33
575.671	367.41
576.096	395.35
576.52	400
576.944	439.58
577.369	346.46
577.793	376.72
578.217	409.32
578.641	416.3
579.065	374.4
579.49	388.36
579.914	474.51
580.337	462.86
580.761	469.85
581.185	425.61
581.609	451.22
582.033	351.11
582.456	409.32
582.88	386.04
583.303	409.32
583.727	404.66
584.15	376.72
584.574	444.24
584.997	418.63
585.42	425.61
585.844	483.82
586.267	479.16
586.69	451.22
587.113	388.36
587.536	437.26
587.959	462.86
588.382	423.29
588.804	441.91
589.227	395.35
589.65	406.99
590.073	437.26
590.495	386.04
590.918	390.69
591.34	381.38
591.763	376.72
592.185	448.9
592.607	395.35
593.03	453.55
593.452	448.9
593.874	358.1
594.296	388.36
594.718	409.32
595.14	423.29
595.562	397.68
595.984	409.32
596.406	423.29
596.827	369.74
597.249	353.44
597.671	400
598.092	369.74
598.514	400
598.935	418.63
599.357	434.93
599.778	411.65
600.199	423.29
600.621	476.83
601.042	430.27
601.463	353.44
601.884	444.24
602.305	334.82
602.726	420.96
603.147	383.71
603.568	448.9
603.988	390.69
604.409	365.08
604.83	420.96
605.25	439.58
605.671	402.33
606.092	486.15
606.512	393.02
606.932	369.74
607.353	346.46
607.773	346.46
608.193	402.33
608.613	420.96
609.034	400
609.454	434.93
609.874	360.43
610.293	402.33
610.713	351.11
611.133	397.68
611.553	372.07
611.973	381.38
612.392	444.24
612.812	325.5
613.231	400
613.651	476.83
614.07	365.08
614.49	390.69
614.909	337.14
615.328	374.4
615.747	411.65
616.167	453.55
616.586	439.58
617.005	420.96
617.424	397.68
617.843	411.65
618.261	362.75
618.68	406.99
619.099	406.99
619.518	381.38
619.936	337.14
620.355	430.27
620.773	372.07
621.192	395.35
621.61	402.33
622.029	402.33
622.447	420.96
622.865	341.8
623.283	390.69
623.701	430.27
624.119	365.08
624.537	383.71
624.955	390.69
625.373	416.3
625.791	402.33
626.209	318.52
626.627	402.33
627.044	420.96
627.462	409.32
627.879	411.65
628.297	351.11
628.714	365.08
629.132	406.99
629.549	444.24
629.966	458.21
630.383	404.66
630.8	448.9
631.217	474.51
631.634	367.41
632.051	416.3
632.468	344.13
632.885	420.96
633.302	472.18
633.719	381.38
634.135	493.13
634.552	341.8
634.969	383.71
635.385	362.75
635.801	341.8
636.218	393.02
636.634	446.57
637.05	411.65
637.467	379.05
637.883	353.44
638.299	425.61
638.715	430.27
639.131	374.4
639.547	362.75
639.963	416.3
640.378	390.69
640.794	365.08
641.21	416.3
641.626	365.08
642.041	367.41
642.457	365.08
642.872	318.52
643.287	325.5
643.703	402.33
644.118	372.07
644.533	448.9
644.948	393.02
645.364	448.9
645.779	374.4
646.194	425.61
646.609	388.36
647.023	439.58
647.438	360.43
647.853	397.68
648.268	418.63
648.682	413.97
649.097	434.93
649.511	465.19
649.926	455.88
650.34	393.02
650.755	381.38
651.169	432.6
651.583	323.18
651.997	458.21
652.411	416.3
652.825	439.58
653.239	362.75
653.653	372.07
654.067	411.65
654.481	390.69
654.895	393.02
655.309	351.11
655.722	434.93
656.136	420.96
656.549	402.33
656.963	346.46
657.376	390.69
657.79	418.63
658.203	448.9
658.616	355.77
659.029	406.99
659.442	369.74
659.855	374.4
660.268	406.99
660.681	397.68
661.094	390.69
661.507	427.94
661.92	434.93
662.333	381.38
662.745	441.91
663.158	365.08
663.57	374.4
663.983	455.88
664.395	434.93
664.808	348.79
665.22	383.71
665.632	406.99
666.044	351.11
666.456	427.94
666.868	353.44
667.28	393.02
667.692	334.82
668.104	395.35
668.516	360.43
668.928	411.65
669.34	420.96
669.751	430.27
670.163	418.63
670.574	358.1
670.986	309.21
671.397	383.71
671.809	434.93
672.22	416.3
672.631	325.5
673.042	369.74
673.453	369.74
673.864	441.91
674.275	446.57
674.686	411.65
675.097	409.32
675.508	362.75
675.919	367.41
676.33	406.99
676.74	318.52
677.151	379.05
677.561	462.86
677.972	381.38
678.382	376.72
678.792	397.68
679.203	400
679.613	348.79
680.023	430.27
680.433	427.94
680.843	353.44
681.253	434.93
681.663	465.19
682.073	365.08
682.483	299.89
682.893	379.05
683.302	404.66
683.712	388.36
684.122	388.36
684.531	467.52
684.94	413.97
685.35	376.72
685.759	409.32
686.168	325.5
686.578	365.08
686.987	353.44
687.396	400
687.805	411.65
688.214	374.4
688.623	402.33
689.032	434.93
689.44	448.9
689.849	397.68
690.258	425.61
690.666	420.96
691.075	427.94
691.484	388.36
691.892	367.41
692.3	395.35
692.709	453.55
693.117	365.08
693.525	423.29
693.933	381.38
694.341	446.57
694.749	427.94
695.157	416.3
695.565	386.04
695.973	420.96
696.381	383.71
696.788	383.71
697.196	493.13
697.604	362.75
698.011	369.74
698.419	355.77
698.826	332.49
699.234	420.96
699.641	476.83
700.048	404.66
700.455	318.52
700.862	367.41
701.269	416.3
701.676	383.71
702.083	423.29
702.49	486.15
702.897	395.35
703.304	400
703.71	369.74
704.117	367.41
704.524	369.74
704.93	427.94
705.337	351.11
705.743	358.1
706.149	372.07
706.556	446.57
706.962	434.93
707.368	400
707.774	413.97
708.18	369.74
708.586	439.58
708.992	418.63
709.398	365.08
709.804	386.04
710.209	427.94
710.615	439.58
711.021	448.9
711.426	360.43
711.832	423.29
712.237	332.49
712.642	369.74
713.048	430.27
713.453	367.41
713.858	413.97
714.263	437.26
714.668	409.32
715.073	439.58
715.478	460.54
715.883	372.07
716.288	420.96
716.693	397.68
717.097	402.33
717.502	381.38
717.906	323.18
718.311	425.61
718.715	395.35
719.12	346.46
719.524	439.58
719.928	423.29
720.333	330.16
720.737	479.16
721.141	453.55
721.545	393.02
721.949	386.04
722.353	381.38
722.757	400
723.16	362.75
723.564	397.68
723.968	432.6
724.371	379.05
724.775	411.65
725.178	374.4
725.582	390.69
725.985	344.13
726.388	381.38
726.792	365.08
727.195	379.05
727.598	341.8
728.001	360.43
728.404	416.3
728.807	420.96
729.21	386.04
729.612	441.91
730.015	390.69
730.418	432.6
730.82	430.27
731.223	441.91
731.625	353.44
732.028	434.93
732.43	441.91
732.833	444.24
733.235	423.29
733.637	416.3
734.039	432.6
734.441	367.41
734.843	381.38
735.245	381.38
735.647	390.69
736.049	376.72
736.451	404.66
736.852	379.05
737.254	411.65
737.655	397.68
738.057	390.69
738.458	437.26
738.86	372.07
739.261	411.65
739.662	367.41
740.064	351.11
740.465	379.05
740.866	434.93
741.267	365.08
741.668	460.54
742.069	427.94
742.469	353.44
742.87	400
743.271	411.65
743.672	395.35
744.072	379.05
744.473	453.55
744.873	341.8
745.274	397.68
745.674	367.41
746.074	376.72
746.474	409.32
746.875	451.22
747.275	325.5
747.675	376.72
748.075	400
748.474	444.24
748.874	441.91
749.274	416.3
749.674	344.13
750.073	416.3
750.473	437.26
750.873	404.66
751.272	353.44
751.671	416.3
752.071	409.32
752.47	388.36
752.869	386.04
753.268	416.3
753.668	381.38
754.067	262.64
754.466	334.82
754.864	400
755.263	451.22
755.662	439.58
756.061	397.68
756.459	425.61
756.858	379.05
757.257	423.29
757.655	346.46
758.053	423.29
758.452	404.66
758.85	437.26
759.248	320.85
759.646	341.8
760.045	367.41
760.443	339.47
760.841	369.74
761.238	441.91
761.636	353.44
762.034	404.66
762.432	367.41
762.829	386.04
763.227	358.1
763.625	402.33
764.022	404.66
764.419	418.63
764.817	432.6
765.214	372.07
765.611	341.8
766.008	390.69
766.406	351.11
766.803	400
767.199	355.77
767.596	372.07
767.993	374.4
768.39	390.69
768.787	369.74
769.183	355.77
769.58	448.9
769.977	355.77
770.373	425.61
770.769	372.07
771.166	374.4
771.562	323.18
771.958	355.77
772.354	451.22
772.75	458.21
773.146	369.74
773.542	339.47
773.938	388.36
774.334	386.04
774.73	360.43
775.126	386.04
775.521	348.79
775.917	418.63
776.312	320.85
776.708	334.82
777.103	381.38
777.499	404.66
777.894	337.14
778.289	400
778.684	388.36
779.079	388.36
779.474	362.75
779.869	402.33
780.264	327.83
780.659	400
781.054	432.6
781.448	434.93
781.843	453.55
782.238	420.96
782.632	360.43
783.027	381.38
783.421	427.94
783.815	372.07
784.21	365.08
784.604	404.66
784.998	402.33
785.392	360.43
785.786	393.02
786.18	411.65
786.574	418.63
786.968	327.83
787.361	474.51
787.755	388.36
788.149	439.58
788.542	388.36
788.936	369.74
789.329	439.58
789.722	386.04
790.116	379.05
790.509	423.29
790.902	432.6
791.295	383.71
791.688	395.35
792.081	437.26
792.474	376.72
792.867	418.63
793.26	397.68
793.653	400
794.045	406.99
794.438	367.41
794.83	374.4
795.223	339.47
795.615	402.33
796.008	400
796.4	358.1
796.792	448.9
797.184	358.1
797.576	411.65
797.968	337.14
798.36	372.07
798.752	430.27
799.144	376.72
799.536	355.77
799.928	360.43
800.319	355.77
800.711	406.99
801.102	348.79
801.494	416.3
801.885	432.6
802.276	388.36
802.668	404.66
803.059	483.82
803.45	427.94
803.841	362.75
804.232	376.72
804.623	437.26
805.014	393.02
805.405	365.08
805.795	406.99
806.186	320.85
806.577	420.96
806.967	509.43
807.358	439.58
807.748	330.16
808.139	427.94
808.529	406.99
808.919	395.35
809.309	406.99
809.699	390.69
810.089	379.05
810.479	372.07
810.869	400
811.259	390.69
811.649	416.3
812.039	460.54
812.428	388.36
812.818	332.49
813.207	439.58
813.597	381.38
813.986	423.29
814.376	413.97
814.765	423.29
815.154	411.65
815.543	402.33
815.932	367.41
816.321	413.97
816.71	423.29
817.099	388.36
817.488	374.4
817.877	376.72
818.265	404.66
818.654	409.32
819.043	404.66
819.431	402.33
819.819	376.72
820.208	395.35
820.596	406.99
820.984	376.72
821.372	430.27
821.761	330.16
822.149	386.04
822.537	446.57
822.924	395.35
823.312	369.74
823.7	330.16
824.088	348.79
824.475	411.65
824.863	423.29
825.251	404.66
825.638	427.94
826.025	376.72
826.413	393.02
826.8	409.32
827.187	437.26
827.574	420.96
827.961	376.72
828.348	406.99
828.735	393.02
829.122	406.99
829.509	383.71
829.896	441.91
830.282	353.44
830.669	318.52
831.055	409.32
831.442	383.71
831.828	400
832.215	453.55
832.601	355.77
832.987	397.68
833.373	420.96
833.759	393.02
834.145	353.44
834.531	420.96
834.917	413.97
835.303	420.96
835.689	397.68
836.074	411.65
836.46	425.61
836.846	441.91
837.231	402.33
837.617	446.57
838.002	323.18
838.387	413.97
838.772	507.1
839.158	430.27
839.543	379.05
839.928	390.69
840.313	381.38
840.698	432.6
841.082	411.65
841.467	376.72
841.852	444.24
842.237	420.96
842.621	386.04
843.006	318.52
843.39	395.35
843.774	400
844.159	416.3
844.543	339.47
844.927	388.36
845.311	372.07
845.695	365.08
846.079	404.66
846.463	344.13
846.847	367.41
847.231	360.43
847.615	313.86
847.998	437.26
848.382	369.74
848.765	400
849.149	381.38
849.532	437.26
849.916	369.74
850.299	446.57
850.682	411.65
851.065	430.27
851.448	425.61
851.831	358.1
852.214	444.24
852.597	351.11
852.98	458.21
853.363	320.85
853.745	441.91
854.128	339.47
854.51	390.69
854.893	346.46
855.275	413.97
855.658	409.32
856.04	395.35
856.422	388.36
856.804	337.14
857.186	395.35
857.568	402.33
857.95	367.41
858.332	432.6
858.714	355.77
859.096	390.69
859.477	379.05
859.859	413.97
860.24	302.22
860.622	406.99
861.003	393.02
861.385	395.35
861.766	409.32
862.147	446.57
862.528	395.35
862.909	406.99
863.29	330.16
863.671	383.71
864.052	355.77
864.433	367.41
864.814	474.51
865.194	353.44
865.575	458.21
865.955	379.05
866.336	339.47
866.716	402.33
867.097	439.58
867.477	472.18
867.857	427.94
868.237	413.97
868.617	425.61
868.997	439.58
869.377	386.04
869.757	402.33
870.137	376.72
870.517	409.32
870.896	411.65
871.276	376.72
871.655	313.86
872.035	460.54
872.414	397.68
872.794	439.58
873.173	353.44
873.552	409.32
873.931	404.66
874.31	404.66
874.689	379.05
875.068	448.9
875.447	416.3
875.826	353.44
876.205	418.63
876.583	395.35
876.962	393.02
877.341	325.5
877.719	374.4
878.097	388.36
878.476	395.35
878.854	434.93
879.232	374.4
879.61	439.58
879.988	395.35
880.366	395.35
880.744	427.94
881.122	453.55
881.5	434.93
881.878	376.72
882.255	348.79
882.633	416.3
883.011	386.04
883.388	404.66
883.765	493.13
884.143	451.22
884.52	400
884.897	344.13
885.274	390.69
885.651	420.96
886.028	441.91
886.405	379.05
886.782	406.99
887.159	444.24
887.536	379.05
887.912	404.66
888.289	390.69
888.665	348.79
889.042	353.44
889.418	381.38
889.794	381.38
890.171	406.99
890.547	409.32
890.923	411.65
891.299	439.58
891.675	458.21
892.051	395.35
892.427	402.33
892.803	397.68
893.178	365.08
893.554	276.61
893.929	353.44
894.305	425.61
894.68	404.66
895.056	397.68
895.431	427.94
895.806	374.4
896.181	353.44
896.557	386.04
896.932	353.44
897.307	379.05
897.681	476.83
898.056	444.24
898.431	413.97
898.806	346.46
899.18	372.07
899.555	360.43
899.929	278.94
900.304	386.04
900.678	383.71
901.052	379.05
901.427	339.47
901.801	397.68
902.175	367.41
902.549	425.61
902.923	353.44
903.297	358.1
903.67	432.6
904.044	348.79
904.418	358.1
904.791	406.99
905.165	390.69
905.538	432.6
905.912	441.91
906.285	358.1
906.658	372.07
907.032	374.4
907.405	404.66
907.778	409.32
908.151	418.63
908.524	369.74
908.896	369.74
909.269	348.79
909.642	365.08
910.015	397.68
910.387	372.07
910.76	353.44
911.132	404.66
911.504	337.14
911.877	418.63
912.249	369.74
912.621	420.96
912.993	465.19
913.365	388.36
913.737	393.02
914.109	362.75
914.481	341.8
914.853	406.99
915.224	423.29
915.596	337.14
915.968	393.02
916.339	437.26
916.71	381.38
917.082	376.72
917.453	397.68
917.824	369.74
918.195	430.27
918.566	388.36
918.937	446.57
919.308	334.82
919.679	334.82
920.05	402.33
920.421	427.94
920.791	327.83
921.162	327.83
921.532	346.46
921.903	476.83
922.273	365.08
922.644	402.33
923.014	341.8
923.384	360.43
923.754	323.18
924.124	351.11
924.494	388.36
924.864	400
925.234	302.22
925.604	386.04
925.973	460.54
926.343	432.6
926.712	299.89
927.082	348.79
927.451	372.07
927.821	386.04
928.19	437.26
928.559	430.27
928.928	334.82
929.297	365.08
929.666	334.82
930.035	467.52
930.404	374.4
930.773	402.33
931.142	406.99
931.51	360.43
931.879	388.36
932.247	383.71
932.616	393.02
932.984	348.79
933.353	427.94
933.721	362.75
934.089	406.99
934.457	458.21
934.825	358.1
935.193	420.96
935.561	406.99
935.929	367.41
936.296	360.43
936.664	390.69
937.032	388.36
937.399	381.38
937.767	446.57
938.134	316.19
938.501	411.65
938.869	474.51
939.236	425.61
939.603	388.36
939.97	434.93
940.337	379.05
940.704	397.68
941.071	390.69
941.438	362.75
941.804	390.69
942.171	427.94
942.538	381.38
942.904	453.55
943.27	341.8
943.637	379.05
944.003	374.4
944.369	425.61
944.735	339.47
945.102	409.32
945.468	451.22
945.833	318.52
946.199	348.79
946.565	418.63
946.931	281.27
947.296	376.72
947.662	416.3
948.028	348.79
948.393	374.4
948.758	393.02
949.124	395.35
949.489	469.85
949.854	451.22
950.219	439.58
950.584	337.14
950.949	432.6
951.314	386.04
951.679	413.97
952.044	397.68
952.408	411.65
952.773	334.82
953.137	297.57
953.502	381.38
953.866	386.04
954.231	406.99
954.595	397.68
954.959	393.02
955.323	318.52
955.687	423.29
956.051	367.41
956.415	348.79
956.779	397.68
957.143	402.33
957.506	330.16
957.87	339.47
958.234	358.1
958.597	367.41
958.961	346.46
959.324	386.04
959.687	330.16
960.05	409.32
960.413	404.66
960.776	388.36
961.139	395.35
961.502	353.44
961.865	388.36
962.228	432.6
962.591	423.29
962.953	348.79
963.316	360.43
963.678	427.94
964.041	320.85
964.403	404.66
964.765	409.32
965.128	404.66
965.49	430.27
965.852	372.07
966.214	376.72
966.576	365.08
966.938	367.41
967.299	430.27
967.661	402.33
968.023	372.07
968.384	448.9
968.746	390.69
969.107	341.8
969.469	332.49
969.83	411.65
970.191	383.71
970.552	416.3
970.913	409.32
971.274	372.07
971.635	388.36
971.996	383.71
972.357	400
972.718	393.02
973.078	402.33
973.439	413.97
973.8	411.65
974.16	365.08
974.52	467.52
974.881	444.24
975.241	395.35
975.601	383.71
975.961	388.36
976.321	411.65
976.681	325.5
977.041	376.72
977.401	397.68
977.76	362.75
978.12	406.99
978.48	402.33
978.839	483.82
979.199	390.69
979.558	355.77
979.917	381.38
980.277	393.02
980.636	434.93
980.995	402.33
981.354	425.61
981.713	337.14
982.072	486.15
982.43	441.91
982.789	462.86
983.148	367.41
983.506	365.08
983.865	420.96
984.223	413.97
984.582	427.94
984.94	409.32
985.298	416.3
985.656	411.65
986.015	353.44
986.373	397.68
986.731	393.02
987.088	395.35
987.446	355.77
987.804	355.77
988.162	400
988.519	351.11
988.877	334.82
989.234	351.11
989.591	360.43
989.949	374.4
990.306	390.69
990.663	360.43
991.02	386.04
991.377	423.29
991.734	416.3
992.091	448.9
992.448	390.69
992.805	455.88
993.161	344.13
993.518	344.13
993.874	402.33
994.231	393.02
994.587	393.02
994.943	453.55
995.3	397.68
995.656	402.33
996.012	341.8
996.368	425.61
996.724	362.75
997.08	320.85
997.435	420.96
997.791	446.57
998.147	376.72
998.502	402.33
998.858	386.04
999.213	313.86
999.569	430.27
999.924	404.66
1000.279	444.24
1000.634	423.29
1000.989	353.44
1001.344	365.08
1001.699	409.32
1002.054	362.75
1002.409	418.63
1002.764	323.18
1003.118	406.99
1003.473	346.46
1003.827	467.52
1004.182	420.96
1004.536	390.69
1004.89	381.38
1005.245	434.93
1005.599	355.77
1005.953	383.71
1006.307	355.77
1006.661	425.61
1007.015	381.38
1007.368	393.02
1007.722	383.71
1008.076	430.27
1008.429	404.66
1008.783	406.99
1009.136	360.43
1009.489	462.86
1009.843	430.27
1010.196	353.44
1010.549	311.54
1010.902	423.29
1011.255	390.69
1011.608	360.43
1011.961	332.49
1012.313	362.75
1012.666	400
1013.019	416.3
1013.371	409.32
1013.724	409.32
1014.076	360.43
1014.428	379.05
1014.781	400
1015.133	448.9
1015.485	379.05
1015.837	362.75
1016.189	386.04
1016.541	351.11
1016.893	406.99
1017.244	409.32
1017.596	397.68
1017.947	339.47
1018.299	353.44
1018.65	413.97
1019.002	299.89
1019.353	381.38
1019.704	400
1020.055	420.96
1020.407	413.97
1020.758	355.77
1021.108	318.52
1021.459	383.71
1021.81	448.9
1022.161	395.35
1022.511	374.4
1022.862	416.3
1023.213	383.71
1023.563	402.33
1023.913	339.47
1024.264	439.58
1024.614	339.47
1024.964	388.36
1025.314	346.46
1025.664	409.32
1026.014	383.71
1026.364	372.07
1026.713	367.41
1027.063	411.65
1027.413	379.05
1027.762	355.77
1028.112	397.68
1028.461	334.82
1028.81	420.96
1029.16	386.04
1029.509	420.96
1029.858	367.41
1030.207	374.4
1030.556	388.36
1030.905	339.47
1031.254	346.46
1031.602	381.38
1031.951	411.65
1032.3	348.79
1032.648	437.26
1032.996	437.26
1033.345	437.26
