187.879	-39.58
188.346	-39.58
188.813	-39.58
189.28	-88.47
189.747	-46.56
190.214	-93.13
190.681	-111.75
191.148	-65.19
191.614	-132.7
192.081	-125.72
192.548	-51.22
193.014	-60.53
193.481	-13.97
193.948	65.19
194.414	-2.33
194.881	67.52
195.347	25.61
195.813	132.7
196.28	46.56
196.746	111.75
197.212	207.21
197.678	144.35
198.145	165.3
198.611	130.38
199.077	167.63
199.543	244.46
200.009	249.11
200.475	353.88
200.941	311.97
201.407	232.81
201.873	314.3
202.338	339.91
202.804	330.6
203.27	337.58
203.735	381.82
204.201	330.6
204.667	337.58
205.132	342.24
205.598	314.3
206.063	367.85
206.529	412.08
206.994	453.99
207.459	447
207.925	414.41
208.39	388.8
208.855	384.14
209.32	377.16
209.785	377.16
210.25	398.11
210.715	381.82
211.18	388.8
211.645	370.18
212.11	398.11
212.575	363.19
213.04	330.6
213.504	433.04
213.969	321.28
214.434	409.75
214.899	419.07
215.363	407.43
215.828	374.83
216.292	388.8
216.757	451.66
217.221	307.32
217.685	591.35
218.15	323.61
218.614	372.5
219.078	346.89
219.542	353.88
220.007	346.89
220.471	339.91
220.935	293.35
221.399	337.58
221.863	335.25
222.327	332.92
222.791	323.61
223.254	291.02
223.718	337.58
224.182	321.28
224.646	330.6
225.109	367.85
225.573	365.52
226.037	374.83
226.5	304.99
226.964	337.58
227.427	346.89
227.89	356.21
228.354	309.64
228.817	325.94
229.28	360.86
229.744	286.36
230.207	374.83
230.67	351.55
231.133	414.41
231.596	363.19
232.059	414.41
232.522	356.21
232.985	321.28
233.448	318.96
233.911	349.22
234.374	356.21
234.836	351.55
235.299	379.49
235.762	370.18
236.224	426.05
236.687	356.21
237.149	316.63
237.612	437.69
238.074	377.16
238.537	344.57
238.999	346.89
239.461	377.16
239.924	377.16
240.386	346.89
240.848	419.07
241.31	318.96
241.772	430.71
242.234	393.46
242.696	435.36
243.158	423.72
243.62	351.55
244.082	416.74
244.544	388.8
245.006	339.91
245.468	402.77
245.929	367.85
246.391	363.19
246.852	386.47
247.314	332.92
247.776	323.61
248.237	444.68
248.698	363.19
249.16	430.71
249.621	419.07
250.082	460.97
250.544	391.13
251.005	386.47
251.466	463.3
251.927	391.13
252.388	309.64
252.849	358.53
253.31	407.43
253.771	311.97
254.232	353.88
254.693	393.46
255.154	384.14
255.615	386.47
256.075	384.14
256.536	386.47
256.997	332.92
257.457	421.39
257.918	398.11
258.378	346.89
258.839	426.05
259.299	386.47
259.759	370.18
260.22	405.1
260.68	384.14
261.14	321.28
261.6	328.27
262.06	391.13
262.521	463.3
262.981	318.96
263.441	379.49
263.901	444.68
264.36	293.35
264.82	367.85
265.28	379.49
265.74	405.1
266.2	400.44
266.659	444.68
267.119	421.39
267.579	344.57
268.038	356.21
268.498	442.35
268.957	442.35
269.416	318.96
269.876	358.53
270.335	421.39
270.794	323.61
271.254	402.77
271.713	444.68
272.172	421.39
272.631	412.08
273.09	325.94
273.549	351.55
274.008	363.19
274.467	435.36
274.926	402.77
275.385	409.75
275.843	400.44
276.302	367.85
276.761	381.82
277.22	342.24
277.678	363.19
278.137	339.91
278.595	332.92
279.054	395.78
279.512	325.94
279.97	372.5
280.429	407.43
280.887	339.91
281.345	360.86
281.803	377.16
282.262	386.47
282.72	409.75
283.178	444.68
283.636	414.41
284.094	356.21
284.552	453.99
285.01	423.72
285.467	419.07
285.925	453.99
286.383	407.43
286.841	381.82
287.298	426.05
287.756	423.72
288.213	423.72
288.671	419.07
289.128	433.04
289.586	377.16
290.043	398.11
290.5	309.64
290.958	358.53
291.415	416.74
291.872	430.71
292.329	419.07
292.786	398.11
293.243	402.77
293.7	372.5
294.157	412.08
294.614	353.88
295.071	456.32
295.528	393.46
295.985	456.32
296.441	458.64
296.898	400.44
297.355	428.38
297.811	421.39
298.268	395.78
298.724	388.8
299.181	381.82
299.637	419.07
300.094	426.05
300.55	379.49
301.006	307.32
301.462	325.94
301.919	428.38
302.375	423.72
302.831	353.88
303.287	447
303.743	381.82
304.199	479.6
304.655	440.02
305.11	419.07
305.566	437.69
306.022	419.07
306.478	430.71
306.933	365.52
307.389	381.82
307.845	381.82
308.3	358.53
308.756	472.61
309.211	384.14
309.666	405.1
310.122	447
310.577	370.18
311.032	437.69
311.487	444.68
311.943	351.55
312.398	377.16
312.853	409.75
313.308	456.32
313.763	414.41
314.218	367.85
314.672	374.83
315.127	372.5
315.582	433.04
316.037	393.46
316.492	374.83
316.946	365.52
317.401	437.69
317.855	374.83
318.31	342.24
318.764	426.05
319.219	430.71
319.673	493.57
320.127	444.68
320.582	460.97
321.036	367.85
321.49	444.68
321.944	353.88
322.398	349.22
322.852	491.24
323.306	379.49
323.76	381.82
324.214	405.1
324.668	365.52
325.122	405.1
325.575	409.75
326.029	465.63
326.483	384.14
326.936	379.49
327.39	449.33
327.843	437.69
328.297	442.35
328.75	388.8
329.204	437.69
329.657	472.61
330.11	493.57
330.564	472.61
331.017	423.72
331.47	465.63
331.923	395.78
332.376	400.44
332.829	456.32
333.282	472.61
333.735	377.16
334.188	440.02
334.641	386.47
335.093	349.22
335.546	442.35
335.999	412.08
336.451	416.74
336.904	407.43
337.356	365.52
337.809	486.58
338.261	412.08
338.714	358.53
339.166	447
339.618	412.08
340.07	407.43
340.523	426.05
340.975	486.58
341.427	391.13
341.879	384.14
342.331	433.04
342.783	409.75
343.235	458.64
343.687	451.66
344.138	384.14
344.59	384.14
345.042	409.75
345.494	398.11
345.945	407.43
346.397	486.58
346.848	421.39
347.3	391.13
347.751	414.41
348.203	358.53
348.654	398.11
349.105	486.58
349.556	428.38
350.008	384.14
350.459	463.3
350.91	437.69
351.361	379.49
351.812	405.1
352.263	426.05
352.714	381.82
353.165	437.69
353.615	437.69
354.066	384.14
354.517	409.75
354.968	442.35
355.418	423.72
355.869	433.04
356.319	365.52
356.77	423.72
357.22	463.3
357.671	453.99
358.121	388.8
358.571	388.8
359.021	435.36
359.472	423.72
359.922	405.1
360.372	526.16
360.822	391.13
361.272	423.72
361.722	365.52
362.172	453.99
362.622	444.68
363.071	460.97
363.521	416.74
363.971	402.77
364.42	465.63
364.87	433.04
365.32	509.86
365.769	470.29
366.219	453.99
366.668	391.13
367.117	449.33
367.567	479.6
368.016	402.77
368.465	465.63
368.914	409.75
369.363	440.02
369.812	542.46
370.261	514.52
370.71	498.22
371.159	512.19
371.608	519.18
372.057	547.11
372.506	467.96
372.955	528.49
373.403	530.82
373.852	600.66
374.301	637.91
374.749	700.77
375.198	609.97
375.646	731.04
376.094	691.46
376.543	733.37
376.991	779.93
377.439	989.46
377.887	989.46
378.336	1073.28
378.784	1168.73
379.232	1229.26
379.68	1315.4
380.128	1548.22
380.576	1664.62
381.023	1771.72
381.471	2016.17
381.919	2283.91
382.367	2470.16
382.814	2560.96
383.262	3024.26
383.71	3350.2
384.157	3596.99
384.605	4202.3
385.052	4460.73
385.499	4889.11
385.947	5634.11
386.394	6185.89
386.841	7070.58
387.288	7803.95
387.735	8544.3
388.182	9736.31
388.63	10753.71
389.076	11838.63
389.523	13559.13
389.97	14674.31
390.417	16080.51
390.864	18252.67
391.311	19582.04
391.757	22028.92
392.204	23933.35
392.651	26014.71
393.097	28482.55
393.544	30764.13
393.99	33490.39
394.436	35606.67
394.883	37769.52
395.329	39338.69
395.775	40838.02
396.221	41936.91
396.668	42458.41
397.114	42549.21
397.56	41783.25
398.006	41373.49
398.452	39706.54
398.897	38626.28
399.343	35504.24
399.789	32994.49
400.235	31080.76
400.681	28440.64
401.126	26140.43
401.572	23712.17
402.017	22275.71
402.463	20741.46
402.908	18559.99
403.354	17400.57
403.799	16611.33
404.244	16017.65
404.689	15107.34
405.135	14443.82
405.58	13621.99
406.025	13256.47
406.47	12860.68
406.915	12369.44
407.36	11962.02
407.805	11244.95
408.25	10977.21
408.694	10811.91
409.139	9780.54
409.584	9328.88
410.029	8933.1
410.473	8078.67
410.918	7636.32
411.362	7019.36
411.807	6686.44
412.251	6353.51
412.695	5720.26
413.14	5284.89
413.584	4847.2
414.028	4553.85
414.472	4225.59
414.916	3918.27
415.36	3694.77
415.804	3406.08
416.248	3371.16
416.692	3115.06
417.136	3054.53
417.58	2826.37
418.024	2798.43
418.467	2649.43
418.911	2549.32
419.355	2365.4
419.798	2321.16
420.242	2353.76
420.685	2195.44
421.128	2053.43
421.572	2016.17
422.015	1892.78
422.458	1801.99
422.902	1680.92
423.345	1673.94
423.788	1548.22
424.231	1436.47
424.674	1389.9
425.117	1310.75
425.56	1275.82
426.003	1199
426.445	1157.09
426.888	1077.93
427.331	1010.42
427.773	1089.57
428.216	1047.67
428.659	924.27
429.101	889.35
429.543	910.31
429.986	838.13
430.428	779.93
430.87	817.18
431.313	784.59
431.755	777.6
432.197	689.13
432.639	726.38
433.081	712.41
433.523	761.3
433.965	612.3
434.407	647.22
434.849	721.73
435.291	672.83
435.732	628.6
436.174	637.91
436.616	547.11
437.057	607.65
437.499	570.4
437.94	561.08
438.382	575.05
438.823	582.04
439.264	598.33
439.706	598.33
440.147	533.15
440.588	540.13
441.029	523.83
441.47	551.77
441.911	537.8
442.352	449.33
442.793	502.88
443.234	481.93
443.675	509.86
444.116	474.94
444.556	449.33
444.997	433.04
445.438	530.82
445.878	493.57
446.319	507.54
446.759	435.36
447.199	444.68
447.64	442.35
448.08	498.22
448.52	407.43
448.961	484.25
449.401	395.78
449.841	463.3
450.281	477.27
450.721	456.32
451.161	474.94
451.601	481.93
452.041	456.32
452.48	384.14
452.92	465.63
453.36	433.04
453.799	381.82
454.239	442.35
454.679	430.71
455.118	456.32
455.557	486.58
455.997	409.75
456.436	360.86
456.875	435.36
457.315	391.13
457.754	458.64
458.193	447
458.632	405.1
459.071	419.07
459.51	484.25
459.949	374.83
460.388	460.97
460.827	370.18
461.265	423.72
461.704	474.94
462.143	384.14
462.581	416.74
463.02	386.47
463.458	393.46
463.897	395.78
464.335	416.74
464.774	428.38
465.212	370.18
465.65	412.08
466.088	453.99
466.527	414.41
466.965	447
467.403	451.66
467.841	388.8
468.279	395.78
468.716	440.02
469.154	521.5
469.592	463.3
470.03	414.41
470.467	370.18
470.905	500.55
471.343	423.72
471.78	442.35
472.218	421.39
472.655	377.16
473.092	409.75
473.53	412.08
473.967	467.96
474.404	393.46
474.841	430.71
475.278	451.66
475.716	426.05
476.153	412.08
476.589	421.39
477.026	384.14
477.463	365.52
477.9	451.66
478.337	453.99
478.773	407.43
479.21	430.71
479.647	370.18
480.083	370.18
480.52	419.07
480.956	474.94
481.392	430.71
481.829	451.66
482.265	335.25
482.701	433.04
483.137	456.32
483.574	444.68
484.01	356.21
484.446	419.07
484.882	463.3
485.317	479.6
485.753	428.38
486.189	370.18
486.625	377.16
487.061	447
487.496	416.74
487.932	451.66
488.367	423.72
488.803	453.99
489.238	409.75
489.674	419.07
490.109	402.77
490.544	416.74
490.979	451.66
491.415	479.6
491.85	391.13
492.285	444.68
492.72	367.85
493.155	416.74
493.59	435.36
494.024	428.38
494.459	391.13
494.894	472.61
495.329	363.19
495.763	465.63
496.198	437.69
496.632	409.75
497.067	400.44
497.501	456.32
497.936	405.1
498.37	391.13
498.804	358.53
499.238	451.66
499.673	470.29
500.107	398.11
500.541	423.72
500.975	407.43
501.409	416.74
501.843	384.14
502.277	381.82
502.71	519.18
503.144	456.32
503.578	395.78
504.011	332.92
504.445	400.44
504.878	456.32
505.312	391.13
505.745	453.99
506.179	391.13
506.612	465.63
507.045	428.38
507.479	339.91
507.912	428.38
508.345	405.1
508.778	400.44
509.211	433.04
509.644	337.58
510.077	409.75
510.509	402.77
510.942	353.88
511.375	388.8
511.808	444.68
512.24	391.13
512.673	440.02
513.105	405.1
513.538	437.69
513.97	465.63
514.403	405.1
514.835	472.61
515.267	435.36
515.699	409.75
516.131	447
516.564	342.24
516.996	423.72
517.428	484.25
517.859	460.97
518.291	395.78
518.723	405.1
519.155	416.74
519.587	437.69
520.018	444.68
520.45	440.02
520.881	398.11
521.313	451.66
521.744	447
522.176	433.04
522.607	365.52
523.038	447
523.47	430.71
523.901	437.69
524.332	407.43
524.763	426.05
525.194	433.04
525.625	416.74
526.056	409.75
526.487	442.35
526.917	391.13
527.348	421.39
527.779	391.13
528.21	405.1
528.64	421.39
529.071	395.78
529.501	384.14
529.932	442.35
530.362	407.43
530.792	440.02
531.222	430.71
531.653	430.71
532.083	426.05
532.513	409.75
532.943	407.43
533.373	467.96
533.803	426.05
534.233	423.72
534.663	479.6
535.092	353.88
535.522	453.99
535.952	372.5
536.381	491.24
536.811	421.39
537.24	470.29
537.67	386.47
538.099	447
538.529	488.91
538.958	323.61
539.387	388.8
539.816	402.77
540.245	428.38
540.674	444.68
541.103	460.97
541.532	386.47
541.961	449.33
542.39	433.04
542.819	460.97
543.248	398.11
543.676	430.71
544.105	537.8
544.534	509.86
544.962	402.77
545.391	451.66
545.819	453.99
546.247	405.1
546.676	405.1
547.104	412.08
547.532	421.39
547.96	381.82
548.388	421.39
548.816	388.8
549.244	416.74
549.672	426.05
550.1	484.25
550.528	416.74
550.956	470.29
551.383	358.53
551.811	419.07
552.238	428.38
552.666	498.22
553.094	379.49
553.521	356.21
553.948	363.19
554.376	456.32
554.803	440.02
555.23	419.07
555.657	416.74
556.084	363.19
556.511	470.29
556.938	426.05
557.365	311.97
557.792	419.07
558.219	395.78
558.646	463.3
559.072	386.47
559.499	435.36
559.926	409.75
560.352	402.77
560.779	414.41
561.205	351.55
561.632	433.04
562.058	474.94
562.484	444.68
562.91	430.71
563.337	339.91
563.763	453.99
564.189	353.88
564.615	419.07
565.041	444.68
565.466	291.02
565.892	451.66
566.318	428.38
566.744	442.35
567.169	460.97
567.595	421.39
568.021	412.08
568.446	395.78
568.872	374.83
569.297	360.86
569.722	407.43
570.148	384.14
570.573	416.74
570.998	323.61
571.423	358.53
571.848	400.44
572.273	435.36
572.698	386.47
573.123	372.5
573.548	430.71
573.973	414.41
574.397	437.69
574.822	384.14
575.247	442.35
575.671	360.86
576.096	388.8
576.52	419.07
576.944	384.14
577.369	407.43
577.793	409.75
578.217	512.19
578.641	405.1
579.065	495.9
579.49	465.63
579.914	344.57
580.337	428.38
580.761	360.86
581.185	398.11
581.609	363.19
582.033	474.94
582.456	409.75
582.88	414.41
583.303	363.19
583.727	419.07
584.15	465.63
584.574	456.32
584.997	416.74
585.42	349.22
585.844	414.41
586.267	414.41
586.69	465.63
587.113	381.82
587.536	393.46
587.959	412.08
588.382	421.39
588.804	381.82
589.227	377.16
589.65	458.64
590.073	360.86
590.495	426.05
590.918	400.44
591.34	426.05
591.763	407.43
592.185	367.85
592.607	400.44
593.03	363.19
593.452	414.41
593.874	447
594.296	416.74
594.718	423.72
595.14	470.29
595.562	356.21
595.984	395.78
596.406	358.53
596.827	388.8
597.249	412.08
597.671	384.14
598.092	458.64
598.514	407.43
598.935	400.44
599.357	416.74
599.778	402.77
600.199	384.14
600.621	335.25
601.042	344.57
601.463	414.41
601.884	407.43
602.305	388.8
602.726	419.07
603.147	363.19
603.568	379.49
603.988	409.75
604.409	488.91
604.83	414.41
605.25	391.13
605.671	316.63
606.092	460.97
606.512	342.24
606.932	426.05
607.353	405.1
607.773	386.47
608.193	449.33
608.613	395.78
609.034	498.22
609.454	402.77
609.874	435.36
610.293	365.52
610.713	388.8
611.133	407.43
611.553	398.11
611.973	405.1
612.392	370.18
612.812	437.69
613.231	381.82
613.651	395.78
614.07	430.71
614.49	372.5
614.909	349.22
615.328	419.07
615.747	426.05
616.167	370.18
616.586	316.63
617.005	402.77
617.424	405.1
617.843	363.19
618.261	344.57
618.68	419.07
619.099	430.71
619.518	444.68
619.936	423.72
620.355	419.07
620.773	395.78
621.192	356.21
621.61	391.13
622.029	286.36
622.447	414.41
622.865	440.02
623.283	402.77
623.701	428.38
624.119	400.44
624.537	384.14
624.955	379.49
625.373	449.33
625.791	428.38
626.209	414.41
626.627	365.52
627.044	363.19
627.462	477.27
627.879	423.72
628.297	384.14
628.714	416.74
629.132	442.35
629.549	477.27
629.966	449.33
630.383	472.61
630.8	400.44
631.217	440.02
631.634	416.74
632.051	477.27
632.468	386.47
632.885	330.6
633.302	412.08
633.719	400.44
634.135	463.3
634.552	356.21
634.969	346.89
635.385	477.27
635.801	325.94
636.218	419.07
636.634	463.3
637.05	453.99
637.467	467.96
637.883	405.1
638.299	353.88
638.715	353.88
639.131	414.41
639.547	384.14
639.963	449.33
640.378	428.38
640.794	484.25
641.21	430.71
641.626	407.43
642.041	421.39
642.457	419.07
642.872	339.91
643.287	365.52
643.703	400.44
644.118	365.52
644.533	349.22
644.948	440.02
645.364	402.77
645.779	339.91
646.194	444.68
646.609	402.77
647.023	412.08
647.438	481.93
647.853	421.39
648.268	391.13
648.682	328.27
649.097	374.83
649.511	367.85
649.926	449.33
650.34	447
650.755	435.36
651.169	421.39
651.583	412.08
651.997	374.83
652.411	391.13
652.825	400.44
653.239	332.92
653.653	370.18
654.067	374.83
654.481	409.75
654.895	372.5
655.309	433.04
655.722	372.5
656.136	407.43
656.549	400.44
656.963	391.13
657.376	365.52
657.79	358.53
658.203	419.07
658.616	451.66
659.029	428.38
659.442	384.14
659.855	393.46
660.268	419.07
660.681	374.83
661.094	395.78
661.507	402.77
661.92	384.14
662.333	377.16
662.745	388.8
663.158	440.02
663.57	398.11
663.983	444.68
664.395	370.18
664.808	363.19
665.22	370.18
665.632	367.85
666.044	400.44
666.456	367.85
666.868	488.91
667.28	391.13
667.692	379.49
668.104	386.47
668.516	328.27
668.928	444.68
669.34	325.94
669.751	363.19
670.163	416.74
670.574	430.71
670.986	437.69
671.397	381.82
671.809	395.78
672.22	391.13
672.631	412.08
673.042	381.82
673.453	386.47
673.864	426.05
674.275	447
674.686	402.77
675.097	372.5
675.508	309.64
675.919	372.5
676.33	335.25
676.74	402.77
677.151	437.69
677.561	393.46
677.972	344.57
678.382	339.91
678.792	412.08
679.203	400.44
679.613	412.08
680.023	419.07
680.433	435.36
680.843	360.86
681.253	437.69
681.663	440.02
682.073	377.16
682.483	358.53
682.893	386.47
683.302	363.19
683.712	435.36
684.122	379.49
684.531	402.77
684.94	421.39
685.35	353.88
685.759	484.25
686.168	381.82
686.578	356.21
686.987	346.89
687.396	395.78
687.805	344.57
688.214	409.75
688.623	407.43
689.032	421.39
689.44	416.74
689.849	377.16
690.258	456.32
690.666	405.1
691.075	412.08
691.484	405.1
691.892	435.36
692.3	386.47
692.709	430.71
693.117	402.77
693.525	384.14
693.933	358.53
694.341	481.93
694.749	402.77
695.157	458.64
695.565	412.08
695.973	365.52
696.381	377.16
696.788	374.83
697.196	365.52
697.604	421.39
698.011	421.39
698.419	426.05
698.826	374.83
699.234	337.58
699.641	337.58
700.048	351.55
700.455	395.78
700.862	384.14
701.269	342.24
701.676	444.68
702.083	451.66
702.49	426.05
702.897	416.74
703.304	395.78
703.71	493.57
704.117	463.3
704.524	414.41
704.93	391.13
705.337	398.11
705.743	400.44
706.149	353.88
706.556	407.43
706.962	353.88
707.368	395.78
707.774	447
708.18	391.13
708.586	386.47
708.992	367.85
709.398	444.68
709.804	530.82
710.209	437.69
710.615	384.14
711.021	388.8
711.426	465.63
711.832	400.44
712.237	381.82
712.642	398.11
713.048	363.19
713.453	419.07
713.858	381.82
714.263	353.88
714.668	349.22
715.073	344.57
715.478	447
715.883	465.63
716.288	433.04
716.693	453.99
717.097	465.63
717.502	428.38
717.906	386.47
718.311	398.11
718.715	377.16
719.12	442.35
719.524	367.85
719.928	407.43
720.333	372.5
720.737	393.46
721.141	342.24
721.545	398.11
721.949	419.07
722.353	465.63
722.757	360.86
723.16	344.57
723.564	367.85
723.968	353.88
724.371	419.07
724.775	460.97
725.178	311.97
725.582	444.68
725.985	391.13
726.388	433.04
726.792	449.33
727.195	351.55
727.598	330.6
728.001	474.94
728.404	365.52
728.807	402.77
729.21	414.41
729.612	398.11
730.015	419.07
730.418	453.99
730.82	328.27
731.223	407.43
731.625	409.75
732.028	437.69
732.43	405.1
732.833	444.68
733.235	391.13
733.637	419.07
734.039	423.72
734.441	426.05
734.843	377.16
735.245	381.82
735.647	395.78
736.049	379.49
736.451	363.19
736.852	467.96
737.254	395.78
737.655	332.92
738.057	423.72
738.458	377.16
738.86	486.58
739.261	374.83
739.662	395.78
740.064	360.86
740.465	426.05
740.866	365.52
741.267	393.46
741.668	491.24
742.069	437.69
742.469	414.41
742.87	374.83
743.271	360.86
743.672	349.22
744.072	377.16
744.473	384.14
744.873	365.52
745.274	447
745.674	435.36
746.074	412.08
746.474	379.49
746.875	388.8
747.275	400.44
747.675	423.72
748.075	435.36
748.474	419.07
748.874	423.72
749.274	405.1
749.674	407.43
750.073	395.78
750.473	400.44
750.873	393.46
751.272	500.55
751.671	395.78
752.071	509.86
752.47	409.75
752.869	453.99
753.268	367.85
753.668	360.86
754.067	405.1
754.466	433.04
754.864	381.82
755.263	360.86
755.662	279.38
756.061	393.46
756.459	458.64
756.858	447
757.257	363.19
757.655	372.5
758.053	374.83
758.452	426.05
758.85	456.32
759.248	423.72
759.646	405.1
760.045	440.02
760.443	423.72
760.841	423.72
761.238	453.99
761.636	421.39
762.034	337.58
762.432	379.49
762.829	384.14
763.227	465.63
763.625	435.36
764.022	412.08
764.419	386.47
764.817	430.71
765.214	386.47
765.611	400.44
766.008	393.46
766.406	412.08
766.803	412.08
767.199	453.99
767.596	363.19
767.993	491.24
768.39	402.77
768.787	440.02
769.183	353.88
769.58	409.75
769.977	349.22
770.373	398.11
770.769	435.36
771.166	437.69
771.562	391.13
771.958	374.83
772.354	335.25
772.75	419.07
773.146	451.66
773.542	358.53
773.938	379.49
774.334	358.53
774.73	447
775.126	435.36
775.521	393.46
775.917	423.72
776.312	374.83
776.708	367.85
777.103	339.91
777.499	356.21
777.894	360.86
778.289	430.71
778.684	351.55
779.079	323.61
779.474	295.67
779.869	302.66
780.264	444.68
780.659	488.91
781.054	409.75
781.448	353.88
781.843	388.8
782.238	377.16
782.632	379.49
783.027	381.82
783.421	423.72
783.815	465.63
784.21	407.43
784.604	405.1
784.998	395.78
785.392	379.49
785.786	372.5
786.18	419.07
786.574	384.14
786.968	342.24
787.361	339.91
787.755	419.07
788.149	377.16
788.542	346.89
788.936	409.75
789.329	430.71
789.722	386.47
790.116	453.99
790.509	384.14
790.902	377.16
791.295	332.92
791.688	379.49
792.081	391.13
792.474	379.49
792.867	379.49
793.26	372.5
793.653	433.04
794.045	353.88
794.438	358.53
794.83	442.35
795.223	386.47
795.615	398.11
796.008	349.22
796.4	393.46
796.792	440.02
797.184	360.86
797.576	363.19
797.968	416.74
798.36	370.18
798.752	370.18
799.144	400.44
799.536	428.38
799.928	391.13
800.319	349.22
800.711	386.47
801.102	381.82
801.494	363.19
801.885	325.94
802.276	458.64
802.668	398.11
803.059	423.72
803.45	409.75
803.841	395.78
804.232	430.71
804.623	465.63
805.014	398.11
805.405	386.47
805.795	421.39
806.186	393.46
806.577	367.85
806.967	344.57
807.358	398.11
807.748	360.86
808.139	407.43
808.529	388.8
808.919	395.78
809.309	377.16
809.699	419.07
810.089	358.53
810.479	386.47
810.869	365.52
811.259	416.74
811.649	358.53
812.039	402.77
812.428	328.27
812.818	426.05
813.207	363.19
813.597	449.33
813.986	426.05
814.376	440.02
814.765	367.85
815.154	353.88
815.543	402.77
815.932	377.16
816.321	421.39
816.71	416.74
817.099	381.82
817.488	402.77
817.877	430.71
818.265	426.05
818.654	428.38
819.043	381.82
819.431	374.83
819.819	402.77
820.208	344.57
820.596	437.69
820.984	405.1
821.372	374.83
821.761	346.89
822.149	391.13
822.537	419.07
822.924	337.58
823.312	426.05
823.7	342.24
824.088	325.94
824.475	428.38
824.863	449.33
825.251	405.1
825.638	460.97
826.025	447
826.413	423.72
826.8	379.49
827.187	374.83
827.574	337.58
827.961	358.53
828.348	412.08
828.735	409.75
829.122	356.21
829.509	314.3
829.896	374.83
830.282	393.46
830.669	414.41
831.055	356.21
831.442	447
831.828	379.49
832.215	416.74
832.601	365.52
832.987	398.11
833.373	405.1
833.759	433.04
834.145	302.66
834.531	402.77
834.917	465.63
835.303	458.64
835.689	449.33
836.074	426.05
836.46	374.83
836.846	391.13
837.231	440.02
837.617	360.86
838.002	377.16
838.387	430.71
838.772	400.44
839.158	346.89
839.543	400.44
839.928	374.83
840.313	421.39
840.698	386.47
841.082	430.71
841.467	391.13
841.852	384.14
842.237	407.43
842.621	402.77
843.006	351.55
843.39	377.16
843.774	370.18
844.159	344.57
844.543	416.74
844.927	428.38
845.311	440.02
845.695	395.78
846.079	414.41
846.463	358.53
846.847	363.19
847.231	351.55
847.615	351.55
847.998	421.39
848.382	421.39
848.765	400.44
849.149	442.35
849.532	474.94
849.916	421.39
850.299	416.74
850.682	367.85
851.065	393.46
851.448	367.85
851.831	402.77
852.214	377.16
852.597	398.11
852.98	365.52
853.363	435.36
853.745	346.89
854.128	318.96
854.51	330.6
854.893	426.05
855.275	386.47
855.658	384.14
856.04	346.89
856.422	337.58
856.804	405.1
857.186	332.92
857.568	416.74
857.95	365.52
858.332	356.21
858.714	384.14
859.096	377.16
859.477	372.5
859.859	384.14
860.24	388.8
860.622	426.05
861.003	412.08
861.385	400.44
861.766	318.96
862.147	321.28
862.528	335.25
862.909	412.08
863.29	460.97
863.671	435.36
864.052	398.11
864.433	321.28
864.814	407.43
865.194	416.74
865.575	386.47
865.955	386.47
866.336	332.92
866.716	321.28
867.097	460.97
867.477	398.11
867.857	328.27
868.237	381.82
868.617	384.14
868.997	388.8
869.377	344.57
869.757	379.49
870.137	386.47
870.517	314.3
870.896	381.82
871.276	372.5
871.655	400.44
872.035	444.68
872.414	339.91
872.794	391.13
873.173	400.44
873.552	400.44
873.931	381.82
874.31	402.77
874.689	474.94
875.068	391.13
875.447	353.88
875.826	484.25
876.205	426.05
876.583	414.41
876.962	358.53
877.341	405.1
877.719	409.75
878.097	423.72
878.476	346.89
878.854	323.61
879.232	426.05
879.61	330.6
879.988	379.49
880.366	360.86
880.744	479.6
881.122	381.82
881.5	323.61
881.878	302.66
882.255	279.38
882.633	393.46
883.011	381.82
883.388	465.63
883.765	467.96
884.143	400.44
884.52	370.18
884.897	386.47
885.274	377.16
885.651	440.02
886.028	358.53
886.405	372.5
886.782	426.05
887.159	426.05
887.536	384.14
887.912	370.18
888.289	372.5
888.665	400.44
889.042	419.07
889.418	379.49
889.794	344.57
890.171	353.88
890.547	363.19
890.923	358.53
891.299	433.04
891.675	400.44
892.051	391.13
892.427	409.75
892.803	323.61
893.178	351.55
893.554	405.1
893.929	377.16
894.305	353.88
894.68	358.53
895.056	414.41
895.431	477.27
895.806	402.77
896.181	381.82
896.557	370.18
896.932	393.46
897.307	398.11
897.681	332.92
898.056	400.44
898.431	409.75
898.806	435.36
899.18	358.53
899.555	367.85
899.929	419.07
900.304	460.97
900.678	451.66
901.052	407.43
901.427	407.43
901.801	349.22
902.175	430.71
902.549	379.49
902.923	437.69
903.297	363.19
903.67	346.89
904.044	370.18
904.418	349.22
904.791	377.16
905.165	456.32
905.538	388.8
905.912	400.44
906.285	393.46
906.658	453.99
907.032	447
907.405	395.78
907.778	339.91
908.151	388.8
908.524	335.25
908.896	391.13
909.269	416.74
909.642	374.83
910.015	353.88
910.387	386.47
910.76	372.5
911.132	377.16
911.504	384.14
911.877	358.53
912.249	398.11
912.621	405.1
912.993	435.36
913.365	435.36
913.737	412.08
914.109	358.53
914.481	458.64
914.853	456.32
915.224	428.38
915.596	379.49
915.968	384.14
916.339	370.18
916.71	377.16
917.082	358.53
917.453	419.07
917.824	328.27
918.195	363.19
918.566	402.77
918.937	374.83
919.308	405.1
919.679	435.36
920.05	386.47
920.421	393.46
920.791	426.05
921.162	412.08
921.532	400.44
921.903	379.49
922.273	365.52
922.644	386.47
923.014	300.33
923.384	349.22
923.754	423.72
924.124	365.52
924.494	342.24
924.864	365.52
925.234	444.68
925.604	360.86
925.973	342.24
926.343	386.47
926.712	384.14
927.082	456.32
927.451	358.53
927.821	377.16
928.19	435.36
928.559	370.18
928.928	381.82
929.297	342.24
929.666	393.46
930.035	409.75
930.404	419.07
930.773	433.04
931.142	451.66
931.51	379.49
931.879	400.44
932.247	419.07
932.616	374.83
932.984	370.18
933.353	414.41
933.721	381.82
934.089	367.85
934.457	337.58
934.825	405.1
935.193	379.49
935.561	447
935.929	379.49
936.296	388.8
936.664	449.33
937.032	386.47
937.399	363.19
937.767	386.47
938.134	335.25
938.501	398.11
938.869	426.05
939.236	367.85
939.603	360.86
939.97	405.1
940.337	433.04
940.704	423.72
941.071	444.68
941.438	386.47
941.804	440.02
942.171	337.58
942.538	351.55
942.904	460.97
943.27	346.89
943.637	402.77
944.003	449.33
944.369	381.82
944.735	412.08
945.102	393.46
945.468	323.61
945.833	379.49
946.199	358.53
946.565	435.36
946.931	430.71
947.296	433.04
947.662	428.38
948.028	365.52
948.393	400.44
948.758	402.77
949.124	356.21
949.489	437.69
949.854	370.18
950.219	405.1
950.584	356.21
950.949	398.11
951.314	363.19
951.679	433.04
952.044	444.68
952.408	384.14
952.773	428.38
953.137	419.07
953.502	379.49
953.866	377.16
954.231	360.86
954.595	428.38
954.959	433.04
955.323	381.82
955.687	407.43
956.051	391.13
956.415	311.97
956.779	384.14
957.143	344.57
957.506	363.19
957.87	367.85
958.234	444.68
958.597	412.08
958.961	363.19
959.324	367.85
959.687	314.3
960.05	447
960.413	421.39
960.776	442.35
961.139	453.99
961.502	395.78
961.865	377.16
962.228	398.11
962.591	463.3
962.953	372.5
963.316	435.36
963.678	453.99
964.041	386.47
964.403	386.47
964.765	423.72
965.128	335.25
965.49	451.66
965.852	388.8
966.214	388.8
966.576	337.58
966.938	405.1
967.299	384.14
967.661	377.16
968.023	372.5
968.384	360.86
968.746	412.08
969.107	398.11
969.469	351.55
969.83	381.82
970.191	363.19
970.552	458.64
970.913	395.78
971.274	353.88
971.635	381.82
971.996	377.16
972.357	365.52
972.718	337.58
973.078	358.53
973.439	325.94
973.8	449.33
974.16	491.24
974.52	435.36
974.881	374.83
975.241	386.47
975.601	398.11
975.961	442.35
976.321	367.85
976.681	407.43
977.041	360.86
977.401	400.44
977.76	440.02
978.12	398.11
978.48	386.47
978.839	349.22
979.199	381.82
979.558	393.46
979.917	344.57
980.277	328.27
980.636	421.39
980.995	409.75
981.354	346.89
981.713	391.13
982.072	356.21
982.43	398.11
982.789	400.44
983.148	440.02
983.506	335.25
983.865	370.18
984.223	428.38
984.582	400.44
984.94	430.71
985.298	405.1
985.656	358.53
986.015	381.82
986.373	349.22
986.731	370.18
987.088	407.43
987.446	453.99
987.804	377.16
988.162	393.46
988.519	409.75
988.877	381.82
989.234	381.82
989.591	402.77
989.949	356.21
990.306	395.78
990.663	298
991.02	372.5
991.377	360.86
991.734	370.18
992.091	328.27
992.448	372.5
992.805	405.1
993.161	414.41
993.518	339.91
993.874	430.71
994.231	428.38
994.587	384.14
994.943	323.61
995.3	412.08
995.656	402.77
996.012	358.53
996.368	323.61
996.724	349.22
997.08	393.46
997.435	365.52
997.791	356.21
998.147	386.47
998.502	356.21
998.858	402.77
999.213	374.83
999.569	370.18
999.924	393.46
1000.279	416.74
1000.634	430.71
1000.989	295.67
1001.344	349.22
1001.699	332.92
1002.054	386.47
1002.409	342.24
1002.764	330.6
1003.118	291.02
1003.473	409.75
1003.827	346.89
1004.182	423.72
1004.536	388.8
1004.89	416.74
1005.245	423.72
1005.599	351.55
1005.953	351.55
1006.307	381.82
1006.661	363.19
1007.015	416.74
1007.368	395.78
1007.722	353.88
1008.076	302.66
1008.429	377.16
1008.783	395.78
1009.136	477.27
1009.489	367.85
1009.843	430.71
1010.196	430.71
1010.549	393.46
1010.902	370.18
1011.255	351.55
1011.608	360.86
1011.961	398.11
1012.313	342.24
1012.666	414.41
1013.019	428.38
1013.371	381.82
1013.724	353.88
1014.076	330.6
1014.428	379.49
1014.781	353.88
1015.133	423.72
1015.485	428.38
1015.837	374.83
1016.189	391.13
1016.541	395.78
1016.893	388.8
1017.244	372.5
1017.596	379.49
1017.947	363.19
1018.299	426.05
1018.65	386.47
1019.002	395.78
1019.353	414.41
1019.704	372.5
1020.055	409.75
1020.407	393.46
1020.758	351.55
1021.108	351.55
1021.459	349.22
1021.81	451.66
1022.161	416.74
1022.511	363.19
1022.862	447
1023.213	416.74
1023.563	365.52
1023.913	358.53
1024.264	414.41
1024.614	377.16
1024.964	325.94
1025.314	412.08
1025.664	370.18
1026.014	435.36
1026.364	402.77
1026.713	367.85
1027.063	393.46
1027.413	433.04
1027.762	386.47
1028.112	379.49
1028.461	416.74
1028.81	416.74
1029.16	351.55
1029.509	467.96
1029.858	381.82
1030.207	433.04
1030.556	349.22
1030.905	428.38
1031.254	356.21
1031.602	433.04
1031.951	430.71
1032.3	360.86
1032.648	367.85
1032.996	367.85
1033.345	367.85
