187.879	-5.38
188.346	-5.38
188.813	-5.38
189.28	-77.56
189.747	-100.84
190.214	-70.57
190.681	-56.6
191.148	-128.78
191.614	-72.9
192.081	-154.39
192.548	-79.88
193.014	-86.87
193.481	17.9
193.948	59.8
194.414	22.55
194.881	41.18
195.347	43.51
195.813	108.7
196.28	124.99
196.746	45.84
197.212	185.52
197.678	169.23
198.145	178.54
198.611	138.96
199.077	234.42
199.543	183.2
200.009	180.87
200.475	232.09
200.941	271.67
201.407	311.24
201.873	299.6
202.338	297.28
202.804	299.6
203.27	297.28
203.735	399.71
204.201	423
204.667	397.39
205.132	278.65
205.598	341.51
206.063	416.01
206.529	423
206.994	392.73
207.459	383.42
207.925	411.35
208.39	416.01
208.855	395.06
209.32	432.31
209.785	353.15
210.25	436.96
210.715	416.01
211.18	436.96
211.645	348.49
212.11	388.07
212.575	360.14
213.04	439.29
213.504	378.76
213.969	395.06
214.434	392.73
214.899	383.42
215.363	367.12
215.828	350.82
216.292	357.81
216.757	334.53
217.221	371.78
217.685	613.9
218.15	383.42
218.614	362.46
219.078	383.42
219.542	290.29
220.007	364.79
220.471	409.03
220.935	397.39
221.399	357.81
221.863	399.71
222.327	357.81
222.791	280.98
223.254	392.73
223.718	320.56
224.182	397.39
224.646	413.68
225.109	362.46
225.573	329.87
226.037	427.65
226.5	355.48
226.964	390.4
227.427	383.42
227.89	399.71
228.354	425.32
228.817	292.62
229.28	341.51
229.744	357.81
230.207	332.2
230.67	378.76
231.133	315.9
231.596	411.35
232.059	395.06
232.522	388.07
232.985	392.73
233.448	388.07
233.911	404.37
234.374	343.84
234.836	346.17
235.299	362.46
235.762	341.51
236.224	306.59
236.687	332.2
237.149	371.78
237.612	425.32
238.074	369.45
238.537	318.23
238.999	355.48
239.461	439.29
239.924	369.45
240.386	434.64
240.848	404.37
241.31	409.03
241.772	325.21
242.234	388.07
242.696	429.98
243.158	376.43
243.62	416.01
244.082	397.39
244.544	322.88
245.006	390.4
245.468	325.21
245.929	290.29
246.391	341.51
246.852	392.73
247.314	402.04
247.776	402.04
248.237	357.81
248.698	322.88
249.16	371.78
249.621	362.46
250.082	427.65
250.544	409.03
251.005	420.67
251.466	355.48
251.927	336.85
252.388	304.26
252.849	397.39
253.31	409.03
253.771	329.87
254.232	409.03
254.693	416.01
255.154	364.79
255.615	327.54
256.075	325.21
256.536	402.04
256.997	416.01
257.457	376.43
257.918	362.46
258.378	355.48
258.839	436.96
259.299	425.32
259.759	409.03
260.22	411.35
260.68	320.56
261.14	360.14
261.6	378.76
262.06	369.45
262.521	464.9
262.981	362.46
263.441	406.7
263.901	350.82
264.36	383.42
264.82	402.04
265.28	420.67
265.74	397.39
266.2	374.1
266.659	423
267.119	464.9
267.579	464.9
268.038	443.95
268.498	436.96
268.957	399.71
269.416	383.42
269.876	341.51
270.335	378.76
270.794	416.01
271.254	346.17
271.713	297.28
272.172	369.45
272.631	346.17
273.09	411.35
273.549	395.06
274.008	411.35
274.467	443.95
274.926	371.78
275.385	427.65
275.843	399.71
276.302	395.06
276.761	429.98
277.22	383.42
277.678	388.07
278.137	406.7
278.595	413.68
279.054	423
279.512	399.71
279.97	411.35
280.429	420.67
280.887	399.71
281.345	362.46
281.803	429.98
282.262	423
282.72	460.25
283.178	341.51
283.636	397.39
284.094	367.12
284.552	390.4
285.01	427.65
285.467	471.89
285.925	429.98
286.383	464.9
286.841	462.57
287.298	378.76
287.756	406.7
288.213	343.84
288.671	429.98
289.128	481.2
289.586	420.67
290.043	457.92
290.5	448.6
290.958	385.74
291.415	425.32
291.872	367.12
292.329	427.65
292.786	427.65
293.243	343.84
293.7	397.39
294.157	385.74
294.614	364.79
295.071	374.1
295.528	434.64
295.985	350.82
296.441	413.68
296.898	385.74
297.355	446.28
297.811	429.98
298.268	411.35
298.724	399.71
299.181	478.87
299.637	490.51
300.094	376.43
300.55	390.4
301.006	364.79
301.462	325.21
301.919	429.98
302.375	371.78
302.831	383.42
303.287	381.09
303.743	448.6
304.199	446.28
304.655	388.07
305.11	390.4
305.566	406.7
306.022	427.65
306.478	402.04
306.933	471.89
307.389	439.29
307.845	420.67
308.3	402.04
308.756	367.12
309.211	383.42
309.666	455.59
310.122	418.34
310.577	418.34
311.032	381.09
311.487	418.34
311.943	406.7
312.398	406.7
312.853	406.7
313.308	388.07
313.763	360.14
314.218	406.7
314.672	439.29
315.127	406.7
315.582	513.79
316.037	420.67
316.492	462.57
316.946	413.68
317.401	434.64
317.855	423
318.31	427.65
318.764	392.73
319.219	395.06
319.673	378.76
320.127	436.96
320.582	406.7
321.036	441.62
321.49	469.56
321.944	467.23
322.398	383.42
322.852	420.67
323.306	441.62
323.76	469.56
324.214	441.62
324.668	334.53
325.122	432.31
325.575	427.65
326.029	488.18
326.483	413.68
326.936	429.98
327.39	334.53
327.843	397.39
328.297	436.96
328.75	390.4
329.204	469.56
329.657	355.48
330.11	453.26
330.564	416.01
331.017	406.7
331.47	455.59
331.923	464.9
332.376	346.17
332.829	467.23
333.282	411.35
333.735	457.92
334.188	429.98
334.641	474.21
335.093	441.62
335.546	390.4
335.999	474.21
336.451	413.68
336.904	434.64
337.356	446.28
337.809	443.95
338.261	425.32
338.714	450.93
339.166	416.01
339.618	388.07
340.07	429.98
340.523	425.32
340.975	455.59
341.427	448.6
341.879	476.54
342.331	455.59
342.783	406.7
343.235	453.26
343.687	395.06
344.138	348.49
344.59	416.01
345.042	420.67
345.494	499.82
345.945	404.37
346.397	460.25
346.848	467.23
347.3	450.93
347.751	471.89
348.203	413.68
348.654	381.09
349.105	441.62
349.556	432.31
350.008	392.73
350.459	488.18
350.91	420.67
351.361	469.56
351.812	399.71
352.263	376.43
352.714	446.28
353.165	418.34
353.615	381.09
354.066	462.57
354.517	478.87
354.968	448.6
355.418	471.89
355.869	462.57
356.319	439.29
356.77	390.4
357.22	450.93
357.671	406.7
358.121	476.54
358.571	418.34
359.021	453.26
359.472	450.93
359.922	481.2
360.372	460.25
360.822	429.98
361.272	467.23
361.722	446.28
362.172	420.67
362.622	436.96
363.071	413.68
363.521	427.65
363.971	411.35
364.42	436.96
364.87	406.7
365.32	478.87
365.769	434.64
366.219	450.93
366.668	411.35
367.117	499.82
367.567	511.46
368.016	499.82
368.465	399.71
368.914	516.12
369.363	439.29
369.812	476.54
370.261	453.26
370.71	448.6
371.159	502.15
371.608	567.34
372.057	488.18
372.506	518.45
372.955	558.03
373.403	565.01
373.852	546.39
374.301	595.28
374.749	634.86
375.198	681.42
375.646	737.29
376.094	732.64
376.543	867.67
376.991	888.62
377.439	856.03
377.887	1070.22
378.336	960.8
378.784	1154.03
379.232	1247.16
379.68	1310.02
380.128	1440.4
380.576	1596.38
381.023	1766.34
381.471	1966.56
381.919	2218
382.367	2488.06
382.814	2713.89
383.262	2976.97
383.71	3291.27
384.157	3626.52
384.605	4068.87
385.052	4562.44
385.499	5165.43
385.947	5558.89
386.394	6308.55
386.841	6948.79
387.288	7917.3
387.735	8396.9
388.182	9360.75
388.63	10620.28
389.076	11830.91
389.523	12692.33
389.97	14501.3
390.417	15718.92
390.864	17818.91
391.311	19462.58
391.757	21262.24
392.204	23373.86
392.651	25564.65
393.097	27881.16
393.544	30127.82
393.99	32765.61
394.436	34392.98
394.883	36467.36
395.329	39305.37
395.775	40252.93
396.221	41403.03
396.668	41989.73
397.114	42033.96
397.56	41652.14
398.006	40727.87
398.452	39403.15
398.897	37768.8
399.343	35235.77
399.789	32875.03
400.235	31103.31
400.681	28551.66
401.126	25885.94
401.572	23557.79
402.017	21995.6
402.463	20624.32
402.908	18715.24
403.354	17765.36
403.799	16429
404.244	15846.97
404.689	14934.33
405.135	14291.76
405.58	13653.85
406.025	13218.49
406.47	12908.85
406.915	12224.37
407.36	11660.96
407.805	11146.44
408.25	10857.75
408.694	10545.78
409.139	9849.66
409.584	9530.7
410.029	8783.37
410.473	8122.18
410.918	7654.22
411.362	7321.29
411.807	6764.87
412.251	6308.55
412.695	5777.73
413.14	5263.21
413.584	4841.82
414.028	4380.84
414.472	4334.28
414.916	3938.5
415.36	3649.81
415.804	3442.6
416.248	3398.37
416.692	3184.18
417.136	3102.69
417.58	2827.97
418.024	2683.63
418.467	2599.81
418.911	2553.25
419.355	2560.23
419.798	2311.12
420.242	2299.48
420.685	2280.86
421.128	2108.57
421.572	2059.68
422.015	1861.79
422.458	1780.3
422.902	1621.99
423.345	1684.85
423.788	1531.19
424.231	1463.68
424.674	1475.32
425.117	1293.72
425.56	1244.83
426.003	1223.88
426.445	1130.75
426.888	1079.53
427.331	998.05
427.773	918.89
428.216	1084.19
428.659	883.97
429.101	844.39
429.543	870
429.986	788.51
430.428	842.06
430.87	802.48
431.313	769.89
431.755	758.25
432.197	783.86
432.639	721
433.081	702.37
433.523	718.67
433.965	702.37
434.407	660.47
434.849	688.4
435.291	679.09
435.732	609.25
436.174	641.84
436.616	625.54
437.057	541.73
437.499	639.51
437.94	604.59
438.382	592.95
438.823	599.93
439.264	544.06
439.706	504.48
440.147	583.64
440.588	532.42
441.029	516.12
441.47	516.12
441.911	516.12
442.352	471.89
442.793	516.12
443.234	553.37
443.675	497.5
444.116	492.84
444.556	471.89
444.997	483.53
445.438	436.96
445.878	506.81
446.319	471.89
446.759	439.29
447.199	467.23
447.64	443.95
448.08	474.21
448.52	416.01
448.961	399.71
449.401	464.9
449.841	481.2
450.281	467.23
450.721	402.04
451.161	537.07
451.601	495.17
452.041	434.64
452.48	460.25
452.92	441.62
453.36	434.64
453.799	446.28
454.239	499.82
454.679	427.65
455.118	488.18
455.557	490.51
455.997	383.42
456.436	378.76
456.875	467.23
457.315	432.31
457.754	425.32
458.193	455.59
458.632	402.04
459.071	413.68
459.51	376.43
459.949	443.95
460.388	388.07
460.827	367.12
461.265	423
461.704	492.84
462.143	434.64
462.581	392.73
463.02	423
463.458	455.59
463.897	434.64
464.335	467.23
464.774	418.34
465.212	497.5
465.65	369.45
466.088	425.32
466.527	399.71
466.965	448.6
467.403	469.56
467.841	490.51
468.279	429.98
468.716	388.07
469.154	520.78
469.592	464.9
470.03	425.32
470.467	395.06
470.905	369.45
471.343	457.92
471.78	462.57
472.218	467.23
472.655	474.21
473.092	420.67
473.53	418.34
473.967	411.35
474.404	497.5
474.841	434.64
475.278	483.53
475.716	467.23
476.153	418.34
476.589	427.65
477.026	471.89
477.463	383.42
477.9	404.37
478.337	416.01
478.773	485.86
479.21	350.82
479.647	395.06
480.083	483.53
480.52	457.92
480.956	436.96
481.392	462.57
481.829	427.65
482.265	434.64
482.701	427.65
483.137	462.57
483.574	425.32
484.01	448.6
484.446	485.86
484.882	537.07
485.317	383.42
485.753	457.92
486.189	357.81
486.625	427.65
487.061	434.64
487.496	371.78
487.932	469.56
488.367	404.37
488.803	397.39
489.238	425.32
489.674	425.32
490.109	409.03
490.544	427.65
490.979	476.54
491.415	509.14
491.85	411.35
492.285	429.98
492.72	429.98
493.155	441.62
493.59	443.95
494.024	390.4
494.459	423
494.894	488.18
495.329	423
495.763	425.32
496.198	397.39
496.632	511.46
497.067	436.96
497.501	399.71
497.936	434.64
498.37	374.1
498.804	378.76
499.238	443.95
499.673	429.98
500.107	374.1
500.541	446.28
500.975	485.86
501.409	462.57
501.843	385.74
502.277	464.9
502.71	429.98
503.144	446.28
503.578	397.39
504.011	413.68
504.445	453.26
504.878	418.34
505.312	481.2
505.745	471.89
506.179	436.96
506.612	467.23
507.045	457.92
507.479	485.86
507.912	425.32
508.345	420.67
508.778	441.62
509.211	478.87
509.644	455.59
510.077	448.6
510.509	404.37
510.942	511.46
511.375	474.21
511.808	416.01
512.24	502.15
512.673	492.84
513.105	439.29
513.538	439.29
513.97	457.92
514.403	411.35
514.835	406.7
515.267	469.56
515.699	395.06
516.131	418.34
516.564	464.9
516.996	416.01
517.428	436.96
517.859	404.37
518.291	448.6
518.723	471.89
519.155	462.57
519.587	420.67
520.018	450.93
520.45	423
520.881	425.32
521.313	434.64
521.744	450.93
522.176	385.74
522.607	436.96
523.038	378.76
523.47	434.64
523.901	413.68
524.332	427.65
524.763	504.48
525.194	429.98
525.625	439.29
526.056	511.46
526.487	453.26
526.917	385.74
527.348	446.28
527.779	464.9
528.21	392.73
528.64	425.32
529.071	413.68
529.501	406.7
529.932	481.2
530.362	427.65
530.792	388.07
531.222	413.68
531.653	481.2
532.083	476.54
532.513	416.01
532.943	462.57
533.373	436.96
533.803	523.11
534.233	464.9
534.663	383.42
535.092	434.64
535.522	481.2
535.952	409.03
536.381	476.54
536.811	376.43
537.24	402.04
537.67	402.04
538.099	411.35
538.529	399.71
538.958	353.15
539.387	460.25
539.816	427.65
540.245	432.31
540.674	388.07
541.103	420.67
541.532	371.78
541.961	453.26
542.39	441.62
542.819	416.01
543.248	343.84
543.676	411.35
544.105	509.14
544.534	464.9
544.962	439.29
545.391	416.01
545.819	427.65
546.247	388.07
546.676	453.26
547.104	357.81
547.532	485.86
547.96	434.64
548.388	416.01
548.816	448.6
549.244	404.37
549.672	436.96
550.1	434.64
550.528	425.32
550.956	418.34
551.383	441.62
551.811	420.67
552.238	420.67
552.666	476.54
553.094	402.04
553.521	376.43
553.948	441.62
554.376	395.06
554.803	423
555.23	450.93
555.657	427.65
556.084	376.43
556.511	446.28
556.938	399.71
557.365	469.56
557.792	471.89
558.219	478.87
558.646	443.95
559.072	355.48
559.499	436.96
559.926	518.45
560.352	376.43
560.779	406.7
561.205	446.28
561.632	425.32
562.058	383.42
562.484	385.74
562.91	439.29
563.337	439.29
563.763	411.35
564.189	423
564.615	497.5
565.041	474.21
565.466	404.37
565.892	474.21
566.318	432.31
566.744	460.25
567.169	429.98
567.595	399.71
568.021	425.32
568.446	427.65
568.872	390.4
569.297	404.37
569.722	402.04
570.148	429.98
570.573	476.54
570.998	462.57
571.423	492.84
571.848	446.28
572.273	390.4
572.698	488.18
573.123	429.98
573.548	402.04
573.973	383.42
574.397	388.07
574.822	432.31
575.247	418.34
575.671	436.96
576.096	413.68
576.52	471.89
576.944	371.78
577.369	443.95
577.793	490.51
578.217	385.74
578.641	462.57
579.065	397.39
579.49	406.7
579.914	448.6
580.337	409.03
580.761	425.32
581.185	369.45
581.609	476.54
582.033	436.96
582.456	416.01
582.88	462.57
583.303	402.04
583.727	483.53
584.15	429.98
584.574	322.88
584.997	411.35
585.42	460.25
585.844	402.04
586.267	441.62
586.69	406.7
587.113	469.56
587.536	455.59
587.959	460.25
588.382	450.93
588.804	481.2
589.227	399.71
589.65	429.98
590.073	441.62
590.495	399.71
590.918	453.26
591.34	355.48
591.763	432.31
592.185	464.9
592.607	434.64
593.03	429.98
593.452	390.4
593.874	390.4
594.296	388.07
594.718	448.6
595.14	446.28
595.562	383.42
595.984	369.45
596.406	411.35
596.827	409.03
597.249	406.7
597.671	404.37
598.092	429.98
598.514	399.71
598.935	439.29
599.357	369.45
599.778	357.81
600.199	409.03
600.621	411.35
601.042	436.96
601.463	448.6
601.884	409.03
602.305	374.1
602.726	441.62
603.147	364.79
603.568	409.03
603.988	471.89
604.409	395.06
604.83	399.71
605.25	436.96
605.671	406.7
606.092	453.26
606.512	441.62
606.932	439.29
607.353	499.82
607.773	439.29
608.193	402.04
608.613	436.96
609.034	418.34
609.454	388.07
609.874	381.09
610.293	353.15
610.713	425.32
611.133	416.01
611.553	425.32
611.973	467.23
612.392	425.32
612.812	406.7
613.231	397.39
613.651	476.54
614.07	450.93
614.49	383.42
614.909	453.26
615.328	411.35
615.747	436.96
616.167	464.9
616.586	450.93
617.005	448.6
617.424	450.93
617.843	364.79
618.261	416.01
618.68	483.53
619.099	395.06
619.518	413.68
619.936	432.31
620.355	411.35
620.773	392.73
621.192	409.03
621.61	385.74
622.029	441.62
622.447	399.71
622.865	409.03
623.283	350.82
623.701	418.34
624.119	418.34
624.537	420.67
624.955	341.51
625.373	383.42
625.791	429.98
626.209	434.64
626.627	390.4
627.044	392.73
627.462	436.96
627.879	418.34
628.297	355.48
628.714	378.76
629.132	436.96
629.549	383.42
629.966	467.23
630.383	418.34
630.8	439.29
631.217	402.04
631.634	395.06
632.051	399.71
632.468	425.32
632.885	395.06
633.302	432.31
633.719	381.09
634.135	504.48
634.552	360.14
634.969	376.43
635.385	478.87
635.801	388.07
636.218	367.12
636.634	411.35
637.05	469.56
637.467	469.56
637.883	411.35
638.299	385.74
638.715	395.06
639.131	446.28
639.547	376.43
639.963	506.81
640.378	423
640.794	418.34
641.21	397.39
641.626	334.53
642.041	404.37
642.457	409.03
642.872	439.29
643.287	392.73
643.703	416.01
644.118	455.59
644.533	457.92
644.948	423
645.364	423
645.779	364.79
646.194	341.51
646.609	450.93
647.023	404.37
647.438	450.93
647.853	450.93
648.268	360.14
648.682	423
649.097	413.68
649.511	371.78
649.926	427.65
650.34	471.89
650.755	315.9
651.169	455.59
651.583	439.29
651.997	397.39
652.411	420.67
652.825	457.92
653.239	397.39
653.653	404.37
654.067	406.7
654.481	399.71
654.895	450.93
655.309	453.26
655.722	395.06
656.136	402.04
656.549	388.07
656.963	395.06
657.376	443.95
657.79	395.06
658.203	413.68
658.616	355.48
659.029	390.4
659.442	406.7
659.855	413.68
660.268	423
660.681	455.59
661.094	448.6
661.507	425.32
661.92	376.43
662.333	432.31
662.745	346.17
663.158	381.09
663.57	439.29
663.983	385.74
664.395	423
664.808	390.4
665.22	448.6
665.632	450.93
666.044	357.81
666.456	427.65
666.868	378.76
667.28	339.18
667.692	371.78
668.104	325.21
668.516	397.39
668.928	346.17
669.34	418.34
669.751	476.54
670.163	439.29
670.574	416.01
670.986	381.09
671.397	429.98
671.809	483.53
672.22	446.28
672.631	355.48
673.042	402.04
673.453	390.4
673.864	462.57
674.275	439.29
674.686	441.62
675.097	427.65
675.508	397.39
675.919	360.14
676.33	376.43
676.74	385.74
677.151	402.04
677.561	360.14
677.972	434.64
678.382	385.74
678.792	390.4
679.203	460.25
679.613	429.98
680.023	378.76
680.433	404.37
680.843	467.23
681.253	423
681.663	441.62
682.073	388.07
682.483	385.74
682.893	362.46
683.302	423
683.712	362.46
684.122	457.92
684.531	371.78
684.94	406.7
685.35	427.65
685.759	360.14
686.168	436.96
686.578	378.76
686.987	388.07
687.396	411.35
687.805	374.1
688.214	388.07
688.623	383.42
689.032	429.98
689.44	460.25
689.849	357.81
690.258	397.39
690.666	413.68
691.075	399.71
691.484	478.87
691.892	409.03
692.3	416.01
692.709	418.34
693.117	406.7
693.525	390.4
693.933	374.1
694.341	416.01
694.749	411.35
695.157	383.42
695.565	457.92
695.973	478.87
696.381	369.45
696.788	418.34
697.196	423
697.604	367.12
698.011	348.49
698.419	406.7
698.826	374.1
699.234	334.53
699.641	432.31
700.048	418.34
700.455	406.7
700.862	353.15
701.269	383.42
701.676	409.03
702.083	346.17
702.49	355.48
702.897	462.57
703.304	404.37
703.71	388.07
704.117	404.37
704.524	381.09
704.93	383.42
705.337	399.71
705.743	406.7
706.149	404.37
706.556	322.88
706.962	427.65
707.368	443.95
707.774	420.67
708.18	474.21
708.586	434.64
708.992	397.39
709.398	383.42
709.804	409.03
710.209	341.51
710.615	364.79
711.021	388.07
711.426	413.68
711.832	439.29
712.237	420.67
712.642	427.65
713.048	397.39
713.453	483.53
713.858	464.9
714.263	334.53
714.668	402.04
715.073	374.1
715.478	439.29
715.883	448.6
716.288	443.95
716.693	464.9
717.097	367.12
717.502	432.31
717.906	362.46
718.311	416.01
718.715	448.6
719.12	339.18
719.524	367.12
719.928	355.48
720.333	416.01
720.737	404.37
721.141	409.03
721.545	343.84
721.949	381.09
722.353	397.39
722.757	469.56
723.16	411.35
723.564	462.57
723.968	425.32
724.371	313.57
724.775	357.81
725.178	353.15
725.582	350.82
725.985	476.54
726.388	443.95
726.792	339.18
727.195	406.7
727.598	383.42
728.001	446.28
728.404	397.39
728.807	423
729.21	388.07
729.612	423
730.015	462.57
730.418	336.85
730.82	436.96
731.223	402.04
731.625	492.84
732.028	443.95
732.43	460.25
732.833	360.14
733.235	427.65
733.637	397.39
734.039	383.42
734.441	395.06
734.843	392.73
735.245	420.67
735.647	397.39
736.049	399.71
736.451	418.34
736.852	362.46
737.254	376.43
737.655	420.67
738.057	402.04
738.458	388.07
738.86	406.7
739.261	436.96
739.662	436.96
740.064	418.34
740.465	406.7
740.866	448.6
741.267	364.79
741.668	457.92
742.069	383.42
742.469	360.14
742.87	436.96
743.271	343.84
743.672	399.71
744.072	404.37
744.473	397.39
744.873	369.45
745.274	332.2
745.674	504.48
746.074	399.71
746.474	388.07
746.875	406.7
747.275	453.26
747.675	474.21
748.075	397.39
748.474	392.73
748.874	411.35
749.274	439.29
749.674	434.64
750.073	434.64
750.473	362.46
750.873	423
751.272	511.46
751.671	471.89
752.071	341.51
752.47	457.92
752.869	455.59
753.268	429.98
753.668	411.35
754.067	360.14
754.466	371.78
754.864	392.73
755.263	506.81
755.662	418.34
756.061	336.85
756.459	420.67
756.858	395.06
757.257	464.9
757.655	434.64
758.053	399.71
758.452	436.96
758.85	427.65
759.248	350.82
759.646	332.2
760.045	420.67
760.443	383.42
760.841	388.07
761.238	462.57
761.636	457.92
762.034	446.28
762.432	423
762.829	402.04
763.227	350.82
763.625	432.31
764.022	388.07
764.419	385.74
764.817	395.06
765.214	364.79
765.611	409.03
766.008	481.2
766.406	436.96
766.803	446.28
767.199	413.68
767.596	429.98
767.993	420.67
768.39	411.35
768.787	397.39
769.183	399.71
769.58	357.81
769.977	418.34
770.373	339.18
770.769	420.67
771.166	378.76
771.562	367.12
771.958	439.29
772.354	395.06
772.75	464.9
773.146	462.57
773.542	404.37
773.938	390.4
774.334	390.4
774.73	388.07
775.126	388.07
775.521	441.62
775.917	341.51
776.312	471.89
776.708	416.01
777.103	327.54
777.499	455.59
777.894	388.07
778.289	439.29
778.684	374.1
779.079	390.4
779.474	364.79
779.869	374.1
780.264	395.06
780.659	329.87
781.054	397.39
781.448	399.71
781.843	362.46
782.238	432.31
782.632	423
783.027	392.73
783.421	499.82
783.815	355.48
784.21	315.9
784.604	385.74
784.998	385.74
785.392	434.64
785.786	409.03
786.18	476.54
786.574	367.12
786.968	376.43
787.361	406.7
787.755	420.67
788.149	367.12
788.542	367.12
788.936	381.09
789.329	448.6
789.722	436.96
790.116	409.03
790.509	446.28
790.902	453.26
791.295	409.03
791.688	397.39
792.081	360.14
792.474	411.35
792.867	434.64
793.26	425.32
793.653	383.42
794.045	439.29
794.438	436.96
794.83	411.35
795.223	378.76
795.615	390.4
796.008	436.96
796.4	374.1
796.792	404.37
797.184	378.76
797.576	416.01
797.968	374.1
798.36	390.4
798.752	339.18
799.144	462.57
799.536	448.6
799.928	478.87
800.319	383.42
800.711	404.37
801.102	434.64
801.494	339.18
801.885	478.87
802.276	450.93
802.668	409.03
803.059	336.85
803.45	413.68
803.841	409.03
804.232	423
804.623	369.45
805.014	427.65
805.405	390.4
805.795	364.79
806.186	409.03
806.577	429.98
806.967	411.35
807.358	481.2
807.748	399.71
808.139	369.45
808.529	432.31
808.919	427.65
809.309	374.1
809.699	341.51
810.089	457.92
810.479	423
810.869	332.2
811.259	399.71
811.649	420.67
812.039	404.37
812.428	385.74
812.818	429.98
813.207	378.76
813.597	423
813.986	464.9
814.376	409.03
814.765	432.31
815.154	397.39
815.543	376.43
815.932	374.1
816.321	397.39
816.71	399.71
817.099	416.01
817.488	404.37
817.877	474.21
818.265	443.95
818.654	341.51
819.043	355.48
819.431	385.74
819.819	378.76
820.208	383.42
820.596	388.07
820.984	409.03
821.372	329.87
821.761	360.14
822.149	404.37
822.537	388.07
822.924	420.67
823.312	432.31
823.7	392.73
824.088	315.9
824.475	392.73
824.863	348.49
825.251	381.09
825.638	427.65
826.025	416.01
826.413	320.56
826.8	460.25
827.187	369.45
827.574	388.07
827.961	425.32
828.348	404.37
828.735	423
829.122	350.82
829.509	374.1
829.896	402.04
830.282	395.06
830.669	362.46
831.055	416.01
831.442	343.84
831.828	450.93
832.215	371.78
832.601	453.26
832.987	402.04
833.373	457.92
833.759	478.87
834.145	378.76
834.531	360.14
834.917	371.78
835.303	381.09
835.689	404.37
836.074	443.95
836.46	443.95
836.846	406.7
837.231	434.64
837.617	367.12
838.002	327.54
838.387	355.48
838.772	397.39
839.158	397.39
839.543	362.46
839.928	399.71
840.313	446.28
840.698	420.67
841.082	420.67
841.467	374.1
841.852	471.89
842.237	462.57
842.621	446.28
843.006	418.34
843.39	381.09
843.774	467.23
844.159	397.39
844.543	439.29
844.927	374.1
845.311	341.51
845.695	441.62
846.079	397.39
846.463	362.46
846.847	436.96
847.231	453.26
847.615	483.53
847.998	388.07
848.382	411.35
848.765	336.85
849.149	378.76
849.532	388.07
849.916	341.51
850.299	334.53
850.682	427.65
851.065	341.51
851.448	392.73
851.831	327.54
852.214	490.51
852.597	327.54
852.98	416.01
853.363	432.31
853.745	469.56
854.128	429.98
854.51	399.71
854.893	402.04
855.275	409.03
855.658	441.62
856.04	423
856.422	355.48
856.804	334.53
857.186	341.51
857.568	395.06
857.95	436.96
858.332	353.15
858.714	383.42
859.096	383.42
859.477	404.37
859.859	406.7
860.24	462.57
860.622	376.43
861.003	339.18
861.385	390.4
861.766	443.95
862.147	457.92
862.528	409.03
862.909	371.78
863.29	299.6
863.671	378.76
864.052	455.59
864.433	383.42
864.814	416.01
865.194	381.09
865.575	332.2
865.955	402.04
866.336	460.25
866.716	402.04
867.097	420.67
867.477	434.64
867.857	409.03
868.237	371.78
868.617	474.21
868.997	367.12
869.377	397.39
869.757	364.79
870.137	369.45
870.517	420.67
870.896	404.37
871.276	374.1
871.655	348.49
872.035	420.67
872.414	441.62
872.794	385.74
873.173	385.74
873.552	357.81
873.931	474.21
874.31	390.4
874.689	436.96
875.068	455.59
875.447	413.68
875.826	443.95
876.205	509.14
876.583	416.01
876.962	429.98
877.341	492.84
877.719	513.79
878.097	416.01
878.476	406.7
878.854	343.84
879.232	402.04
879.61	371.78
879.988	429.98
880.366	411.35
880.744	429.98
881.122	413.68
881.5	448.6
881.878	367.12
882.255	334.53
882.633	353.15
883.011	409.03
883.388	395.06
883.765	446.28
884.143	392.73
884.52	392.73
884.897	397.39
885.274	436.96
885.651	364.79
886.028	371.78
886.405	418.34
886.782	364.79
887.159	350.82
887.536	381.09
887.912	383.42
888.289	425.32
888.665	395.06
889.042	341.51
889.418	383.42
889.794	348.49
890.171	411.35
890.547	334.53
890.923	443.95
891.299	418.34
891.675	371.78
892.051	432.31
892.427	425.32
892.803	374.1
893.178	420.67
893.554	378.76
893.929	385.74
894.305	383.42
894.68	367.12
895.056	385.74
895.431	392.73
895.806	385.74
896.181	506.81
896.557	413.68
896.932	409.03
897.307	427.65
897.681	409.03
898.056	395.06
898.431	371.78
898.806	425.32
899.18	397.39
899.555	471.89
899.929	395.06
900.304	434.64
900.678	383.42
901.052	416.01
901.427	364.79
901.801	404.37
902.175	392.73
902.549	460.25
902.923	453.26
903.297	441.62
903.67	339.18
904.044	423
904.418	329.87
904.791	420.67
905.165	325.21
905.538	343.84
905.912	371.78
906.285	427.65
906.658	460.25
907.032	457.92
907.405	360.14
907.778	364.79
908.151	509.14
908.524	376.43
908.896	418.34
909.269	443.95
909.642	362.46
910.015	392.73
910.387	371.78
910.76	374.1
911.132	360.14
911.504	364.79
911.877	348.49
912.249	416.01
912.621	423
912.993	346.17
913.365	381.09
913.737	455.59
914.109	378.76
914.481	320.56
914.853	390.4
915.224	397.39
915.596	383.42
915.968	411.35
916.339	371.78
916.71	425.32
917.082	369.45
917.453	385.74
917.824	390.4
918.195	369.45
918.566	402.04
918.937	378.76
919.308	381.09
919.679	425.32
920.05	392.73
920.421	376.43
920.791	346.17
921.162	355.48
921.532	346.17
921.903	381.09
922.273	287.96
922.644	464.9
923.014	357.81
923.384	460.25
923.754	402.04
924.124	397.39
924.494	411.35
924.864	371.78
925.234	353.15
925.604	427.65
925.973	429.98
926.343	395.06
926.712	420.67
927.082	392.73
927.451	402.04
927.821	399.71
928.19	427.65
928.559	371.78
928.928	409.03
929.297	367.12
929.666	383.42
930.035	378.76
930.404	406.7
930.773	471.89
931.142	381.09
931.51	381.09
931.879	350.82
932.247	313.57
932.616	439.29
932.984	360.14
933.353	346.17
933.721	388.07
934.089	350.82
934.457	409.03
934.825	388.07
935.193	413.68
935.561	383.42
935.929	397.39
936.296	416.01
936.664	332.2
937.032	441.62
937.399	399.71
937.767	350.82
938.134	392.73
938.501	369.45
938.869	474.21
939.236	383.42
939.603	411.35
939.97	413.68
940.337	327.54
940.704	388.07
941.071	469.56
941.438	474.21
941.804	446.28
942.171	385.74
942.538	434.64
942.904	413.68
943.27	406.7
943.637	322.88
944.003	423
944.369	397.39
944.735	390.4
945.102	425.32
945.468	383.42
945.833	385.74
946.199	411.35
946.565	411.35
946.931	383.42
947.296	432.31
947.662	446.28
948.028	474.21
948.393	404.37
948.758	455.59
949.124	376.43
949.489	434.64
949.854	420.67
950.219	376.43
950.584	420.67
950.949	427.65
951.314	397.39
951.679	376.43
952.044	367.12
952.408	413.68
952.773	374.1
953.137	378.76
953.502	446.28
953.866	381.09
954.231	399.71
954.595	404.37
954.959	411.35
955.323	392.73
955.687	397.39
956.051	378.76
956.415	395.06
956.779	385.74
957.143	399.71
957.506	434.64
957.87	378.76
958.234	404.37
958.597	427.65
958.961	350.82
959.324	434.64
959.687	392.73
960.05	427.65
960.413	388.07
960.776	402.04
961.139	332.2
961.502	390.4
961.865	397.39
962.228	429.98
962.591	390.4
962.953	416.01
963.316	425.32
963.678	443.95
964.041	371.78
964.403	402.04
964.765	332.2
965.128	467.23
965.49	416.01
965.852	443.95
966.214	409.03
966.576	402.04
966.938	404.37
967.299	406.7
967.661	350.82
968.023	420.67
968.384	385.74
968.746	376.43
969.107	318.23
969.469	448.6
969.83	353.15
970.191	390.4
970.552	376.43
970.913	385.74
971.274	418.34
971.635	392.73
971.996	383.42
972.357	409.03
972.718	329.87
973.078	332.2
973.439	390.4
973.8	357.81
974.16	406.7
974.52	381.09
974.881	416.01
975.241	374.1
975.601	418.34
975.961	439.29
976.321	388.07
976.681	425.32
977.041	423
977.401	420.67
977.76	418.34
978.12	360.14
978.48	374.1
978.839	409.03
979.199	432.31
979.558	411.35
979.917	392.73
980.277	348.49
980.636	429.98
980.995	436.96
981.354	413.68
981.713	423
982.072	329.87
982.43	469.56
982.789	369.45
983.148	427.65
983.506	404.37
983.865	399.71
984.223	409.03
984.582	402.04
984.94	448.6
985.298	436.96
985.656	336.85
986.015	369.45
986.373	460.25
986.731	441.62
987.088	378.76
987.446	385.74
987.804	397.39
988.162	423
988.519	423
988.877	388.07
989.234	469.56
989.591	439.29
989.949	409.03
990.306	395.06
990.663	416.01
991.02	418.34
991.377	404.37
991.734	374.1
992.091	404.37
992.448	411.35
992.805	388.07
993.161	395.06
993.518	413.68
993.874	306.59
994.231	409.03
994.587	402.04
994.943	404.37
995.3	413.68
995.656	416.01
996.012	369.45
996.368	367.12
996.724	385.74
997.08	329.87
997.435	336.85
997.791	355.48
998.147	404.37
998.502	399.71
998.858	423
999.213	395.06
999.569	464.9
999.924	371.78
1000.279	327.54
1000.634	409.03
1000.989	432.31
1001.344	364.79
1001.699	383.42
1002.054	399.71
1002.409	457.92
1002.764	427.65
1003.118	427.65
1003.473	362.46
1003.827	416.01
1004.182	413.68
1004.536	406.7
1004.89	397.39
1005.245	411.35
1005.599	374.1
1005.953	329.87
1006.307	434.64
1006.661	411.35
1007.015	385.74
1007.368	413.68
1007.722	446.28
1008.076	402.04
1008.429	404.37
1008.783	399.71
1009.136	376.43
1009.489	406.7
1009.843	381.09
1010.196	423
1010.549	369.45
1010.902	432.31
1011.255	332.2
1011.608	448.6
1011.961	399.71
1012.313	448.6
1012.666	311.24
1013.019	429.98
1013.371	362.46
1013.724	397.39
1014.076	418.34
1014.428	367.12
1014.781	413.68
1015.133	397.39
1015.485	360.14
1015.837	429.98
1016.189	423
1016.541	385.74
1016.893	411.35
1017.244	378.76
1017.596	413.68
1017.947	413.68
1018.299	404.37
1018.65	390.4
1019.002	406.7
1019.353	362.46
1019.704	399.71
1020.055	399.71
1020.407	374.1
1020.758	416.01
1021.108	369.45
1021.459	388.07
1021.81	388.07
1022.161	381.09
1022.511	341.51
1022.862	411.35
1023.213	350.82
1023.563	383.42
1023.913	378.76
1024.264	471.89
1024.614	367.12
1024.964	369.45
1025.314	413.68
1025.664	318.23
1026.014	443.95
1026.364	409.03
1026.713	416.01
1027.063	371.78
1027.413	441.62
1027.762	364.79
1028.112	434.64
1028.461	374.1
1028.81	429.98
1029.16	371.78
1029.509	376.43
1029.858	364.79
1030.207	367.12
1030.556	371.78
1030.905	355.48
1031.254	455.59
1031.602	325.21
1031.951	423
1032.3	402.04
1032.648	357.81
1032.996	357.81
1033.345	357.81
