187.879	-3.78
188.346	-3.78
188.813	-3.78
189.28	-68.97
189.747	-66.64
190.214	-92.25
190.681	-138.82
191.148	-52.67
191.614	-41.03
192.081	-48.02
192.548	-71.3
193.014	-24.74
193.481	-36.38
193.948	-27.06
194.414	3.2
194.881	-64.32
195.347	75.37
195.813	100.98
196.28	59.08
196.746	205.75
197.212	152.2
197.678	138.23
198.145	198.77
198.611	163.84
199.077	152.2
199.543	266.28
200.009	268.61
200.475	303.53
200.941	252.31
201.407	289.56
201.873	308.19
202.338	329.14
202.804	396.66
203.27	329.14
203.735	385.02
204.201	389.67
204.667	340.78
205.132	405.97
205.598	340.78
206.063	447.88
206.529	417.61
206.994	303.53
207.459	475.81
207.925	429.25
208.39	389.67
208.855	422.27
209.32	410.63
209.785	450.21
210.25	454.86
210.715	403.64
211.18	401.31
211.645	422.27
212.11	382.69
212.575	389.67
213.04	364.06
213.504	380.36
213.969	415.28
214.434	417.61
214.899	366.39
215.363	385.02
215.828	380.36
216.292	410.63
216.757	343.11
217.221	396.66
217.685	573.6
218.15	403.64
218.614	352.42
219.078	426.92
219.542	294.22
220.007	373.38
220.471	382.69
220.935	343.11
221.399	473.49
221.863	401.31
222.327	389.67
222.791	394.33
223.254	333.8
223.718	319.83
224.182	417.61
224.646	394.33
225.109	345.44
225.573	319.83
226.037	368.72
226.5	371.05
226.964	345.44
227.427	371.05
227.89	354.75
228.354	401.31
228.817	324.49
229.28	380.36
229.744	394.33
230.207	412.96
230.67	366.39
231.133	277.92
231.596	403.64
232.059	415.28
232.522	387.35
232.985	438.56
233.448	338.45
233.911	336.13
234.374	354.75
234.836	336.13
235.299	352.42
235.762	354.75
236.224	357.08
236.687	385.02
237.149	361.74
237.612	296.55
238.074	431.58
238.537	415.28
238.999	396.66
239.461	394.33
239.924	426.92
240.386	419.94
240.848	373.38
241.31	410.63
241.772	424.6
242.234	412.96
242.696	426.92
243.158	398.99
243.62	385.02
244.082	438.56
244.544	415.28
245.006	352.42
245.468	431.58
245.929	415.28
246.391	352.42
246.852	392
247.314	422.27
247.776	429.25
248.237	322.16
248.698	333.8
249.16	389.67
249.621	350.1
250.082	408.3
250.544	438.56
251.005	482.8
251.466	422.27
251.927	419.94
252.388	389.67
252.849	459.52
253.31	454.86
253.771	387.35
254.232	422.27
254.693	398.99
255.154	373.38
255.615	324.49
256.075	471.16
256.536	461.85
256.997	389.67
257.457	338.45
257.918	422.27
258.378	419.94
258.839	392
259.299	394.33
259.759	368.72
260.22	424.6
260.68	431.58
261.14	380.36
261.6	457.19
262.06	443.22
262.521	359.41
262.981	359.41
263.441	394.33
263.901	436.24
264.36	415.28
264.82	368.72
265.28	410.63
265.74	475.81
266.2	426.92
266.659	373.38
267.119	443.22
267.579	412.96
268.038	394.33
268.498	431.58
268.957	426.92
269.416	396.66
269.876	466.5
270.335	392
270.794	480.47
271.254	389.67
271.713	475.81
272.172	450.21
272.631	464.17
273.09	447.88
273.549	450.21
274.008	380.36
274.467	433.91
274.926	403.64
275.385	459.52
275.843	438.56
276.302	492.11
276.761	461.85
277.22	410.63
277.678	447.88
278.137	408.3
278.595	440.89
279.054	401.31
279.512	450.21
279.97	398.99
280.429	375.7
280.887	433.91
281.345	394.33
281.803	424.6
282.262	450.21
282.72	396.66
283.178	424.6
283.636	461.85
284.094	424.6
284.552	457.19
285.01	433.91
285.467	466.5
285.925	447.88
286.383	410.63
286.841	394.33
287.298	359.41
287.756	412.96
288.213	408.3
288.671	445.55
289.128	378.03
289.586	401.31
290.043	438.56
290.5	398.99
290.958	357.08
291.415	494.44
291.872	366.39
292.329	403.64
292.786	506.08
293.243	396.66
293.7	440.89
294.157	424.6
294.614	419.94
295.071	405.97
295.528	429.25
295.985	480.47
296.441	438.56
296.898	343.11
297.355	419.94
297.811	417.61
298.268	429.25
298.724	445.55
299.181	440.89
299.637	385.02
300.094	431.58
300.55	408.3
301.006	436.24
301.462	387.35
301.919	382.69
302.375	415.28
302.831	445.55
303.287	422.27
303.743	461.85
304.199	385.02
304.655	392
305.11	394.33
305.566	457.19
306.022	401.31
306.478	429.25
306.933	496.77
307.389	419.94
307.845	412.96
308.3	450.21
308.756	385.02
309.211	410.63
309.666	426.92
310.122	447.88
310.577	354.75
311.032	419.94
311.487	459.52
311.943	506.08
312.398	454.86
312.853	436.24
313.308	436.24
313.763	527.03
314.218	373.38
314.672	408.3
315.127	403.64
315.582	398.99
316.037	396.66
316.492	398.99
316.946	426.92
317.401	415.28
317.855	417.61
318.31	387.35
318.764	426.92
319.219	417.61
319.673	373.38
320.127	371.05
320.582	424.6
321.036	422.27
321.49	464.17
321.944	510.74
322.398	385.02
322.852	457.19
323.306	475.81
323.76	380.36
324.214	412.96
324.668	415.28
325.122	478.14
325.575	459.52
326.029	454.86
326.483	457.19
326.936	452.53
327.39	433.91
327.843	471.16
328.297	482.8
328.75	464.17
329.204	443.22
329.657	401.31
330.11	415.28
330.564	426.92
331.017	408.3
331.47	378.03
331.923	417.61
332.376	508.41
332.829	375.7
333.282	394.33
333.735	429.25
334.188	445.55
334.641	419.94
335.093	392
335.546	452.53
335.999	501.42
336.451	464.17
336.904	524.71
337.356	454.86
337.809	503.75
338.261	436.24
338.714	426.92
339.166	480.47
339.618	431.58
340.07	510.74
340.523	464.17
340.975	468.83
341.427	443.22
341.879	378.03
342.331	408.3
342.783	412.96
343.235	475.81
343.687	364.06
344.138	438.56
344.59	389.67
345.042	405.97
345.494	380.36
345.945	431.58
346.397	468.83
346.848	422.27
347.3	387.35
347.751	422.27
348.203	438.56
348.654	527.03
349.105	466.5
349.556	419.94
350.008	433.91
350.459	445.55
350.91	443.22
351.361	454.86
351.812	436.24
352.263	429.25
352.714	450.21
353.165	438.56
353.615	459.52
354.066	473.49
354.517	412.96
354.968	429.25
355.418	459.52
355.869	438.56
356.319	468.83
356.77	410.63
357.22	385.02
357.671	433.91
358.121	464.17
358.571	424.6
359.021	398.99
359.472	452.53
359.922	499.1
360.372	468.83
360.822	475.81
361.272	408.3
361.722	405.97
362.172	494.44
362.622	419.94
363.071	496.77
363.521	426.92
363.971	447.88
364.42	454.86
364.87	398.99
365.32	485.13
365.769	492.11
366.219	454.86
366.668	464.17
367.117	492.11
367.567	431.58
368.016	515.39
368.465	487.46
368.914	445.55
369.363	603.86
369.812	499.1
370.261	541
370.71	550.32
371.159	594.55
371.608	524.71
372.057	452.53
372.506	515.39
372.955	524.71
373.403	589.89
373.852	648.1
374.301	587.57
374.749	620.16
375.198	629.47
375.646	638.79
376.094	806.41
376.543	832.02
376.991	797.1
377.439	932.13
377.887	1090.45
378.336	1090.45
378.784	1183.57
379.232	1267.38
379.68	1381.46
380.128	1493.22
380.576	1642.22
381.023	1870.37
381.471	1935.56
381.919	2217.27
382.367	2394.21
382.814	2678.24
383.262	2880.79
383.71	3346.42
384.157	3732.89
384.605	4035.55
385.052	4559.38
385.499	4992.42
385.947	5527.89
386.394	6084.32
386.841	6822.34
387.288	7814.13
387.735	8696.5
388.182	9546.27
388.63	10631.19
389.076	11562.45
389.523	13036.17
389.97	14237.49
390.417	15876.51
390.864	17424.72
391.311	19240.68
391.757	21408.18
392.204	23387.11
392.651	25338.09
393.097	27377.55
393.544	29808.13
393.99	32387.72
394.436	34415.54
394.883	36210.54
395.329	38510.75
395.775	39889.01
396.221	41025.15
396.668	41684.01
397.114	41134.57
397.56	41404.63
398.006	40454.75
398.452	39169.61
398.897	37761.08
399.343	35037.15
399.789	33067.54
400.235	30292.39
400.681	28620.78
401.126	25864.25
401.572	24013.38
402.017	21678.25
402.463	19960.07
402.908	18928.71
403.354	17517.85
403.799	16330.49
404.244	15597.13
404.689	14891.7
405.135	14156
405.58	13543.7
406.025	13089.71
406.47	12514.66
406.915	12142.16
407.36	11592.72
407.805	11487.95
408.25	10854.69
408.694	10563.67
409.139	9730.2
409.584	9185.41
410.029	8843.17
410.473	8265.79
410.918	7758.26
411.362	7113.36
411.807	6612.81
412.251	6179.77
412.695	5583.77
413.14	5255.5
413.584	4873.68
414.028	4664.15
414.472	4289.32
414.916	4033.22
415.36	3623.47
415.804	3409.28
416.248	3327.79
416.692	3325.47
417.136	3108.95
417.58	2866.82
418.024	2764.38
418.467	2654.96
418.911	2540.88
419.355	2424.47
419.798	2303.41
420.242	2177.69
420.685	2205.63
421.128	2093.88
421.572	1891.33
422.015	1854.08
422.458	1842.44
422.902	1628.25
423.345	1660.84
423.788	1618.93
424.231	1502.53
424.674	1497.87
425.117	1297.65
425.56	1267.38
426.003	1153.31
426.445	1197.54
426.888	1157.96
427.331	1006.63
427.773	999.65
428.216	990.34
428.659	918.16
429.101	922.82
429.543	855.3
429.986	880.91
430.428	811.07
430.87	922.82
431.313	794.77
431.755	785.46
432.197	750.54
432.639	710.96
433.081	752.86
433.523	685.35
433.965	634.13
434.407	606.19
434.849	643.44
435.291	603.86
435.732	657.41
436.174	645.77
436.616	603.86
437.057	608.52
437.499	561.96
437.94	629.47
438.382	606.19
438.823	631.8
439.264	587.57
439.706	564.28
440.147	545.66
440.588	524.71
441.029	524.71
441.47	547.99
441.911	559.63
442.352	489.78
442.793	466.5
443.234	592.22
443.675	464.17
444.116	440.89
444.556	485.13
444.997	431.58
445.438	466.5
445.878	426.92
446.319	536.35
446.759	459.52
447.199	508.41
447.64	464.17
448.08	501.42
448.52	503.75
448.961	447.88
449.401	466.5
449.841	389.67
450.281	510.74
450.721	478.14
451.161	547.99
451.601	501.42
452.041	450.21
452.48	450.21
452.92	466.5
453.36	492.11
453.799	445.55
454.239	522.38
454.679	475.81
455.118	454.86
455.557	412.96
455.997	468.83
456.436	436.24
456.875	464.17
457.315	473.49
457.754	447.88
458.193	419.94
458.632	431.58
459.071	422.27
459.51	450.21
459.949	431.58
460.388	361.74
460.827	517.72
461.265	443.22
461.704	424.6
462.143	419.94
462.581	385.02
463.02	485.13
463.458	438.56
463.897	499.1
464.335	431.58
464.774	396.66
465.212	473.49
465.65	482.8
466.088	387.35
466.527	410.63
466.965	466.5
467.403	422.27
467.841	440.89
468.279	401.31
468.716	343.11
469.154	520.05
469.592	424.6
470.03	494.44
470.467	431.58
470.905	478.14
471.343	473.49
471.78	438.56
472.218	403.64
472.655	475.81
473.092	396.66
473.53	468.83
473.967	380.36
474.404	401.31
474.841	492.11
475.278	429.25
475.716	443.22
476.153	440.89
476.589	431.58
477.026	450.21
477.463	426.92
477.9	443.22
478.337	522.38
478.773	475.81
479.21	392
479.647	412.96
480.083	419.94
480.52	478.14
480.956	422.27
481.392	389.67
481.829	443.22
482.265	440.89
482.701	513.07
483.137	489.78
483.574	431.58
484.01	466.5
484.446	438.56
484.882	478.14
485.317	419.94
485.753	401.31
486.189	454.86
486.625	459.52
487.061	419.94
487.496	478.14
487.932	492.11
488.367	394.33
488.803	410.63
489.238	371.05
489.674	424.6
490.109	482.8
490.544	368.72
490.979	450.21
491.415	412.96
491.85	433.91
492.285	431.58
492.72	415.28
493.155	489.78
493.59	415.28
494.024	382.69
494.459	424.6
494.894	499.1
495.329	461.85
495.763	410.63
496.198	464.17
496.632	443.22
497.067	503.75
497.501	401.31
497.936	408.3
498.37	464.17
498.804	452.53
499.238	431.58
499.673	403.64
500.107	473.49
500.541	422.27
500.975	447.88
501.409	564.28
501.843	378.03
502.277	450.21
502.71	480.47
503.144	496.77
503.578	457.19
504.011	461.85
504.445	480.47
504.878	438.56
505.312	373.38
505.745	492.11
506.179	405.97
506.612	443.22
507.045	422.27
507.479	417.61
507.912	534.02
508.345	466.5
508.778	401.31
509.211	429.25
509.644	408.3
510.077	424.6
510.509	436.24
510.942	436.24
511.375	412.96
511.808	473.49
512.24	471.16
512.673	440.89
513.105	426.92
513.538	378.03
513.97	478.14
514.403	461.85
514.835	410.63
515.267	445.55
515.699	392
516.131	410.63
516.564	522.38
516.996	436.24
517.428	385.02
517.859	417.61
518.291	431.58
518.723	417.61
519.155	487.46
519.587	392
520.018	422.27
520.45	443.22
520.881	357.08
521.313	396.66
521.744	408.3
522.176	480.47
522.607	452.53
523.038	461.85
523.47	443.22
523.901	464.17
524.332	410.63
524.763	485.13
525.194	429.25
525.625	405.97
526.056	450.21
526.487	487.46
526.917	426.92
527.348	431.58
527.779	447.88
528.21	410.63
528.64	429.25
529.071	445.55
529.501	382.69
529.932	506.08
530.362	417.61
530.792	403.64
531.222	445.55
531.653	394.33
532.083	396.66
532.513	445.55
532.943	424.6
533.373	426.92
533.803	531.69
534.233	429.25
534.663	468.83
535.092	494.44
535.522	473.49
535.952	473.49
536.381	501.42
536.811	452.53
537.24	436.24
537.67	468.83
538.099	408.3
538.529	412.96
538.958	433.91
539.387	426.92
539.816	536.35
540.245	482.8
540.674	485.13
541.103	373.38
541.532	478.14
541.961	387.35
542.39	459.52
542.819	417.61
543.248	459.52
543.676	410.63
544.105	447.88
544.534	396.66
544.962	440.89
545.391	513.07
545.819	440.89
546.247	389.67
546.676	368.72
547.104	457.19
547.532	492.11
547.96	447.88
548.388	412.96
548.816	378.03
549.244	468.83
549.672	464.17
550.1	487.46
550.528	410.63
550.956	447.88
551.383	401.31
551.811	445.55
552.238	419.94
552.666	422.27
553.094	473.49
553.521	375.7
553.948	440.89
554.376	408.3
554.803	424.6
555.23	478.14
555.657	522.38
556.084	466.5
556.511	417.61
556.938	461.85
557.365	429.25
557.792	408.3
558.219	389.67
558.646	389.67
559.072	429.25
559.499	422.27
559.926	371.05
560.352	450.21
560.779	436.24
561.205	487.46
561.632	461.85
562.058	454.86
562.484	359.41
562.91	408.3
563.337	378.03
563.763	387.35
564.189	468.83
564.615	433.91
565.041	431.58
565.466	392
565.892	354.75
566.318	382.69
566.744	489.78
567.169	396.66
567.595	510.74
568.021	487.46
568.446	394.33
568.872	457.19
569.297	396.66
569.722	426.92
570.148	438.56
570.573	392
570.998	366.39
571.423	405.97
571.848	450.21
572.273	464.17
572.698	436.24
573.123	443.22
573.548	531.69
573.973	452.53
574.397	487.46
574.822	426.92
575.247	438.56
575.671	426.92
576.096	447.88
576.52	419.94
576.944	431.58
577.369	478.14
577.793	357.08
578.217	478.14
578.641	468.83
579.065	419.94
579.49	368.72
579.914	494.44
580.337	466.5
580.761	401.31
581.185	436.24
581.609	438.56
582.033	426.92
582.456	431.58
582.88	506.08
583.303	520.05
583.727	468.83
584.15	412.96
584.574	466.5
584.997	475.81
585.42	440.89
585.844	433.91
586.267	485.13
586.69	445.55
587.113	417.61
587.536	443.22
587.959	433.91
588.382	454.86
588.804	394.33
589.227	454.86
589.65	433.91
590.073	522.38
590.495	403.64
590.918	359.41
591.34	487.46
591.763	447.88
592.185	389.67
592.607	443.22
593.03	499.1
593.452	433.91
593.874	440.89
594.296	352.42
594.718	433.91
595.14	392
595.562	461.85
595.984	475.81
596.406	417.61
596.827	438.56
597.249	445.55
597.671	387.35
598.092	478.14
598.514	371.05
598.935	380.36
599.357	492.11
599.778	457.19
600.199	415.28
600.621	361.74
601.042	501.42
601.463	426.92
601.884	478.14
602.305	438.56
602.726	398.99
603.147	459.52
603.568	445.55
603.988	331.47
604.409	417.61
604.83	464.17
605.25	419.94
605.671	375.7
606.092	382.69
606.512	440.89
606.932	398.99
607.353	426.92
607.773	443.22
608.193	426.92
608.613	401.31
609.034	431.58
609.454	408.3
609.874	424.6
610.293	403.64
610.713	445.55
611.133	401.31
611.553	366.39
611.973	443.22
612.392	443.22
612.812	440.89
613.231	408.3
613.651	475.81
614.07	443.22
614.49	438.56
614.909	438.56
615.328	375.7
615.747	454.86
616.167	419.94
616.586	487.46
617.005	468.83
617.424	508.41
617.843	412.96
618.261	394.33
618.68	433.91
619.099	382.69
619.518	433.91
619.936	499.1
620.355	438.56
620.773	480.47
621.192	464.17
621.61	401.31
622.029	489.78
622.447	398.99
622.865	447.88
623.283	403.64
623.701	431.58
624.119	452.53
624.537	385.02
624.955	394.33
625.373	340.78
625.791	480.47
626.209	466.5
626.627	364.06
627.044	340.78
627.462	443.22
627.879	424.6
628.297	361.74
628.714	450.21
629.132	396.66
629.549	433.91
629.966	387.35
630.383	408.3
630.8	443.22
631.217	405.97
631.634	461.85
632.051	387.35
632.468	412.96
632.885	429.25
633.302	364.06
633.719	499.1
634.135	489.78
634.552	443.22
634.969	496.77
635.385	417.61
635.801	392
636.218	359.41
636.634	429.25
637.05	401.31
637.467	380.36
637.883	422.27
638.299	405.97
638.715	417.61
639.131	450.21
639.547	426.92
639.963	489.78
640.378	424.6
640.794	361.74
641.21	378.03
641.626	440.89
642.041	457.19
642.457	392
642.872	487.46
643.287	447.88
643.703	419.94
644.118	478.14
644.533	464.17
644.948	438.56
645.364	422.27
645.779	366.39
646.194	461.85
646.609	492.11
647.023	380.36
647.438	466.5
647.853	433.91
648.268	443.22
648.682	436.24
649.097	426.92
649.511	375.7
649.926	415.28
650.34	471.16
650.755	422.27
651.169	403.64
651.583	438.56
651.997	424.6
652.411	359.41
652.825	405.97
653.239	443.22
653.653	357.08
654.067	359.41
654.481	433.91
654.895	382.69
655.309	382.69
655.722	410.63
656.136	345.44
656.549	438.56
656.963	454.86
657.376	482.8
657.79	412.96
658.203	371.05
658.616	375.7
659.029	436.24
659.442	398.99
659.855	424.6
660.268	431.58
660.681	419.94
661.094	431.58
661.507	385.02
661.92	447.88
662.333	396.66
662.745	385.02
663.158	480.47
663.57	452.53
663.983	417.61
664.395	429.25
664.808	392
665.22	368.72
665.632	350.1
666.044	440.89
666.456	450.21
666.868	361.74
667.28	378.03
667.692	522.38
668.104	419.94
668.516	433.91
668.928	385.02
669.34	447.88
669.751	403.64
670.163	385.02
670.574	415.28
670.986	424.6
671.397	375.7
671.809	433.91
672.22	345.44
672.631	387.35
673.042	457.19
673.453	438.56
673.864	438.56
674.275	380.36
674.686	457.19
675.097	473.49
675.508	431.58
675.919	352.42
676.33	338.45
676.74	482.8
677.151	412.96
677.561	452.53
677.972	473.49
678.382	415.28
678.792	478.14
679.203	424.6
679.613	317.5
680.023	412.96
680.433	387.35
680.843	471.16
681.253	382.69
681.663	347.77
682.073	392
682.483	350.1
682.893	354.75
683.302	468.83
683.712	350.1
684.122	431.58
684.531	429.25
684.94	403.64
685.35	447.88
685.759	410.63
686.168	447.88
686.578	440.89
686.987	424.6
687.396	403.64
687.805	459.52
688.214	436.24
688.623	429.25
689.032	405.97
689.44	433.91
689.849	438.56
690.258	426.92
690.666	431.58
691.075	438.56
691.484	475.81
691.892	380.36
692.3	398.99
692.709	405.97
693.117	436.24
693.525	389.67
693.933	422.27
694.341	417.61
694.749	461.85
695.157	436.24
695.565	501.42
695.973	466.5
696.381	380.36
696.788	359.41
697.196	371.05
697.604	445.55
698.011	440.89
698.419	343.11
698.826	387.35
699.234	333.8
699.641	450.21
700.048	424.6
700.455	394.33
700.862	410.63
701.269	403.64
701.676	457.19
702.083	405.97
702.49	415.28
702.897	440.89
703.304	433.91
703.71	426.92
704.117	410.63
704.524	405.97
704.93	364.06
705.337	359.41
705.743	408.3
706.149	431.58
706.556	517.72
706.962	394.33
707.368	350.1
707.774	426.92
708.18	382.69
708.586	457.19
708.992	433.91
709.398	447.88
709.804	352.42
710.209	468.83
710.615	361.74
711.021	447.88
711.426	478.14
711.832	380.36
712.237	405.97
712.642	445.55
713.048	436.24
713.453	433.91
713.858	385.02
714.263	419.94
714.668	445.55
715.073	473.49
715.478	368.72
715.883	392
716.288	385.02
716.693	426.92
717.097	352.42
717.502	373.38
717.906	482.8
718.311	396.66
718.715	375.7
719.12	487.46
719.524	403.64
719.928	412.96
720.333	387.35
720.737	452.53
721.141	401.31
721.545	364.06
721.949	340.78
722.353	387.35
722.757	429.25
723.16	403.64
723.564	436.24
723.968	438.56
724.371	438.56
724.775	459.52
725.178	419.94
725.582	426.92
725.985	459.52
726.388	398.99
726.792	405.97
727.195	454.86
727.598	426.92
728.001	410.63
728.404	357.08
728.807	350.1
729.21	450.21
729.612	440.89
730.015	464.17
730.418	438.56
730.82	415.28
731.223	457.19
731.625	387.35
732.028	478.14
732.43	436.24
732.833	396.66
733.235	389.67
733.637	373.38
734.039	396.66
734.441	468.83
734.843	378.03
735.245	394.33
735.647	408.3
736.049	373.38
736.451	452.53
736.852	410.63
737.254	354.75
737.655	436.24
738.057	389.67
738.458	433.91
738.86	408.3
739.261	464.17
739.662	450.21
740.064	440.89
740.465	392
740.866	385.02
741.267	468.83
741.668	424.6
742.069	429.25
742.469	385.02
742.87	415.28
743.271	345.44
743.672	382.69
744.072	422.27
744.473	392
744.873	382.69
745.274	468.83
745.674	459.52
746.074	443.22
746.474	417.61
746.875	440.89
747.275	438.56
747.675	424.6
748.075	433.91
748.474	366.39
748.874	410.63
749.274	347.77
749.674	368.72
750.073	396.66
750.473	354.75
750.873	464.17
751.272	405.97
751.671	433.91
752.071	433.91
752.47	426.92
752.869	468.83
753.268	368.72
753.668	452.53
754.067	433.91
754.466	445.55
754.864	466.5
755.263	447.88
755.662	415.28
756.061	373.38
756.459	389.67
756.858	450.21
757.257	417.61
757.655	419.94
758.053	412.96
758.452	357.08
758.85	373.38
759.248	343.11
759.646	436.24
760.045	368.72
760.443	401.31
760.841	454.86
761.238	436.24
761.636	431.58
762.034	378.03
762.432	398.99
762.829	450.21
763.227	408.3
763.625	438.56
764.022	429.25
764.419	436.24
764.817	405.97
765.214	403.64
765.611	422.27
766.008	459.52
766.406	375.7
766.803	433.91
767.199	438.56
767.596	322.16
767.993	392
768.39	382.69
768.787	382.69
769.183	375.7
769.58	415.28
769.977	436.24
770.373	389.67
770.769	426.92
771.166	433.91
771.562	480.47
771.958	436.24
772.354	403.64
772.75	417.61
773.146	396.66
773.542	364.06
773.938	398.99
774.334	373.38
774.73	440.89
775.126	368.72
775.521	422.27
775.917	436.24
776.312	431.58
776.708	457.19
777.103	359.41
777.499	419.94
777.894	445.55
778.289	410.63
778.684	375.7
779.079	401.31
779.474	352.42
779.869	398.99
780.264	473.49
780.659	489.78
781.054	450.21
781.448	426.92
781.843	473.49
782.238	371.05
782.632	405.97
783.027	485.13
783.421	445.55
783.815	398.99
784.21	352.42
784.604	401.31
784.998	385.02
785.392	408.3
785.786	454.86
786.18	417.61
786.574	431.58
786.968	457.19
787.361	454.86
787.755	422.27
788.149	394.33
788.542	373.38
788.936	468.83
789.329	380.36
789.722	429.25
790.116	461.85
790.509	436.24
790.902	364.06
791.295	389.67
791.688	394.33
792.081	387.35
792.474	436.24
792.867	403.64
793.26	422.27
793.653	410.63
794.045	359.41
794.438	450.21
794.83	373.38
795.223	401.31
795.615	357.08
796.008	461.85
796.4	387.35
796.792	417.61
797.184	431.58
797.576	517.72
797.968	475.81
798.36	359.41
798.752	403.64
799.144	387.35
799.536	415.28
799.928	445.55
800.319	401.31
800.711	382.69
801.102	405.97
801.494	433.91
801.885	403.64
802.276	412.96
802.668	403.64
803.059	368.72
803.45	368.72
803.841	466.5
804.232	452.53
804.623	419.94
805.014	419.94
805.405	485.13
805.795	496.77
806.186	452.53
806.577	431.58
806.967	412.96
807.358	394.33
807.748	457.19
808.139	424.6
808.529	447.88
808.919	345.44
809.309	429.25
809.699	380.36
810.089	392
810.479	389.67
810.869	403.64
811.259	366.39
811.649	357.08
812.039	468.83
812.428	454.86
812.818	331.47
813.207	494.44
813.597	480.47
813.986	419.94
814.376	426.92
814.765	438.56
815.154	389.67
815.543	359.41
815.932	412.96
816.321	473.49
816.71	440.89
817.099	417.61
817.488	480.47
817.877	410.63
818.265	412.96
818.654	378.03
819.043	394.33
819.431	373.38
819.819	389.67
820.208	410.63
820.596	480.47
820.984	401.31
821.372	403.64
821.761	408.3
822.149	398.99
822.537	382.69
822.924	394.33
823.312	401.31
823.7	385.02
824.088	464.17
824.475	380.36
824.863	433.91
825.251	431.58
825.638	438.56
826.025	371.05
826.413	398.99
826.8	392
827.187	405.97
827.574	408.3
827.961	426.92
828.348	389.67
828.735	389.67
829.122	457.19
829.509	394.33
829.896	361.74
830.282	408.3
830.669	412.96
831.055	436.24
831.442	401.31
831.828	422.27
832.215	380.36
832.601	373.38
832.987	431.58
833.373	394.33
833.759	419.94
834.145	422.27
834.531	426.92
834.917	392
835.303	461.85
835.689	417.61
836.074	433.91
836.46	440.89
836.846	436.24
837.231	368.72
837.617	412.96
838.002	373.38
838.387	415.28
838.772	431.58
839.158	405.97
839.543	396.66
839.928	394.33
840.313	424.6
840.698	499.1
841.082	424.6
841.467	480.47
841.852	410.63
842.237	424.6
842.621	396.66
843.006	438.56
843.39	387.35
843.774	375.7
844.159	378.03
844.543	373.38
844.927	403.64
845.311	359.41
845.695	415.28
846.079	433.91
846.463	459.52
846.847	433.91
847.231	378.03
847.615	401.31
847.998	415.28
848.382	424.6
848.765	424.6
849.149	378.03
849.532	357.08
849.916	396.66
850.299	438.56
850.682	433.91
851.065	443.22
851.448	387.35
851.831	387.35
852.214	431.58
852.597	410.63
852.98	447.88
853.363	331.47
853.745	415.28
854.128	410.63
854.51	385.02
854.893	412.96
855.275	350.1
855.658	415.28
856.04	398.99
856.422	368.72
856.804	340.78
857.186	494.44
857.568	415.28
857.95	412.96
858.332	396.66
858.714	410.63
859.096	394.33
859.477	405.97
859.859	401.31
860.24	396.66
860.622	412.96
861.003	410.63
861.385	429.25
861.766	459.52
862.147	401.31
862.528	443.22
862.909	515.39
863.29	478.14
863.671	457.19
864.052	403.64
864.433	429.25
864.814	415.28
865.194	433.91
865.575	431.58
865.955	443.22
866.336	375.7
866.716	419.94
867.097	345.44
867.477	378.03
867.857	359.41
868.237	331.47
868.617	375.7
868.997	440.89
869.377	350.1
869.757	429.25
870.137	415.28
870.517	396.66
870.896	447.88
871.276	405.97
871.655	361.74
872.035	392
872.414	396.66
872.794	426.92
873.173	419.94
873.552	431.58
873.931	371.05
874.31	405.97
874.689	385.02
875.068	389.67
875.447	438.56
875.826	422.27
876.205	447.88
876.583	392
876.962	357.08
877.341	347.77
877.719	471.16
878.097	426.92
878.476	385.02
878.854	480.47
879.232	461.85
879.61	443.22
879.988	445.55
880.366	424.6
880.744	387.35
881.122	340.78
881.5	415.28
881.878	394.33
882.255	331.47
882.633	419.94
883.011	424.6
883.388	405.97
883.765	457.19
884.143	452.53
884.52	347.77
884.897	424.6
885.274	415.28
885.651	324.49
886.028	345.44
886.405	382.69
886.782	387.35
887.159	378.03
887.536	389.67
887.912	357.08
888.289	398.99
888.665	350.1
889.042	331.47
889.418	352.42
889.794	480.47
890.171	422.27
890.547	396.66
890.923	419.94
891.299	394.33
891.675	368.72
892.051	405.97
892.427	424.6
892.803	403.64
893.178	419.94
893.554	471.16
893.929	410.63
894.305	345.44
894.68	364.06
895.056	389.67
895.431	392
895.806	347.77
896.181	366.39
896.557	371.05
896.932	398.99
897.307	403.64
897.681	405.97
898.056	433.91
898.431	422.27
898.806	417.61
899.18	466.5
899.555	396.66
899.929	433.91
900.304	410.63
900.678	459.52
901.052	375.7
901.427	410.63
901.801	359.41
902.175	343.11
902.549	340.78
902.923	373.38
903.297	301.2
903.67	387.35
904.044	417.61
904.418	410.63
904.791	403.64
905.165	419.94
905.538	405.97
905.912	371.05
906.285	389.67
906.658	443.22
907.032	398.99
907.405	447.88
907.778	506.08
908.151	352.42
908.524	499.1
908.896	431.58
909.269	412.96
909.642	489.78
910.015	431.58
910.387	429.25
910.76	364.06
911.132	392
911.504	475.81
911.877	452.53
912.249	394.33
912.621	426.92
912.993	357.08
913.365	412.96
913.737	392
914.109	457.19
914.481	412.96
914.853	405.97
915.224	424.6
915.596	422.27
915.968	385.02
916.339	415.28
916.71	373.38
917.082	415.28
917.453	429.25
917.824	415.28
918.195	424.6
918.566	389.67
918.937	410.63
919.308	482.8
919.679	424.6
920.05	410.63
920.421	361.74
920.791	385.02
921.162	403.64
921.532	396.66
921.903	403.64
922.273	380.36
922.644	452.53
923.014	410.63
923.384	373.38
923.754	480.47
924.124	357.08
924.494	405.97
924.864	408.3
925.234	385.02
925.604	457.19
925.973	457.19
926.343	378.03
926.712	394.33
927.082	392
927.451	445.55
927.821	464.17
928.19	452.53
928.559	396.66
928.928	394.33
929.297	426.92
929.666	417.61
930.035	433.91
930.404	429.25
930.773	443.22
931.142	426.92
931.51	385.02
931.879	452.53
932.247	361.74
932.616	457.19
932.984	426.92
933.353	461.85
933.721	429.25
934.089	375.7
934.457	450.21
934.825	417.61
935.193	368.72
935.561	454.86
935.929	503.75
936.296	457.19
936.664	445.55
937.032	401.31
937.399	343.11
937.767	380.36
938.134	459.52
938.501	431.58
938.869	408.3
939.236	361.74
939.603	398.99
939.97	415.28
940.337	331.47
940.704	389.67
941.071	436.24
941.438	380.36
941.804	424.6
942.171	382.69
942.538	450.21
942.904	403.64
943.27	431.58
943.637	410.63
944.003	394.33
944.369	410.63
944.735	378.03
945.102	443.22
945.468	422.27
945.833	378.03
946.199	426.92
946.565	392
946.931	387.35
947.296	457.19
947.662	438.56
948.028	398.99
948.393	445.55
948.758	433.91
949.124	473.49
949.489	333.8
949.854	389.67
950.219	375.7
950.584	429.25
950.949	412.96
951.314	371.05
951.679	371.05
952.044	405.97
952.408	398.99
952.773	429.25
953.137	412.96
953.502	398.99
953.866	331.47
954.231	380.36
954.595	417.61
954.959	415.28
955.323	440.89
955.687	424.6
956.051	510.74
956.415	403.64
956.779	438.56
957.143	452.53
957.506	368.72
957.87	426.92
958.234	364.06
958.597	412.96
958.961	410.63
959.324	345.44
959.687	319.83
960.05	431.58
960.413	443.22
960.776	357.08
961.139	357.08
961.502	359.41
961.865	485.13
962.228	392
962.591	461.85
962.953	452.53
963.316	447.88
963.678	464.17
964.041	380.36
964.403	443.22
964.765	382.69
965.128	454.86
965.49	422.27
965.852	524.71
966.214	354.75
966.576	412.96
966.938	450.21
967.299	387.35
967.661	387.35
968.023	454.86
968.384	336.13
968.746	415.28
969.107	396.66
969.469	471.16
969.83	464.17
970.191	371.05
970.552	387.35
970.913	410.63
971.274	378.03
971.635	436.24
971.996	445.55
972.357	364.06
972.718	422.27
973.078	368.72
973.439	366.39
973.8	454.86
974.16	422.27
974.52	322.16
974.881	415.28
975.241	419.94
975.601	394.33
975.961	401.31
976.321	457.19
976.681	331.47
977.041	482.8
977.401	373.38
977.76	445.55
978.12	501.42
978.48	452.53
978.839	440.89
979.199	389.67
979.558	380.36
979.917	347.77
980.277	457.19
980.636	410.63
980.995	454.86
981.354	454.86
981.713	392
982.072	403.64
982.43	468.83
982.789	417.61
983.148	445.55
983.506	422.27
983.865	475.81
984.223	433.91
984.582	357.08
984.94	431.58
985.298	396.66
985.656	371.05
986.015	405.97
986.373	447.88
986.731	447.88
987.088	443.22
987.446	426.92
987.804	415.28
988.162	338.45
988.519	440.89
988.877	392
989.234	431.58
989.591	452.53
989.949	475.81
990.306	373.38
990.663	459.52
991.02	336.13
991.377	415.28
991.734	403.64
992.091	389.67
992.448	424.6
992.805	398.99
993.161	331.47
993.518	354.75
993.874	450.21
994.231	354.75
994.587	422.27
994.943	359.41
995.3	422.27
995.656	438.56
996.012	422.27
996.368	466.5
996.724	485.13
997.08	396.66
997.435	385.02
997.791	359.41
998.147	398.99
998.502	440.89
998.858	368.72
999.213	401.31
999.569	340.78
999.924	385.02
1000.279	387.35
1000.634	392
1000.989	398.99
1001.344	401.31
1001.699	392
1002.054	382.69
1002.409	436.24
1002.764	329.14
1003.118	361.74
1003.473	380.36
1003.827	394.33
1004.182	371.05
1004.536	405.97
1004.89	412.96
1005.245	408.3
1005.599	429.25
1005.953	454.86
1006.307	378.03
1006.661	424.6
1007.015	440.89
1007.368	385.02
1007.722	412.96
1008.076	419.94
1008.429	354.75
1008.783	345.44
1009.136	392
1009.489	461.85
1009.843	375.7
1010.196	422.27
1010.549	426.92
1010.902	403.64
1011.255	340.78
1011.608	452.53
1011.961	443.22
1012.313	371.05
1012.666	387.35
1013.019	396.66
1013.371	373.38
1013.724	429.25
1014.076	426.92
1014.428	364.06
1014.781	410.63
1015.133	375.7
1015.485	403.64
1015.837	389.67
1016.189	417.61
1016.541	408.3
1016.893	405.97
1017.244	392
1017.596	426.92
1017.947	371.05
1018.299	361.74
1018.65	443.22
1019.002	422.27
1019.353	426.92
1019.704	431.58
1020.055	398.99
1020.407	378.03
1020.758	424.6
1021.108	450.21
1021.459	382.69
1021.81	445.55
1022.161	405.97
1022.511	378.03
1022.862	373.38
1023.213	389.67
1023.563	394.33
1023.913	457.19
1024.264	438.56
1024.614	389.67
1024.964	394.33
1025.314	471.16
1025.664	389.67
1026.014	403.64
1026.364	389.67
1026.713	364.06
1027.063	452.53
1027.413	412.96
1027.762	326.81
1028.112	417.61
1028.461	394.33
1028.81	419.94
1029.16	401.31
1029.509	408.3
1029.858	403.64
1030.207	354.75
1030.556	301.2
1030.905	398.99
1031.254	394.33
1031.602	405.97
1031.951	394.33
1032.3	364.06
1032.648	408.3
1032.996	408.3
1033.345	408.3
