187.879	19.5
188.346	19.5
188.813	19.5
189.28	-99.24
189.747	-108.55
190.214	-68.97
190.681	-55
191.148	-148.13
191.614	-66.64
192.081	-29.39
192.548	-99.24
193.014	-41.03
193.481	-31.72
193.948	5.53
194.414	14.84
194.881	35.8
195.347	63.73
195.813	49.76
196.28	105.64
196.746	175.48
197.212	89.34
197.678	70.72
198.145	194.11
198.611	198.77
199.077	210.41
199.543	180.14
200.009	310.52
200.475	256.97
200.941	329.14
201.407	245.33
201.873	301.2
202.338	352.42
202.804	357.08
203.27	301.2
203.735	310.52
204.201	324.49
204.667	364.06
205.132	338.45
205.598	478.14
206.063	371.05
206.529	415.28
206.994	410.63
207.459	371.05
207.925	371.05
208.39	401.31
208.855	417.61
209.32	419.94
209.785	424.6
210.25	401.31
210.715	429.25
211.18	373.38
211.645	429.25
212.11	464.17
212.575	378.03
213.04	429.25
213.504	364.06
213.969	359.41
214.434	405.97
214.899	394.33
215.363	289.56
215.828	396.66
216.292	352.42
216.757	380.36
217.221	338.45
217.685	485.13
218.15	366.39
218.614	364.06
219.078	401.31
219.542	398.99
220.007	405.97
220.471	398.99
220.935	354.75
221.399	359.41
221.863	364.06
222.327	389.67
222.791	312.84
223.254	364.06
223.718	371.05
224.182	261.63
224.646	415.28
225.109	385.02
225.573	303.53
226.037	298.88
226.5	340.78
226.964	389.67
227.427	408.3
227.89	333.8
228.354	331.47
228.817	319.83
229.28	447.88
229.744	340.78
230.207	359.41
230.67	352.42
231.133	408.3
231.596	364.06
232.059	305.86
232.522	408.3
232.985	345.44
233.448	401.31
233.911	392
234.374	359.41
234.836	266.28
235.299	452.53
235.762	322.16
236.224	359.41
236.687	389.67
237.149	403.64
237.612	324.49
238.074	329.14
238.537	422.27
238.999	387.35
239.461	417.61
239.924	447.88
240.386	371.05
240.848	380.36
241.31	422.27
241.772	396.66
242.234	447.88
242.696	364.06
243.158	392
243.62	324.49
244.082	361.74
244.544	368.72
245.006	350.1
245.468	359.41
245.929	410.63
246.391	401.31
246.852	450.21
247.314	361.74
247.776	385.02
248.237	340.78
248.698	317.5
249.16	329.14
249.621	359.41
250.082	385.02
250.544	263.95
251.005	354.75
251.466	422.27
251.927	385.02
252.388	371.05
252.849	431.58
253.31	415.28
253.771	417.61
254.232	371.05
254.693	387.35
255.154	385.02
255.615	431.58
256.075	368.72
256.536	424.6
256.997	371.05
257.457	426.92
257.918	422.27
258.378	408.3
258.839	380.36
259.299	401.31
259.759	429.25
260.22	450.21
260.68	354.75
261.14	405.97
261.6	392
262.06	429.25
262.521	417.61
262.981	457.19
263.441	398.99
263.901	392
264.36	405.97
264.82	364.06
265.28	396.66
265.74	387.35
266.2	401.31
266.659	380.36
267.119	396.66
267.579	431.58
268.038	436.24
268.498	382.69
268.957	364.06
269.416	375.7
269.876	371.05
270.335	368.72
270.794	326.81
271.254	387.35
271.713	357.08
272.172	429.25
272.631	403.64
273.09	392
273.549	445.55
274.008	454.86
274.467	405.97
274.926	380.36
275.385	452.53
275.843	382.69
276.302	419.94
276.761	375.7
277.22	401.31
277.678	440.89
278.137	373.38
278.595	350.1
279.054	385.02
279.512	396.66
279.97	426.92
280.429	452.53
280.887	478.14
281.345	431.58
281.803	371.05
282.262	429.25
282.72	426.92
283.178	319.83
283.636	371.05
284.094	452.53
284.552	350.1
285.01	419.94
285.467	450.21
285.925	405.97
286.383	436.24
286.841	371.05
287.298	457.19
287.756	366.39
288.213	440.89
288.671	387.35
289.128	429.25
289.586	378.03
290.043	347.77
290.5	380.36
290.958	426.92
291.415	378.03
291.872	450.21
292.329	310.52
292.786	405.97
293.243	424.6
293.7	408.3
294.157	357.08
294.614	417.61
295.071	398.99
295.528	426.92
295.985	438.56
296.441	445.55
296.898	415.28
297.355	387.35
297.811	396.66
298.268	368.72
298.724	396.66
299.181	394.33
299.637	389.67
300.094	361.74
300.55	408.3
301.006	468.83
301.462	305.86
301.919	415.28
302.375	378.03
302.831	475.81
303.287	389.67
303.743	378.03
304.199	426.92
304.655	403.64
305.11	401.31
305.566	480.47
306.022	454.86
306.478	438.56
306.933	487.46
307.389	461.85
307.845	329.14
308.3	410.63
308.756	364.06
309.211	417.61
309.666	412.96
310.122	366.39
310.577	405.97
311.032	433.91
311.487	438.56
311.943	431.58
312.398	426.92
312.853	380.36
313.308	422.27
313.763	354.75
314.218	389.67
314.672	378.03
315.127	452.53
315.582	347.77
316.037	378.03
316.492	457.19
316.946	408.3
317.401	403.64
317.855	366.39
318.31	385.02
318.764	461.85
319.219	387.35
319.673	385.02
320.127	310.52
320.582	394.33
321.036	445.55
321.49	412.96
321.944	426.92
322.398	394.33
322.852	398.99
323.306	429.25
323.76	380.36
324.214	503.75
324.668	445.55
325.122	443.22
325.575	489.78
326.029	447.88
326.483	405.97
326.936	452.53
327.39	417.61
327.843	366.39
328.297	396.66
328.75	445.55
329.204	315.17
329.657	447.88
330.11	454.86
330.564	324.49
331.017	471.16
331.47	466.5
331.923	415.28
332.376	433.91
332.829	452.53
333.282	380.36
333.735	405.97
334.188	445.55
334.641	398.99
335.093	450.21
335.546	378.03
335.999	408.3
336.451	466.5
336.904	438.56
337.356	501.42
337.809	445.55
338.261	419.94
338.714	457.19
339.166	350.1
339.618	452.53
340.07	503.75
340.523	447.88
340.975	387.35
341.427	371.05
341.879	450.21
342.331	392
342.783	452.53
343.235	422.27
343.687	410.63
344.138	394.33
344.59	475.81
345.042	408.3
345.494	412.96
345.945	438.56
346.397	422.27
346.848	433.91
347.3	485.13
347.751	436.24
348.203	373.38
348.654	426.92
349.105	468.83
349.556	433.91
350.008	466.5
350.459	405.97
350.91	438.56
351.361	445.55
351.812	431.58
352.263	424.6
352.714	412.96
353.165	429.25
353.615	513.07
354.066	464.17
354.517	468.83
354.968	473.49
355.418	457.19
355.869	392
356.319	461.85
356.77	445.55
357.22	447.88
357.671	368.72
358.121	461.85
358.571	454.86
359.021	452.53
359.472	415.28
359.922	417.61
360.372	473.49
360.822	461.85
361.272	408.3
361.722	426.92
362.172	452.53
362.622	471.16
363.071	375.7
363.521	461.85
363.971	405.97
364.42	478.14
364.87	389.67
365.32	389.67
365.769	450.21
366.219	478.14
366.668	464.17
367.117	419.94
367.567	438.56
368.016	431.58
368.465	436.24
368.914	485.13
369.363	429.25
369.812	513.07
370.261	468.83
370.71	485.13
371.159	485.13
371.608	559.63
372.057	522.38
372.506	534.02
372.955	517.72
373.403	568.94
373.852	606.19
374.301	606.19
374.749	664.39
375.198	683.02
375.646	727.25
376.094	759.85
376.543	773.82
376.991	850.65
377.439	850.65
377.887	983.35
378.336	1041.55
378.784	1053.2
379.232	1297.65
379.68	1386.12
380.128	1474.59
380.576	1686.45
381.023	1844.77
381.471	2089.22
381.919	2124.14
382.367	2443.1
382.814	2631.68
383.262	2980.9
383.71	3355.73
384.157	3469.81
384.605	4119.36
385.052	4510.49
385.499	4945.86
385.947	5651.28
386.394	6196.07
386.841	6978.33
387.288	7755.93
387.735	8722.11
388.182	9560.24
388.63	10684.74
389.076	11685.84
389.523	13029.18
389.97	14270.08
390.417	15806.66
390.864	17748.33
391.311	19557.3
391.757	21112.51
392.204	23601.3
392.651	25794.41
393.097	28078.32
393.544	30387.84
393.99	32669.43
394.436	34618.09
394.883	36599.34
395.329	38783.14
395.775	40189.34
396.221	41237.01
396.668	41993.65
397.114	41711.95
397.56	41802.75
398.006	40610.74
398.452	39295.33
398.897	37775.05
399.343	35570.3
399.789	32762.55
400.235	31007.13
400.681	28234.31
401.126	25817.69
401.572	23806.17
402.017	22132.24
402.463	20383.8
402.908	18933.36
403.354	17846.12
403.799	16602.89
404.244	15508.66
404.689	14807.89
405.135	14207.22
405.58	13343.48
406.025	13019.87
406.47	12672.98
406.915	12214.33
407.36	11797.59
407.805	11143.38
408.25	10975.76
408.694	10454.25
409.139	9604.48
409.584	9392.62
410.029	8817.56
410.473	8235.53
410.918	7714.02
411.362	7290.3
411.807	6801.39
412.251	6207.71
412.695	5795.63
413.14	5278.78
413.584	4983.11
414.028	4454.62
414.472	4193.87
414.916	3877.24
415.36	3507.06
415.804	3493.09
416.248	3346.42
416.692	3085.67
417.136	3006.51
417.58	2983.23
418.024	2692.21
418.467	2647.98
418.911	2391.88
419.355	2450.08
419.798	2359.29
420.242	2189.33
420.685	2131.13
421.128	2152.08
421.572	1891.33
422.015	1889
422.458	1728.36
422.902	1737.67
423.345	1607.29
423.788	1695.76
424.231	1439.67
424.674	1465.28
425.117	1302.31
425.56	1288.34
426.003	1202.2
426.445	1153.31
426.888	1060.18
427.331	997.32
427.773	999.65
428.216	946.1
428.659	992.66
429.101	848.32
429.543	894.88
429.986	790.11
430.428	818.05
430.87	841.33
431.313	857.63
431.755	736.57
432.197	731.91
432.639	741.22
433.081	794.77
433.523	648.1
433.965	690
434.407	706.3
434.849	650.43
435.291	613.18
435.732	543.33
436.174	652.75
436.616	545.66
437.057	624.82
437.499	489.78
437.94	580.58
438.382	554.97
438.823	561.96
439.264	545.66
439.706	534.02
440.147	585.24
440.588	506.08
441.029	547.99
441.47	482.8
441.911	510.74
442.352	471.16
442.793	450.21
443.234	531.69
443.675	452.53
444.116	471.16
444.556	534.02
444.997	426.92
445.438	452.53
445.878	464.17
446.319	431.58
446.759	589.89
447.199	405.97
447.64	389.67
448.08	471.16
448.52	454.86
448.961	352.42
449.401	426.92
449.841	405.97
450.281	473.49
450.721	415.28
451.161	410.63
451.601	461.85
452.041	431.58
452.48	499.1
452.92	482.8
453.36	457.19
453.799	473.49
454.239	506.08
454.679	487.46
455.118	485.13
455.557	424.6
455.997	424.6
456.436	389.67
456.875	468.83
457.315	405.97
457.754	417.61
458.193	478.14
458.632	419.94
459.071	496.77
459.51	468.83
459.949	392
460.388	412.96
460.827	545.66
461.265	394.33
461.704	436.24
462.143	368.72
462.581	394.33
463.02	431.58
463.458	412.96
463.897	424.6
464.335	422.27
464.774	408.3
465.212	389.67
465.65	436.24
466.088	380.36
466.527	417.61
466.965	392
467.403	438.56
467.841	466.5
468.279	387.35
468.716	517.72
469.154	317.5
469.592	485.13
470.03	485.13
470.467	426.92
470.905	422.27
471.343	443.22
471.78	475.81
472.218	457.19
472.655	378.03
473.092	389.67
473.53	398.99
473.967	466.5
474.404	368.72
474.841	450.21
475.278	396.66
475.716	447.88
476.153	392
476.589	380.36
477.026	445.55
477.463	473.49
477.9	405.97
478.337	443.22
478.773	429.25
479.21	433.91
479.647	499.1
480.083	445.55
480.52	394.33
480.956	433.91
481.392	454.86
481.829	468.83
482.265	429.25
482.701	436.24
483.137	464.17
483.574	452.53
484.01	375.7
484.446	396.66
484.882	405.97
485.317	415.28
485.753	412.96
486.189	496.77
486.625	436.24
487.061	436.24
487.496	468.83
487.932	422.27
488.367	408.3
488.803	429.25
489.238	457.19
489.674	408.3
490.109	417.61
490.544	410.63
490.979	457.19
491.415	457.19
491.85	396.66
492.285	475.81
492.72	396.66
493.155	415.28
493.59	461.85
494.024	478.14
494.459	429.25
494.894	380.36
495.329	436.24
495.763	417.61
496.198	385.02
496.632	387.35
497.067	401.31
497.501	415.28
497.936	457.19
498.37	450.21
498.804	496.77
499.238	447.88
499.673	510.74
500.107	345.44
500.541	473.49
500.975	473.49
501.409	452.53
501.843	419.94
502.277	405.97
502.71	419.94
503.144	489.78
503.578	482.8
504.011	433.91
504.445	412.96
504.878	433.91
505.312	445.55
505.745	415.28
506.179	403.64
506.612	380.36
507.045	398.99
507.479	471.16
507.912	496.77
508.345	436.24
508.778	382.69
509.211	424.6
509.644	375.7
510.077	426.92
510.509	466.5
510.942	508.41
511.375	398.99
511.808	394.33
512.24	415.28
512.673	415.28
513.105	366.39
513.538	378.03
513.97	445.55
514.403	487.46
514.835	459.52
515.267	408.3
515.699	398.99
516.131	392
516.564	422.27
516.996	408.3
517.428	471.16
517.859	354.75
518.291	433.91
518.723	408.3
519.155	433.91
519.587	482.8
520.018	471.16
520.45	380.36
520.881	410.63
521.313	357.08
521.744	447.88
522.176	459.52
522.607	466.5
523.038	475.81
523.47	412.96
523.901	382.69
524.332	408.3
524.763	475.81
525.194	499.1
525.625	412.96
526.056	396.66
526.487	410.63
526.917	396.66
527.348	412.96
527.779	459.52
528.21	385.02
528.64	424.6
529.071	450.21
529.501	431.58
529.932	440.89
530.362	436.24
530.792	426.92
531.222	408.3
531.653	394.33
532.083	403.64
532.513	410.63
532.943	503.75
533.373	419.94
533.803	473.49
534.233	403.64
534.663	461.85
535.092	405.97
535.522	433.91
535.952	424.6
536.381	352.42
536.811	464.17
537.24	487.46
537.67	426.92
538.099	417.61
538.529	410.63
538.958	382.69
539.387	454.86
539.816	405.97
540.245	405.97
540.674	424.6
541.103	387.35
541.532	368.72
541.961	408.3
542.39	412.96
542.819	403.64
543.248	464.17
543.676	338.45
544.105	499.1
544.534	412.96
544.962	398.99
545.391	429.25
545.819	385.02
546.247	440.89
546.676	361.74
547.104	429.25
547.532	392
547.96	440.89
548.388	510.74
548.816	429.25
549.244	461.85
549.672	415.28
550.1	403.64
550.528	438.56
550.956	419.94
551.383	412.96
551.811	408.3
552.238	473.49
552.666	419.94
553.094	429.25
553.521	426.92
553.948	433.91
554.376	489.78
554.803	433.91
555.23	419.94
555.657	452.53
556.084	473.49
556.511	422.27
556.938	431.58
557.365	396.66
557.792	445.55
558.219	438.56
558.646	408.3
559.072	394.33
559.499	385.02
559.926	433.91
560.352	433.91
560.779	457.19
561.205	454.86
561.632	426.92
562.058	422.27
562.484	398.99
562.91	382.69
563.337	433.91
563.763	424.6
564.189	440.89
564.615	378.03
565.041	410.63
565.466	422.27
565.892	394.33
566.318	482.8
566.744	478.14
567.169	368.72
567.595	431.58
568.021	422.27
568.446	443.22
568.872	385.02
569.297	431.58
569.722	371.05
570.148	450.21
570.573	357.08
570.998	496.77
571.423	394.33
571.848	457.19
572.273	371.05
572.698	417.61
573.123	357.08
573.548	440.89
573.973	429.25
574.397	359.41
574.822	429.25
575.247	482.8
575.671	389.67
576.096	475.81
576.52	482.8
576.944	378.03
577.369	354.75
577.793	429.25
578.217	429.25
578.641	326.81
579.065	394.33
579.49	392
579.914	438.56
580.337	405.97
580.761	494.44
581.185	385.02
581.609	433.91
582.033	396.66
582.456	422.27
582.88	424.6
583.303	436.24
583.727	398.99
584.15	459.52
584.574	389.67
584.997	385.02
585.42	429.25
585.844	401.31
586.267	385.02
586.69	438.56
587.113	408.3
587.536	433.91
587.959	419.94
588.382	412.96
588.804	429.25
589.227	401.31
589.65	482.8
590.073	392
590.495	431.58
590.918	438.56
591.34	387.35
591.763	447.88
592.185	410.63
592.607	403.64
593.03	368.72
593.452	408.3
593.874	419.94
594.296	396.66
594.718	403.64
595.14	454.86
595.562	410.63
595.984	429.25
596.406	445.55
596.827	426.92
597.249	438.56
597.671	461.85
598.092	452.53
598.514	475.81
598.935	443.22
599.357	410.63
599.778	468.83
600.199	371.05
600.621	359.41
601.042	403.64
601.463	438.56
601.884	445.55
602.305	480.47
602.726	473.49
603.147	450.21
603.568	522.38
603.988	461.85
604.409	371.05
604.83	452.53
605.25	394.33
605.671	419.94
606.092	436.24
606.512	457.19
606.932	412.96
607.353	515.39
607.773	429.25
608.193	382.69
608.613	452.53
609.034	431.58
609.454	422.27
609.874	433.91
610.293	410.63
610.713	482.8
611.133	394.33
611.553	417.61
611.973	408.3
612.392	433.91
612.812	387.35
613.231	366.39
613.651	415.28
614.07	452.53
614.49	398.99
614.909	380.36
615.328	385.02
615.747	394.33
616.167	403.64
616.586	424.6
617.005	392
617.424	422.27
617.843	426.92
618.261	338.45
618.68	478.14
619.099	419.94
619.518	412.96
619.936	331.47
620.355	426.92
620.773	371.05
621.192	429.25
621.61	408.3
622.029	412.96
622.447	368.72
622.865	466.5
623.283	410.63
623.701	405.97
624.119	468.83
624.537	445.55
624.955	433.91
625.373	405.97
625.791	436.24
626.209	357.08
626.627	438.56
627.044	394.33
627.462	394.33
627.879	392
628.297	473.49
628.714	392
629.132	398.99
629.549	380.36
629.966	424.6
630.383	443.22
630.8	364.06
631.217	396.66
631.634	415.28
632.051	389.67
632.468	450.21
632.885	373.38
633.302	422.27
633.719	426.92
634.135	531.69
634.552	380.36
634.969	401.31
635.385	408.3
635.801	433.91
636.218	378.03
636.634	429.25
637.05	429.25
637.467	443.22
637.883	459.52
638.299	371.05
638.715	326.81
639.131	322.16
639.547	422.27
639.963	436.24
640.378	364.06
640.794	326.81
641.21	408.3
641.626	426.92
642.041	433.91
642.457	396.66
642.872	452.53
643.287	475.81
643.703	424.6
644.118	501.42
644.533	454.86
644.948	431.58
645.364	452.53
645.779	408.3
646.194	415.28
646.609	354.75
647.023	468.83
647.438	408.3
647.853	415.28
648.268	389.67
648.682	424.6
649.097	473.49
649.511	471.16
649.926	450.21
650.34	466.5
650.755	352.42
651.169	340.78
651.583	385.02
651.997	422.27
652.411	433.91
652.825	438.56
653.239	422.27
653.653	464.17
654.067	417.61
654.481	431.58
654.895	336.13
655.309	408.3
655.722	387.35
656.136	368.72
656.549	375.7
656.963	340.78
657.376	433.91
657.79	422.27
658.203	385.02
658.616	422.27
659.029	371.05
659.442	343.11
659.855	329.14
660.268	408.3
660.681	375.7
661.094	443.22
661.507	392
661.92	422.27
662.333	373.38
662.745	450.21
663.158	380.36
663.57	429.25
663.983	417.61
664.395	401.31
664.808	398.99
665.22	433.91
665.632	499.1
666.044	354.75
666.456	457.19
666.868	401.31
667.28	417.61
667.692	417.61
668.104	424.6
668.516	433.91
668.928	429.25
669.34	419.94
669.751	396.66
670.163	398.99
670.574	454.86
670.986	438.56
671.397	433.91
671.809	394.33
672.22	359.41
672.631	447.88
673.042	461.85
673.453	380.36
673.864	408.3
674.275	440.89
674.686	461.85
675.097	445.55
675.508	415.28
675.919	424.6
676.33	380.36
676.74	352.42
677.151	387.35
677.561	515.39
677.972	371.05
678.382	405.97
678.792	392
679.203	436.24
679.613	398.99
680.023	443.22
680.433	357.08
680.843	396.66
681.253	378.03
681.663	396.66
682.073	371.05
682.483	468.83
682.893	417.61
683.302	389.67
683.712	440.89
684.122	354.75
684.531	426.92
684.94	382.69
685.35	419.94
685.759	403.64
686.168	438.56
686.578	415.28
686.987	429.25
687.396	419.94
687.805	422.27
688.214	336.13
688.623	394.33
689.032	396.66
689.44	415.28
689.849	440.89
690.258	457.19
690.666	417.61
691.075	440.89
691.484	417.61
691.892	385.02
692.3	364.06
692.709	345.44
693.117	436.24
693.525	392
693.933	394.33
694.341	401.31
694.749	359.41
695.157	382.69
695.565	433.91
695.973	394.33
696.381	392
696.788	380.36
697.196	429.25
697.604	450.21
698.011	426.92
698.419	359.41
698.826	354.75
699.234	378.03
699.641	375.7
700.048	382.69
700.455	436.24
700.862	424.6
701.269	412.96
701.676	371.05
702.083	424.6
702.49	382.69
702.897	357.08
703.304	361.74
703.71	378.03
704.117	412.96
704.524	378.03
704.93	398.99
705.337	373.38
705.743	403.64
706.149	422.27
706.556	375.7
706.962	382.69
707.368	350.1
707.774	487.46
708.18	338.45
708.586	333.8
708.992	401.31
709.398	375.7
709.804	361.74
710.209	403.64
710.615	401.31
711.021	382.69
711.426	450.21
711.832	359.41
712.237	385.02
712.642	405.97
713.048	326.81
713.453	440.89
713.858	440.89
714.263	403.64
714.668	408.3
715.073	433.91
715.478	357.08
715.883	394.33
716.288	426.92
716.693	429.25
717.097	412.96
717.502	394.33
717.906	412.96
718.311	354.75
718.715	410.63
719.12	385.02
719.524	385.02
719.928	436.24
720.333	364.06
720.737	350.1
721.141	385.02
721.545	426.92
721.949	424.6
722.353	438.56
722.757	380.36
723.16	394.33
723.564	387.35
723.968	389.67
724.371	401.31
724.775	471.16
725.178	385.02
725.582	394.33
725.985	336.13
726.388	415.28
726.792	385.02
727.195	450.21
727.598	385.02
728.001	429.25
728.404	440.89
728.807	408.3
729.21	422.27
729.612	408.3
730.015	405.97
730.418	408.3
730.82	354.75
731.223	375.7
731.625	354.75
732.028	408.3
732.43	405.97
732.833	382.69
733.235	394.33
733.637	364.06
734.039	461.85
734.441	403.64
734.843	387.35
735.245	380.36
735.647	438.56
736.049	431.58
736.451	482.8
736.852	375.7
737.254	382.69
737.655	350.1
738.057	440.89
738.458	443.22
738.86	347.77
739.261	480.47
739.662	417.61
740.064	417.61
740.465	426.92
740.866	408.3
741.267	417.61
741.668	438.56
742.069	415.28
742.469	405.97
742.87	350.1
743.271	345.44
743.672	424.6
744.072	329.14
744.473	459.52
744.873	371.05
745.274	401.31
745.674	366.39
746.074	412.96
746.474	394.33
746.875	373.38
747.275	331.47
747.675	445.55
748.075	417.61
748.474	394.33
748.874	443.22
749.274	366.39
749.674	364.06
750.073	373.38
750.473	398.99
750.873	366.39
751.272	403.64
751.671	415.28
752.071	433.91
752.47	429.25
752.869	352.42
753.268	366.39
753.668	385.02
754.067	450.21
754.466	429.25
754.864	368.72
755.263	440.89
755.662	412.96
756.061	454.86
756.459	396.66
756.858	426.92
757.257	417.61
757.655	375.7
758.053	359.41
758.452	357.08
758.85	368.72
759.248	368.72
759.646	440.89
760.045	403.64
760.443	394.33
760.841	352.42
761.238	412.96
761.636	496.77
762.034	417.61
762.432	394.33
762.829	387.35
763.227	385.02
763.625	389.67
764.022	382.69
764.419	422.27
764.817	431.58
765.214	436.24
765.611	405.97
766.008	410.63
766.406	352.42
766.803	375.7
767.199	508.41
767.596	417.61
767.993	447.88
768.39	392
768.787	343.11
769.183	389.67
769.58	387.35
769.977	364.06
770.373	373.38
770.769	419.94
771.166	364.06
771.562	371.05
771.958	368.72
772.354	387.35
772.75	387.35
773.146	513.07
773.542	378.03
773.938	361.74
774.334	426.92
774.73	385.02
775.126	429.25
775.521	380.36
775.917	359.41
776.312	354.75
776.708	366.39
777.103	415.28
777.499	494.44
777.894	436.24
778.289	461.85
778.684	417.61
779.079	426.92
779.474	359.41
779.869	447.88
780.264	464.17
780.659	359.41
781.054	368.72
781.448	422.27
781.843	461.85
782.238	475.81
782.632	375.7
783.027	436.24
783.421	380.36
783.815	380.36
784.21	401.31
784.604	343.11
784.998	410.63
785.392	415.28
785.786	364.06
786.18	419.94
786.574	424.6
786.968	336.13
787.361	380.36
787.755	401.31
788.149	373.38
788.542	398.99
788.936	410.63
789.329	438.56
789.722	415.28
790.116	378.03
790.509	419.94
790.902	359.41
791.295	354.75
791.688	440.89
792.081	333.8
792.474	415.28
792.867	380.36
793.26	485.13
793.653	426.92
794.045	378.03
794.438	389.67
794.83	401.31
795.223	392
795.615	466.5
796.008	482.8
796.4	396.66
796.792	419.94
797.184	429.25
797.576	410.63
797.968	364.06
798.36	338.45
798.752	359.41
799.144	382.69
799.536	326.81
799.928	378.03
800.319	366.39
800.711	366.39
801.102	452.53
801.494	387.35
801.885	464.17
802.276	422.27
802.668	422.27
803.059	333.8
803.45	398.99
803.841	461.85
804.232	398.99
804.623	426.92
805.014	415.28
805.405	317.5
805.795	361.74
806.186	415.28
806.577	345.44
806.967	431.58
807.358	359.41
807.748	447.88
808.139	496.77
808.529	401.31
808.919	375.7
809.309	375.7
809.699	392
810.089	417.61
810.479	387.35
810.869	417.61
811.259	417.61
811.649	364.06
812.039	415.28
812.428	389.67
812.818	438.56
813.207	429.25
813.597	410.63
813.986	380.36
814.376	466.5
814.765	382.69
815.154	317.5
815.543	443.22
815.932	410.63
816.321	382.69
816.71	326.81
817.099	368.72
817.488	412.96
817.877	382.69
818.265	345.44
818.654	405.97
819.043	408.3
819.431	482.8
819.819	364.06
820.208	378.03
820.596	394.33
820.984	382.69
821.372	345.44
821.761	359.41
822.149	380.36
822.537	361.74
822.924	373.38
823.312	392
823.7	361.74
824.088	387.35
824.475	401.31
824.863	410.63
825.251	387.35
825.638	405.97
826.025	440.89
826.413	429.25
826.8	396.66
827.187	389.67
827.574	417.61
827.961	371.05
828.348	368.72
828.735	431.58
829.122	433.91
829.509	354.75
829.896	312.84
830.282	398.99
830.669	352.42
831.055	426.92
831.442	378.03
831.828	445.55
832.215	447.88
832.601	480.47
832.987	373.38
833.373	371.05
833.759	382.69
834.145	396.66
834.531	375.7
834.917	433.91
835.303	392
835.689	396.66
836.074	343.11
836.46	394.33
836.846	403.64
837.231	396.66
837.617	319.83
838.002	387.35
838.387	324.49
838.772	385.02
839.158	408.3
839.543	431.58
839.928	394.33
840.313	354.75
840.698	398.99
841.082	429.25
841.467	417.61
841.852	343.11
842.237	396.66
842.621	368.72
843.006	433.91
843.39	415.28
843.774	415.28
844.159	398.99
844.543	403.64
844.927	347.77
845.311	380.36
845.695	440.89
846.079	401.31
846.463	389.67
846.847	385.02
847.231	410.63
847.615	394.33
847.998	378.03
848.382	354.75
848.765	352.42
849.149	368.72
849.532	394.33
849.916	398.99
850.299	364.06
850.682	387.35
851.065	357.08
851.448	422.27
851.831	364.06
852.214	429.25
852.597	357.08
852.98	417.61
853.363	426.92
853.745	336.13
854.128	382.69
854.51	357.08
854.893	401.31
855.275	392
855.658	401.31
856.04	378.03
856.422	380.36
856.804	419.94
857.186	471.16
857.568	354.75
857.95	329.14
858.332	354.75
858.714	405.97
859.096	380.36
859.477	396.66
859.859	319.83
860.24	368.72
860.622	329.14
861.003	392
861.385	398.99
861.766	408.3
862.147	329.14
862.528	380.36
862.909	443.22
863.29	410.63
863.671	364.06
864.052	338.45
864.433	405.97
864.814	408.3
865.194	457.19
865.575	438.56
865.955	361.74
866.336	347.77
866.716	424.6
867.097	322.16
867.477	405.97
867.857	405.97
868.237	445.55
868.617	412.96
868.997	352.42
869.377	366.39
869.757	440.89
870.137	415.28
870.517	412.96
870.896	410.63
871.276	403.64
871.655	403.64
872.035	352.42
872.414	454.86
872.794	424.6
873.173	464.17
873.552	403.64
873.931	387.35
874.31	382.69
874.689	412.96
875.068	424.6
875.447	347.77
875.826	371.05
876.205	466.5
876.583	385.02
876.962	343.11
877.341	487.46
877.719	368.72
878.097	364.06
878.476	394.33
878.854	447.88
879.232	412.96
879.61	371.05
879.988	419.94
880.366	454.86
880.744	452.53
881.122	361.74
881.5	457.19
881.878	368.72
882.255	401.31
882.633	408.3
883.011	345.44
883.388	382.69
883.765	347.77
884.143	396.66
884.52	368.72
884.897	419.94
885.274	382.69
885.651	431.58
886.028	436.24
886.405	371.05
886.782	457.19
887.159	405.97
887.536	394.33
887.912	443.22
888.289	373.38
888.665	359.41
889.042	403.64
889.418	371.05
889.794	426.92
890.171	373.38
890.547	426.92
890.923	445.55
891.299	424.6
891.675	373.38
892.051	396.66
892.427	471.16
892.803	378.03
893.178	412.96
893.554	350.1
893.929	417.61
894.305	408.3
894.68	389.67
895.056	450.21
895.431	496.77
895.806	368.72
896.181	368.72
896.557	396.66
896.932	380.36
897.307	389.67
897.681	371.05
898.056	366.39
898.431	440.89
898.806	410.63
899.18	401.31
899.555	443.22
899.929	398.99
900.304	375.7
900.678	373.38
901.052	424.6
901.427	426.92
901.801	364.06
902.175	366.39
902.549	387.35
902.923	357.08
903.297	396.66
903.67	424.6
904.044	310.52
904.418	371.05
904.791	445.55
905.165	450.21
905.538	385.02
905.912	301.2
906.285	433.91
906.658	331.47
907.032	389.67
907.405	412.96
907.778	454.86
908.151	426.92
908.524	431.58
908.896	443.22
909.269	347.77
909.642	480.47
910.015	354.75
910.387	315.17
910.76	431.58
911.132	496.77
911.504	473.49
911.877	373.38
912.249	475.81
912.621	394.33
912.993	375.7
913.365	345.44
913.737	433.91
914.109	452.53
914.481	389.67
914.853	417.61
915.224	331.47
915.596	380.36
915.968	440.89
916.339	373.38
916.71	401.31
917.082	375.7
917.453	378.03
917.824	389.67
918.195	368.72
918.566	378.03
918.937	389.67
919.308	338.45
919.679	429.25
920.05	347.77
920.421	385.02
920.791	359.41
921.162	375.7
921.532	401.31
921.903	408.3
922.273	324.49
922.644	482.8
923.014	366.39
923.384	326.81
923.754	392
924.124	275.59
924.494	322.16
924.864	445.55
925.234	392
925.604	312.84
925.973	408.3
926.343	408.3
926.712	382.69
927.082	373.38
927.451	398.99
927.821	387.35
928.19	415.28
928.559	419.94
928.928	387.35
929.297	457.19
929.666	366.39
930.035	366.39
930.404	331.47
930.773	408.3
931.142	396.66
931.51	371.05
931.879	398.99
932.247	389.67
932.616	396.66
932.984	426.92
933.353	396.66
933.721	382.69
934.089	382.69
934.457	361.74
934.825	378.03
935.193	352.42
935.561	364.06
935.929	443.22
936.296	368.72
936.664	464.17
937.032	382.69
937.399	359.41
937.767	385.02
938.134	343.11
938.501	359.41
938.869	433.91
939.236	426.92
939.603	357.08
939.97	438.56
940.337	431.58
940.704	366.39
941.071	392
941.438	478.14
941.804	378.03
942.171	398.99
942.538	431.58
942.904	443.22
943.27	408.3
943.637	417.61
944.003	447.88
944.369	385.02
944.735	371.05
945.102	340.78
945.468	373.38
945.833	443.22
946.199	398.99
946.565	392
946.931	352.42
947.296	392
947.662	361.74
948.028	331.47
948.393	405.97
948.758	401.31
949.124	457.19
949.489	438.56
949.854	398.99
950.219	408.3
950.584	354.75
950.949	419.94
951.314	429.25
951.679	359.41
952.044	396.66
952.408	396.66
952.773	419.94
953.137	405.97
953.502	412.96
953.866	431.58
954.231	403.64
954.595	373.38
954.959	329.14
955.323	389.67
955.687	389.67
956.051	357.08
956.415	415.28
956.779	361.74
957.143	443.22
957.506	415.28
957.87	398.99
958.234	408.3
958.597	429.25
958.961	417.61
959.324	333.8
959.687	350.1
960.05	322.16
960.413	396.66
960.776	405.97
961.139	354.75
961.502	408.3
961.865	459.52
962.228	352.42
962.591	347.77
962.953	438.56
963.316	378.03
963.678	454.86
964.041	382.69
964.403	478.14
964.765	392
965.128	380.36
965.49	345.44
965.852	373.38
966.214	412.96
966.576	312.84
966.938	438.56
967.299	419.94
967.661	443.22
968.023	385.02
968.384	366.39
968.746	382.69
969.107	378.03
969.469	394.33
969.83	426.92
970.191	417.61
970.552	340.78
970.913	403.64
971.274	403.64
971.635	433.91
971.996	345.44
972.357	315.17
972.718	426.92
973.078	361.74
973.439	357.08
973.8	382.69
974.16	359.41
974.52	368.72
974.881	382.69
975.241	440.89
975.601	392
975.961	459.52
976.321	385.02
976.681	387.35
977.041	436.24
977.401	392
977.76	352.42
978.12	385.02
978.48	464.17
978.839	331.47
979.199	359.41
979.558	392
979.917	440.89
980.277	415.28
980.636	422.27
980.995	389.67
981.354	368.72
981.713	361.74
982.072	412.96
982.43	380.36
982.789	438.56
983.148	389.67
983.506	415.28
983.865	394.33
984.223	419.94
984.582	340.78
984.94	396.66
985.298	403.64
985.656	394.33
986.015	443.22
986.373	398.99
986.731	394.33
987.088	343.11
987.446	287.24
987.804	380.36
988.162	326.81
988.519	450.21
988.877	424.6
989.234	466.5
989.591	387.35
989.949	405.97
990.306	375.7
990.663	398.99
991.02	368.72
991.377	403.64
991.734	394.33
992.091	389.67
992.448	401.31
992.805	398.99
993.161	394.33
993.518	426.92
993.874	401.31
994.231	405.97
994.587	401.31
994.943	459.52
995.3	447.88
995.656	322.16
996.012	371.05
996.368	424.6
996.724	394.33
997.08	345.44
997.435	426.92
997.791	401.31
998.147	366.39
998.502	431.58
998.858	336.13
999.213	373.38
999.569	387.35
999.924	385.02
1000.279	431.58
1000.634	387.35
1000.989	405.97
1001.344	482.8
1001.699	408.3
1002.054	371.05
1002.409	417.61
1002.764	412.96
1003.118	443.22
1003.473	415.28
1003.827	378.03
1004.182	443.22
1004.536	408.3
1004.89	380.36
1005.245	347.77
1005.599	375.7
1005.953	366.39
1006.307	350.1
1006.661	382.69
1007.015	394.33
1007.368	343.11
1007.722	385.02
1008.076	338.45
1008.429	382.69
1008.783	417.61
1009.136	359.41
1009.489	459.52
1009.843	357.08
1010.196	336.13
1010.549	387.35
1010.902	394.33
1011.255	440.89
1011.608	408.3
1011.961	419.94
1012.313	357.08
1012.666	412.96
1013.019	333.8
1013.371	359.41
1013.724	405.97
1014.076	352.42
1014.428	403.64
1014.781	438.56
1015.133	329.14
1015.485	357.08
1015.837	354.75
1016.189	426.92
1016.541	387.35
1016.893	417.61
1017.244	347.77
1017.596	359.41
1017.947	452.53
1018.299	371.05
1018.65	345.44
1019.002	468.83
1019.353	366.39
1019.704	385.02
1020.055	410.63
1020.407	368.72
1020.758	454.86
1021.108	389.67
1021.459	361.74
1021.81	457.19
1022.161	445.55
1022.511	405.97
1022.862	405.97
1023.213	485.13
1023.563	438.56
1023.913	396.66
1024.264	426.92
1024.614	352.42
1024.964	405.97
1025.314	392
1025.664	329.14
1026.014	387.35
1026.364	396.66
1026.713	398.99
1027.063	340.78
1027.413	459.52
1027.762	394.33
1028.112	361.74
1028.461	368.72
1028.81	417.61
1029.16	385.02
1029.509	324.49
1029.858	373.38
1030.207	394.33
1030.556	387.35
1030.905	417.61
1031.254	405.97
1031.602	382.69
1031.951	343.11
1032.3	361.74
1032.648	401.31
1032.996	401.31
1033.345	401.31
